PREPRIO 2
0000:   15  337   12   75 2 |  5725  5710  2127  3246
0001:    1  430   62   12 5 |  3777  3776    92  3254
0002:    2  317   15   24 3 |  3870  3868   505  3046
0003:   90  105   89   22 2 |  3045  2955    21  2829
0004:   68  439   23   72 5 |  3600  3532  1326  1767
0005:   69  338   24   48 2 |  5084  5015   606  4071
0006:   68  222   65   16 2 |  4255  4187    44  3921
0007:   55  240   60   49 4 |  3209  3154   123  2791
0008:   12  221   15   72 2 |  4474  4462   915  3326
0009:   90  427   54   19 1 |  6367  6277   159  5691
0010:   66  190   71   83 4 |  2604  2538   109  2239
0011:   65  177   16   83 4 |  2340  2275   999  1099
0012:    9  302   28   55 1 |  6207  6198   554  5342
0013:   28  164   63   69 4 |  2171  2143   147  1832
0014:   73  328   56   26 1 |  6165  6092   182  5582
0015:   21  489   70   82 2 |  6129  6108   688  4931
0016:   59  399   29   53 2 |  5660  5601   767  4435
0017:   64  317   22   54 4 |  3400  3336   626  2393
0018:   97  482   58   22 2 |  5718  5621   114  5025
0019:   72  482   79   23 1 |  6436  6364   151  5731
SUM: 6436 99.53 80.42 4460.60 3627.55 0.311
