LCFS
0000:   43  263   30   58 2 |  4625  4582   347  3972
0001:   53  147   66   69 4 |  3024  2971   188  2636
0002:    4  421   26   79 2 |  6935  6931  1029  5481
0003:   10  401   47   14 4 |  5122  5112   126  4585
0004:  100  198   13   66 4 |  2576  2476   839  1439
0005:   60  473   48  100 1 |  3473  3413   920  2020
0006:   56  381   56   33 3 |  2578  2522   274  1867
0007:    7  369   32   70 3 |  6676  6669  1037  5263
0008:   16  202   55   36 3 |  3654  3638    92  3344
0009:   99  477   11   53 1 |  6236  6137  1802  3858
0010:   88  185   62   61 1 |   880   792   168   439
0011:   28  262   78   51 3 |  1510  1482   151  1069
0012:   11  116   71   35 3 |  3924  3913    48  3749
0013:   35  404   41   81 4 |  5278  5243   671  4168
0014:    2  428   99   79 4 |  5893  5891   277  5186
0015:   16  422   97   95 2 |  4272  4256   435  3399
0016:    0  157   63   38 2 |  2802  2802    90  2555
0017:   25  344   35   64 2 |  2482  2457   632  1481
0018:   91  335   70  100 4 |  1391  1300   525   440
0019:   95  417   38   94 4 |  2398  2303   828  1058
SUM: 6935 92.31 81.33 3744.50 2900.45 0.288
