LCFS
0000:   93  340   61   95 2 |  2645  2552   552  1660
0001:    7  294   31   81 4 |  6826  6819   552  5973
0002:   69  440   80   12 2 |  3535  3466    92  2934
0003:   99  257   49   51 4 |  1250  1151   158   736
0004:   40  408   76   96 4 |  6210  6170   542  5220
0005:   64  227   85   21 1 |   625   561    79   255
0006:   56  320   49   14 3 |  5066  5010    90  4600
0007:   58  353   98   38 3 |  3824  3766   128  3285
0008:   59  137   62   80 3 |  3256  3197    77  2983
0009:   28  487   60   50 1 |  5745  5717   372  4858
0010:   92  469   63   72 1 |  1500  1408   466   473
0011:   29  378   72  100 3 |  5978  5949   663  4908
0012:   35  253   59   96 3 |  1226  1191   371   567
0013:   30  285   89   14 4 |  4313  4283    37  3961
0014:   60  256   43   96 4 |  4421  4361   645  3460
0015:   97  222   20   24 2 |  2672  2575   227  2126
0016:   74  233   65   87 2 |  2627  2553   299  2021
0017:   10  364   83   89 2 |  5863  5853   294  5195
0018:    7  315   51   95 4 |  2453  2446   474  1657
0019:   95  340   40   47 4 |  2652  2557   262  1955
SUM: 6826 93.44 67.18 3579.25 2941.35 0.293
