RR 5
0000:   47  289   44   45 2 |  4956  4909   292  4328
0001:   69  454   26   72 4 |  6437  6368  1128  4786
0002:   14  335   23   71 2 |  5959  5945   882  4728
0003:   59  164   11   88 4 |  4439  4380  1167  3049
0004:   16  198   60   33 4 |  3442  3426   111  3117
0005:   29  376   20   31 1 |  6004  5975   486  5113
0006:   82  366   78   44 3 |  5420  5338   102  4870
0007:   92  480   22   45 3 |  6550  6458  1118  4860
0008:    1  448   59   69 3 |  6138  6137   495  5194
0009:   22  376   51   21 1 |  5541  5519   189  4954
0010:   36  138   86   49 1 |  2449  2413    33  2242
0011:    0  385   33   80 3 |  6124  6124   833  4906
0012:   93  306   14   93 3 |  6347  6254  1751  4197
0013:   39  301   73   65 4 |  4906  4867   295  4271
0014:    5  163   97   57 4 |  2771  2766    49  2554
0015:   36  441   75   36 2 |  6059  6023   224  5358
0016:   18  292   31   82 2 |  5289  5271   671  4308
0017:   50  205   37   69 2 |  3899  3849   427  3217
0018:   19  187   91   77 4 |  3230  3211    85  2939
0019:   49  499   36   10 4 |  6222  6173   144  5530
SUM: 6550 97.76 81.66 5070.30 4226.05 0.305
