PREPRIO 2
0000:    2  426   46   65 2 |  6018  6016   607  4983
0001:   70  358   16   83 5 |  3502  3432  1689  1385
0002:    5  289   45   90 3 |  4360  4355   402  3664
0003:   50  184   53   23 2 |  4202  4152    60  3908
0004:   19  159   62   13 5 |  1540  1521    39  1323
0005:   54  356   80   84 2 |  5729  5675   384  4935
0006:   62  414   44   25 2 |  5808  5746   222  5110
0007:   27  474   38   59 4 |  4809  4782   630  3678
0008:   36  320   80   98 2 |  5484  5448   466  4662
0009:   13  232   48   14 1 |  5966  5953    84  5637
0010:   97  416   47   75 4 |  4587  4490   671  3403
0011:   93  201   69   98 4 |  2901  2808   226  2381
0012:   42  280   26   37 1 |  6251  6209   431  5498
0013:   13  270   39   33 4 |  3089  3076   242  2564
0014:    5  435   55   88 1 |  6843  6838   863  5540
0015:   75  443   92   31 2 |  5962  5887   143  5301
0016:   22  217   53   65 2 |  4520  4498   116  4165
0017:   48  416   19   15 4 |  3783  3735   321  2998
0018:   72  174   72   20 2 |  4044  3972    45  3753
0019:   80  485   54   32 1 |  6498  6418   234  5699
SUM: 6843 95.70 71.61 4750.55 4029.35 0.292
