RR 5
0000:   72  329   40   26 2 |  5024  4952   195  4428
0001:   31  349   65   86 4 |  5194  5163   420  4394
0002:   43  110   11   66 2 |  3094  3051   678  2263
0003:   58  148   93   68 4 |  2789  2731    85  2498
0004:   22  442   28   57 4 |  5560  5538   756  4340
0005:   96  335   75   72 1 |  5231  5135   452  4348
0006:   64  134   20   11 3 |  2678  2614    57  2423
0007:   24  482   82   24 3 |  5390  5366   126  4758
0008:   87  288   76   32 3 |  4574  4487   116  4083
0009:    5  239   89   54 1 |  3822  3817   179  3399
0010:   62  142   75   11 1 |  2750  2688    43  2503
0011:   52  238   40   47 3 |  4638  4586   542  3806
0012:   45  283   61   43 3 |  4475  4430   174  3973
0013:   28  324   70   20 4 |  4850  4822    93  4405
0014:   24  343   86   99 4 |  5033  5009   293  4373
0015:   15  252   37   62 2 |  4201  4186   267  3667
0016:   36  381   92   74 2 |  5253  5217   278  4558
0017:   60  375   92   40 2 |  5204  5144   139  4630
0018:   98  130   42   27 4 |  2754  2656   125  2401
0019:   35  100   91   93 4 |  1933  1898   114  1684
SUM: 5560 97.55 62.72 4174.50 3646.70 0.360
