SRTF
0000:   58  210   83   13 2 |   744   686    29   447
0001:   84  396   81   14 4 |  3030  2946    85  2465
0002:   57  475   27   51 2 |  6569  6512   858  5179
0003:    9  396   60   79 4 |  3874  3865   590  2879
0004:   67  492   70   76 4 |  5594  5527   539  4496
0005:    6  147  100   93 1 |   374   368   132    89
0006:  100  279   48   78 3 |  1997  1897   394  1224
0007:   70  155   12   24 3 |  1410  1340   337   848
0008:   61  159   50   47 3 |   550   489   137   193
0009:   28  281   86   87 1 |  1941  1913   228  1404
0010:   27  467   92   97 1 |  4267  4240   302  3471
0011:   93  425   88   85 3 |  5093  5000   506  4069
0012:   72  351   68   29 3 |  2737  2665   135  2179
0013:   98  412   19   95 4 |  6591  6493  1913  4168
0014:   64  430   11   15 4 |  6435  6371   544  5397
0015:   12  212   50   34 2 |  1234  1222   123   887
0016:   92  210   49   80 2 |  1358  1266   288   768
0017:   39  118   25   17 2 |   385   346    66   162
0018:   22  292   59   48 4 |  2336  2314   181  1841
0019:   23  414   93   94 4 |  4062  4039   538  3087
SUM: 6591 95.90 74.92 2974.95 2262.65 0.303
