PRIO 5
0000:   30  167   79   65 3 |  2444  2414    47  2200
0001:   30  496   54   65 2 |  4985  4955   480  3979
0002:   95  131   13   22 1 |  3745  3650   249  3270
0003:   68  269   34   52 3 |  2966  2898   326  2303
0004:   84  197   59   12 2 |  3455  3371    31  3143
0005:   47  125   42   31 3 |  1875  1828    68  1635
0006:   70  252   10   12 3 |   968   898   280   366
0007:   33  278   31   33 1 |  4980  4947   257  4412
0008:   40  307   17   53 3 |  3080  3040   799  1934
0009:   95  119   21   19 3 |  1273  1178   123   936
0010:   48  340   21   59 1 |  5433  5385   979  4066
0011:   45  169   70   33 1 |  4411  4366    90  4107
0012:    9  239   62   78 2 |  3877  3868   409  3220
0013:   49  269   77   52 1 |  5021  4972   129  4574
0014:   51  329   87   22 3 |  3663  3612    92  3191
0015:   42  443   93   73 2 |  4893  4851   243  4165
0016:   76  119   46   38 1 |  3778  3702    89  3494
0017:   94  355   26   99 1 |  5556  5462  1354  3753
0018:   80  456   99   57 3 |  4191  4111   292  3363
0019:   50  120   78   10 2 |  2304  2254    33  2101
SUM: 5556 93.23 70.72 3588.10 3010.60 0.360
