PRIO 2
0000:   66  466   70   32 2 |  5395  5329   246  4617
0001:   83  334   73   53 4 |  4131  4048   246  3468
0002:   89  311   14   68 2 |  5305  5216  1279  3626
0003:   72  186   89   31 4 |  2636  2564    13  2365
0004:   78  135   49   43 4 |  1771  1693   160  1398
0005:   35  423   81   95 1 |  5769  5734   338  4973
0006:   22  267   94   42 3 |  4261  4239    83  3889
0007:   78  298   16   57 3 |  4267  4189  1215  2676
0008:   26  113   55   60 3 |  2153  2127    66  1948
0009:   50  116   26   50 1 |  4695  4645   186  4343
0010:   51  118   38   92 1 |  4710  4659   211  4330
0011:   99  173   63   17 3 |  3090  2991   100  2718
0012:   29  239   93   25 3 |  3948  3919    80  3600
0013:   46  449   59   21 4 |  4478  4432   148  3835
0014:    1  430   19   48 4 |  4281  4280  1027  2823
0015:   95  232   22   87 2 |  4893  4798  1052  3514
0016:   32  485   65   70 2 |  5604  5572   585  4502
0017:   46  153   88   40 2 |  3847  3801    68  3580
0018:   79  491   24   85 4 |  5092  5013  1711  2811
0019:   33  218   57   10 4 |  2769  2736    15  2503
SUM: 5769 97.71 80.74 4099.25 3375.95 0.347
