FCFS
0000:   81  433   97   52 2 |  4538  4457   211  3813
0001:   91  182   80   26 4 |  3323  3232    45  3005
0002:   32  149   96   92 2 |  1895  1863   127  1587
0003:   51  376   93   60 4 |  4601  4550   180  3994
0004:   88  212   63   51 4 |  4375  4287   239  3836
0005:    6  337   62   62 1 |  5033  5027   308  4382
0006:   52  385   76   30 3 |  4707  4655   127  4143
0007:   87  366   47   76 3 |  5421  5334   530  4438
0008:   14  425   27   14 3 |  5651  5637   240  4972
0009:   96  280   93   57 1 |  4042  3946   108  3558
0010:    4  408   69   48 1 |  5121  5117   317  4392
0011:   42  123   88   43 3 |  2583  2541    63  2355
0012:   73  448   90   25 3 |  4524  4451   117  3886
0013:   64  142   73   76 4 |  3861  3797   216  3439
0014:    4  341   67   99 4 |  4926  4922   422  4159
0015:   91  144   52   47 2 |  2962  2871    93  2634
0016:    0  201   81   41 2 |  2439  2439    79  2159
0017:   74  268   35   84 2 |  5320  5246   767  4211
0018:   49  481   10   39 4 |  7119  7070  1619  4970
0019:   58  232   97   13 4 |  2696  2638    28  2378
SUM: 7119 83.34 66.15 4204.00 3615.55 0.281
