PREPRIO 4
0000:   74  421   71   26 2 |  5613  5539   223  4895
0001:   30  379   95   47 4 |  4391  4361   234  3748
0002:   56  338   81   79 2 |  5459  5403   362  4703
0003:   21  133   84   30 4 |  2178  2157    24  2000
0004:   54  162   80   89 4 |  2026  1972    60  1750
0005:    4  121   31   55 1 |  4828  4824   122  4581
0006:   85  387   19   74 3 |  4459  4374  1415  2572
0007:   94  461   17   52 3 |  4942  4848  1187  3200
0008:   75  456   20   26 3 |  4742  4667   495  3716
0009:   19  220   83   43 1 |  5579  5560    58  5282
0010:   92  265   15   53 1 |  5844  5752   742  4745
0011:   35  176   35   62 3 |  2831  2796   307  2313
0012:   36  326   47   78 3 |  4720  4684   533  3825
0013:   69  140   37   42 4 |  1654  1585   156  1289
0014:   13  412   88   66 4 |  4548  4535   307  3816
0015:   50  269   24   88 2 |  5346  5296   993  4034
0016:   25  333   85   65 2 |  5369  5344   268  4743
0017:   86  128   92   49 2 |  3419  3333    64  3141
0018:   89  111   87   89 4 |  1600  1511    62  1338
0019:   12  403   70   24 4 |  4569  4557   111  4043
SUM: 5844 96.53 74.35 4154.90 3486.70 0.342
