PRIO 2
0000:   11  363   84   20 2 |  6752  6741   128  6250
0001:   49  417   69   65 4 |  5078  5029   351  4261
0002:   52  474   51   51 2 |  7134  7082   480  6128
0003:   12  487   45   66 4 |  5566  5554   720  4347
0004:    7  417   81   54 4 |  5293  5286   295  4574
0005:   23  124   51   98 1 |  5917  5894   286  5484
0006:   74  295   75   56 3 |  4925  4851   243  4313
0007:   79  471   61   90 3 |  6658  6579   702  5406
0008:   41  422   54   71 3 |  6292  6251   662  5167
0009:   54  342   87   19 1 |  7280  7226    82  6802
0010:   23  353   44   83 1 |  7388  7365   547  6465
0011:    2  496   89   79 3 |  6721  6719   466  5757
0012:   30  454   14   33 3 |  5854  5824  1024  4346
0013:   80  454   83   97 4 |  5761  5681   481  4746
0014:   63  110   46   72 4 |  1625  1562   226  1226
0015:   61  220   97   39 2 |  5612  5551    74  5257
0016:   64  371   46   27 2 |  6763  6699   264  6064
0017:   55  499   23   25 2 |  7035  6980   612  5869
0018:   71  415   74   11 4 |  5261  5190    32  4743
0019:   54  121   44   14 4 |  1576  1522    35  1366
SUM: 7388 98.88 66.59 5679.30 4928.55 0.271
