PREPRIO 4
0000:   71  473   81   79 2 |  5241  5170   696  4001
0001:   61  338   74   41 4 |  3312  3251   159  2754
0002:   85  444   52   57 2 |  5160  5075   468  4163
0003:   25  111   76   26 4 |  1661  1636    18  1507
0004:   27  272   73   72 4 |  2929  2902   198  2432
0005:   96  230   36   41 1 |  4908  4812   312  4270
0006:   89  476   11   91 3 |  5400  5311  3411  1424
0007:    6  308   15  100 3 |  3830  3824  1685  1831
0008:   91  374   53   73 3 |  4277  4186   484  3328
0009:   91  193   66   50 1 |  4823  4732   134  4405
0010:   65  163   22   33 1 |  4449  4384   253  3968
0011:   70  153   76   83 3 |  2336  2266   333  1780
0012:   58  132   49   24 3 |  2125  2067    36  1899
0013:   45  121   14   67 4 |  1406  1361   761   479
0014:   62  128   80   21 4 |  1532  1470    64  1278
0015:   56  281   65   10 2 |  4295  4239    51  3907
0016:   87  225   32   40 2 |  3883  3796   211  3360
0017:   80  447   11   62 2 |  5476  5396  2109  2840
0018:   39  158   75   46 4 |  1968  1929    66  1705
0019:   50  159   30   74 4 |  1807  1757   202  1396
SUM: 5476 94.70 92.20 3478.20 2636.35 0.365
