PREPRIO 4
0000:   57  147   34   50 2 |  3649  3592   233  3212
0001:   95  425   52   98 4 |  4811  4716  1078  3213
0002:   25  360   98   25 2 |  5435  5410    81  4969
0003:   65  112   23   61 4 |  1148  1083   216   755
0004:   33  399   84   82 4 |  4526  4493    99  3995
0005:   70  122   20   59 1 |  4859  4789   261  4406
0006:   79  367   72   51 3 |  4881  4802   163  4272
0007:   70  227   16   84 3 |  3388  3318  1228  1863
0008:   15  183   70   49 3 |  2864  2849   155  2511
0009:   54  471   77   95 1 |  6261  6207   708  5028
0010:   66  209   20   10 1 |  5448  5382    93  5080
0011:   16  157   60   89 3 |  3277  3261   256  2848
0012:   63  268   41   13 3 |  4031  3968    85  3615
0013:   86  389   57   46 4 |  4290  4204   318  3497
0014:   48  274   27   49 4 |  2475  2427   437  1716
0015:   95  362   97   68 2 |  5438  5343   277  4704
0016:   52  438   12   89 2 |  6472  6420  2678  3304
0017:   39  347   99   82 2 |  5442  5403   242  4814
0018:   83  321   66   71 4 |  4045  3962   449  3192
0019:   37  284   61   39 4 |  3195  3158   172  2702
SUM: 6472 90.57 82.35 4239.35 3484.80 0.309
