RR 5
0000:   90  324   86   66 2 |  5241  5151    79  4748
0001:   12  322   93   82 4 |  5054  5042   218  4502
0002:   62  297   76   98 2 |  4960  4898   168  4433
0003:   15  433   14   99 4 |  7548  7533  3081  4019
0004:   89  250   23   45 4 |  5066  4977   450  4277
0005:   32  428   70   94 1 |  6163  6131   623  5080
0006:   43  336   65   21 3 |  5254  5211    76  4799
0007:   45  421   79   23 3 |  5846  5801   132  5248
0008:   81  452   45   79 3 |  6263  6182   606  5124
0009:   13  498   26   85 1 |  6859  6846  1723  4625
0010:   75  222   81   52 1 |  3927  3852   201  3429
0011:   50  468   16   52 3 |  6781  6731  1504  4759
0012:   20  369   29   46 3 |  5954  5934   694  4871
0013:   30  361   80   21 4 |  5451  5421    96  4964
0014:   52  193   93   42 4 |  3300  3248    42  3013
0015:   39  303   10   74 2 |  6585  6546  2254  3989
0016:   76  111   71   63 2 |  2349  2273   249  1913
0017:   41  320   73   89 2 |  5389  5348   420  4608
0018:   74  137   98   28 4 |  2452  2378    23  2218
0019:   31  440   17   19 4 |  6261  6230   447  5343
SUM: 7548 88.57 87.15 5286.65 4298.10 0.265
