PRIO 5
0000:   60  230   93   95 3 |  3345  3285   179  2876
0001:    5  415   80   17 2 |  5397  5392    75  4902
0002:   24  237   63   33 1 |  5801  5777   155  5385
0003:   77  440   95   97 3 |  4881  4804   324  4040
0004:   26  370   30   37 2 |  4959  4933   424  4139
0005:   73  435   80   77 3 |  4776  4703   373  3895
0006:   11  102   18   44 3 |  1031  1020   276   642
0007:    4  257   17   23 1 |  5626  5622   303  5062
0008:   52  229   17   93 3 |  2889  2837  1107  1501
0009:    6  326   14   62 3 |  3081  3075  1247  1502
0010:   38  163   28   50 1 |  4981  4943   295  4485
0011:   17  263   38   45 1 |  5865  5848   230  5355
0012:   71  419   51   80 2 |  5675  5604   713  4472
0013:   79  355   41   95 1 |  6320  6241   868  5018
0014:   75  436   13   41 3 |  3663  3588  1479  1673
0015:   69  177   39   89 2 |  3411  3342   205  2960
0016:   38  410   58   66 1 |  6140  6102   365  5327
0017:   70  183   41   27 1 |  5356  5286   101  5002
0018:   82  220   41   72 3 |  2856  2774   311  2243
0019:   61  408   54   27 2 |  5503  5442   181  4853
SUM: 6320 96.12 78.45 4530.90 3766.60 0.316
