LCFS
0000:   57  483   97   67 2 |  4685  4628   342  3803
0001:   25  390   16   67 4 |  6062  6037  1471  4176
0002:   83  261   60   70 2 |  1278  1195   288   646
0003:   50  164   95   89 4 |  4617  4567    45  4358
0004:  100  182   78   27 4 |   539   439    86   171
0005:   88  409   18   20 1 |  2697  2609   467  1733
0006:    3  397   18   44 3 |  7123  7120  1023  5700
0007:    8  206   10   12 3 |  6069  6061   235  5620
0008:   86  379   49   65 3 |  1937  1851   409  1063
0009:   18  416   87   26 1 |  5689  5671   166  5089
0010:   61  318   13   21 1 |  3521  3460   453  2689
0011:   19  108   72   82 3 |  5062  5043    37  4898
0012:    1  193   46   24 3 |   312   311    82    36
0013:   25  494   23   22 4 |  5809  5784   465  4825
0014:   59  168   43   79 4 |  3210  3151   285  2698
0015:   64  416   31   54 2 |  4011  3947   590  2941
0016:   68  389   75   84 2 |  2633  2565   397  1779
0017:   74  332   92   78 2 |  1237  1163   205   626
0018:   24  220   89   13 4 |  4837  4813    36  4557
0019:   71  400   17   20 4 |  4321  4250   458  3392
SUM: 7123 88.80 67.84 3733.25 3040.00 0.281
