PREPRIO 4
0000:   35  209   78   92 2 |  4908  4873   277  4387
0001:   31  206   87   84 4 |  3013  2982   249  2527
0002:   95  228   15   52 2 |  4347  4252   694  3330
0003:    1  401   79   20 4 |  4475  4474   108  3965
0004:   85  209   66   91 4 |  2905  2820   267  2344
0005:   27  149   84   45 1 |  5123  5096   163  4784
0006:   76  333   79   23 3 |  4791  4715   119  4263
0007:    9  264   37   73 3 |  4332  4323   513  3546
0008:   37  399   96   39 3 |  5040  5003   237  4367
0009:   73  485   13   39 1 |  6331  6258  1352  4421
0010:   12  109   80   49 1 |  4901  4889    67  4713
0011:   18  367   77   69 3 |  5005  4987   332  4288
0012:   50  409   89   50 3 |  5109  5059   216  4434
0013:   42  230   81   69 4 |  3363  3321   297  2794
0014:   22  411   27   63 4 |  3801  3779   744  2624
0015:    2  229   82   99 2 |  5041  5039   390  4420
0016:   72  225   16   77 2 |  4805  4733  1282  3226
0017:   37  164   71   51 2 |  4205  4168   146  3858
0018:   21  129   46   72 4 |  1680  1659    96  1434
0019:   31  286   23   14 4 |  2159  2128   165  1677
SUM: 6331 85.96 76.35 4227.90 3570.10 0.316
