SRTF
0000:   97  222   17   11 2 |  1789  1692   151  1319
0001:    0  188   71   93 4 |  1067  1067   474   405
0002:   61  257   78   77 2 |  1785  1724   316  1151
0003:    2  242   94   22 4 |   825   823    52   529
0004:   19  112   27   25 4 |   384   365    84   169
0005:   20  398   15   84 1 |  6988  6968  2065  4505
0006:   18  313   57   24 3 |  2062  2044   107  1624
0007:    7  436   58   79 3 |  5288  5281   485  4360
0008:   48  380   77   41 3 |  4341  4293   230  3683
0009:   57  334   37   77 1 |  3916  3859   769  2756
0010:    9  384   10   45 1 |  6624  6615  1607  4624
0011:    1  115   16   13 3 |   531   530    71   344
0012:   50  326   42   76 3 |  3409  3359   714  2319
0013:   96  185   87   80 4 |   699   603   228   190
0014:   97  250   58   93 4 |  2340  2243   573  1420
0015:   36  365   76   26 2 |  3487  3451   148  2938
0016:   72  344   14   64 2 |  5962  5890  1493  4053
0017:   49  398   73   93 2 |  4550  4501   414  3689
0018:   28  350   86   18 4 |  2837  2809    93  2366
0019:   46  224  100   21 4 |  1122  1076    37   815
SUM: 6988 83.33 82.10 2959.65 2162.95 0.286
