PRIO 2
0000:   45  263   81   12 2 |  4468  4423    18  4142
0001:   58  379   50   20 4 |  3860  3802   198  3225
0002:   43  176   17   25 2 |  3658  3615   208  3231
0003:    2  136   81   45 4 |  1903  1901   119  1646
0004:   51  237   45   13 4 |  2830  2779    59  2483
0005:   22  338   63   82 1 |  5617  5595   448  4809
0006:   72  121   53   45 3 |  2078  2006   127  1758
0007:   66  425   65   50 3 |  4560  4494   283  3786
0008:   15  235   99   11 3 |  3614  3599     7  3357
0009:   84  475  100   23 1 |  5609  5525   150  4900
0010:    3  409   93   60 1 |  5586  5583   222  4952
0011:   86  156   40   41 3 |  2793  2707   133  2418
0012:   25  246   38   84 3 |  3797  3772   465  3061
0013:   77  257   28   50 4 |  2948  2871   472  2142
0014:   12  256  100   86 4 |  3209  3197   148  2793
0015:   22  330   65   52 2 |  4810  4788   238  4220
0016:   94  175   25   93 2 |  3951  3857   449  3233
0017:   32  375   74   68 2 |  4989  4957   371  4211
0018:   78  112   98   38 4 |  1575  1497    33  1352
0019:   10  493   56   96 4 |  4706  4696  1038  3165
SUM: 5617 99.59 59.59 3783.20 3244.20 0.356
