RR 5
0000:   81  449   47   81 2 |  7053  6972   509  6014
0001:   61  145   46   32 4 |  2907  2846    80  2621
0002:   55  162   75   47 2 |  3217  3162    85  2915
0003:   16  496   84   45 4 |  6967  6951   219  6236
0004:    3  283   16   70 4 |  6045  6042  1156  4603
0005:   90  447   98   72 1 |  6831  6741   292  6002
0006:   86  329   64   17 3 |  5562  5476    88  5059
0007:   76  460   58   67 3 |  7100  7024   591  5973
0008:   14  124   38   21 3 |  2312  2298    92  2082
0009:   73  482   55   38 1 |  7088  7015   302  6231
0010:   27  496   55   24 1 |  7071  7044   215  6333
0011:   71  428   71   64 3 |  6839  6768   443  5897
0012:   75  354   23   52 3 |  6668  6593   864  5375
0013:   95  433   90   57 4 |  6861  6766   373  5960
0014:  100  322   87   23 4 |  5367  5267   118  4827
0015:   67  477   82   72 2 |  7103  7036   550  6009
0016:   64  465   69   87 2 |  7155  7091   776  5850
0017:   57  164   94   52 2 |  3169  3112   110  2838
0018:   58  260   59   29 4 |  4548  4490    98  4132
0019:   41  351   85   98 4 |  6004  5963   405  5207
SUM: 7155 99.61 66.48 5732.85 5008.20 0.280
