PREPRIO 4
0000:   86  372   37   47 2 |  6310  6224   456  5396
0001:   69  337   92   62 4 |  4738  4669   155  4177
0002:   20  244   62   96 2 |  5677  5657   360  5053
0003:   52  354   82   81 4 |  4905  4853   397  4102
0004:   55  351   91   93 4 |  4478  4423   672  3400
0005:   77  452   53   86 1 |  7498  7421   911  6058
0006:    7  186   76   19 3 |  3151  3144    66  2892
0007:   44  284   11   19 3 |  2844  2800   439  2077
0008:   46  372   59   55 3 |  5567  5521   360  4789
0009:   79  337   35   90 1 |  7225  7146   747  6062
0010:   38  420   79   30 1 |  7019  6981   161  6400
0011:   49  108   93   85 3 |  2427  2378    57  2213
0012:   84  460   20   16 3 |  5345  5261   362  4439
0013:   86  457   77   22 4 |  5112  5026   119  4450
0014:   37  412   88   96 4 |  5280  5243   697  4134
0015:   88  481   53   98 2 |  6784  6696   705  5510
0016:   66  401   55   42 2 |  6389  6323   272  5650
0017:   54  424   94   46 2 |  6500  6446   227  5795
0018:   47  305   98   59 4 |  4364  4317   269  3743
0019:   58  405   24   48 4 |  4492  4434   798  3231
SUM: 7498 95.52 69.09 5248.15 4478.55 0.267
