PRIO 5
0000:   10  380   84   82 3 |  4459  4449   515  3554
0001:   86  143   91   15 2 |  2896  2810    22  2645
0002:   87  302   90   48 1 |  5723  5636    96  5238
0003:   36  269   97   48 3 |  3611  3575   182  3124
0004:   95  311   56   29 2 |  4802  4707   163  4233
0005:   40  291   78   50 3 |  3794  3754   150  3313
0006:   75  112   63   80 3 |  1683  1608   123  1373
0007:   51  325   50   59 1 |  5917  5866   332  5209
0008:   71  177   73   86 3 |  2510  2439   161  2101
0009:   74  209   68   63 3 |  2771  2697   178  2310
0010:   74  500   28   52 1 |  6461  6387   834  5053
0011:   49  420   19   82 1 |  6565  6516  1595  4501
0012:   28  381   12   33 2 |  4514  4486   920  3185
0013:   45  248   73   48 1 |  5539  5494   216  5030
0014:    8  371   92   67 3 |  4390  4382   379  3632
0015:   40  418   31   11 2 |  5007  4967   125  4424
0016:   29  451   72   84 1 |  6283  6254   704  5099
0017:    3  105   76   22 1 |  4303  4300     1  4194
0018:   50  400   70   84 3 |  4567  4517   533  3584
0019:   24  482   19   43 2 |  5193  5169  1053  3634
SUM: 6565 95.89 70.39 4500.65 3771.80 0.305
