PREPRIO 2
0000:   51  378   45   62 2 |  5735  5684   694  4612
0001:   29  192   34   14 5 |  1747  1718    72  1454
0002:   15  446   90   54 3 |  5165  5150   245  4459
0003:   39  152   19   69 2 |  3654  3615   782  2681
0004:   57  357   91   64 5 |  3380  3323   167  2799
0005:   64  244   71   44 2 |  4808  4744   117  4383
0006:   69  439   98   85 2 |  6046  5977   537  5001
0007:   68  494   58   68 4 |  4782  4714   428  3792
0008:   53  468   80   72 2 |  6045  5992   349  5175
0009:   98  131   96   93 1 |  5000  4902    75  4696
0010:   48  177   44   27 4 |  2147  2099   126  1796
0011:   71  166   17   86 4 |  2260  2189   658  1365
0012:   95  435   99   99 1 |  6465  6370   337  5598
0013:   84  316   28   33 4 |  3540  3456   390  2750
0014:   16  303   35   52 1 |  6172  6156   329  5524
0015:   99  278   36   50 2 |  4984  4885   315  4292
0016:   11  409   72   50 2 |  5754  5743   339  4995
0017:   56  400   58   15 4 |  4135  4079   114  3565
0018:   25  231   12   21 2 |  3905  3880   283  3366
0019:    0  374   38   65 1 |  6547  6547   759  5414
SUM: 6547 97.60 67.68 4561.15 3885.85 0.305
