PREPRIO 4
0000:    2  340   12   50 2 |  5375  5373  1411  3622
0001:   59  492   52   67 4 |  4771  4712   513  3707
0002:   49  252   14   22 2 |  4538  4489   328  3909
0003:   38  148   70   65 4 |  2455  2417   155  2114
0004:   22  264   50   94 4 |  3264  3242   764  2214
0005:   81  151   77   72 1 |  5154  5073    91  4831
0006:   81  294   62   40 3 |  4445  4364   156  3914
0007:   84  220   18   95 3 |  3777  3693  1085  2388
0008:   25  379   76   92 3 |  5091  5066   534  4153
0009:   23  152   42   35 1 |  5099  5076    75  4849
0010:   65  247   74   69 1 |  5477  5412   153  5012
0011:   14  221   16   26 3 |  2744  2730   347  2162
0012:   90  198   53   53 3 |  3379  3289   227  2864
0013:   61  444   28   57 4 |  4260  4199   848  2907
0014:   70  216   72   20 4 |  3123  3053    60  2777
0015:   22  136   18   99 2 |  3279  3257   706  2415
0016:   58  369   96   84 2 |  5376  5318   270  4679
0017:   88  499   12   52 2 |  6117  6029  2111  3419
0018:    1  363   25   77 4 |  3727  3726   954  2409
0019:   97  173   33   27 4 |  2119  2022   167  1682
SUM: 6117 90.86 88.87 4127.00 3301.35 0.327
