FCFS
0000:   63  212   38   14 2 |  4568  4505    50  4243
0001:   80  229   98   92 4 |  4317  4237   337  3671
0002:   93  295   58   42 2 |  4909  4816   229  4292
0003:   69  273   98   34 4 |  3438  3369   131  2965
0004:   51  162   33   60 4 |  5388  5337   391  4784
0005:   98  328   75   48 1 |  4734  4636   228  4080
0006:   62  278   31   36 3 |  5549  5487   336  4873
0007:   20  222   81   62 3 |  2580  2560   154  2184
0008:   36  413   10   85 3 |  8163  8127  2979  4735
0009:   11  263   99   83 1 |  4150  4139   245  3631
0010:   79  274  100   12 1 |  3381  3302    34  2994
0011:   90  204   46   74 3 |  4086  3996   246  3546
0012:    3  295   88   94 3 |  3187  3184   270  2619
0013:    5  448   62   24 4 |  5356  5351   180  4723
0014:   71  365   19   57 4 |  6404  6333   988  4980
0015:   54  387   49   64 2 |  5532  5478   501  4590
0016:   36  305   45   27 2 |  5130  5094   183  4606
0017:   91  393   64   38 2 |  5488  5397   299  4705
0018:   23  373   67   83 4 |  4197  4174   225  3576
0019:   33  381   90   79 4 |  3347  3314   270  2663
SUM: 8163 74.73 72.28 4641.80 3923.00 0.245
