PREPRIO 2
0000:   85  448   55   99 2 |  6191  6106   900  4758
0001:   42  286   35   91 5 |  3101  3059   924  1849
0002:   77  138   42   34 3 |  2378  2301    86  2077
0003:   53  306   30   26 2 |  4986  4933   392  4235
0004:   51  308   34   61 5 |  2888  2837   581  1948
0005:   26  465   35   36 2 |  5929  5903   469  4969
0006:   73  169   96   47 2 |  3865  3792    81  3542
0007:   25  153   57   14 4 |  1899  1874    35  1686
0008:   25  414   71   48 2 |  5793  5768   266  5088
0009:   26  181   41   39 1 |  5428  5402   182  5039
0010:    1  336   53   52 4 |  3494  3493   368  2789
0011:   71  453   47   88 4 |  4743  4672  1008  3211
0012:   29  436   47   26 1 |  6351  6322   226  5660
0013:   92  179   10   50 4 |  2114  2022   937   906
0014:   10  351   22   82 1 |  6754  6744  1330  5063
0015:   38  158   42   22 2 |  3579  3541    82  3301
0016:   74  375   39   22 2 |  5351  5277   146  4756
0017:   86  419   43   49 4 |  4160  4074   543  3112
0018:   41  495   17   18 2 |  5914  5873   487  4891
0019:    8  315   89   46 1 |  6162  6154   139  5700
SUM: 6754 94.54 76.16 4507.35 3729.00 0.296
