RR 2
0000:    8  264   26   34 2 |  4290  4282   247  3771
0001:   28  428   90   33 4 |  5067  5039   184  4427
0002:   50  290   49   84 2 |  4851  4801   609  3902
0003:    3  269   40   26 4 |  4284  4281   244  3768
0004:   17  348   62   67 4 |  5006  4989   560  4081
0005:   34  202   89   30 1 |  3443  3409    33  3174
0006:   52  129   84   69 3 |  2567  2515   197  2189
0007:   73  257   70   57 3 |  4283  4210   205  3748
0008:   92  390   63   79 3 |  5066  4974   374  4210
0009:   21  375   33   61 1 |  5109  5088   701  4012
0010:   83  280   76   25 1 |  4358  4275    80  3915
0011:   96  353   49   35 3 |  4965  4869   350  4166
0012:   99  234   25   77 3 |  4442  4343   676  3433
0013:   82  131   61   22 4 |  2514  2432    47  2254
0014:   51  253   10   37 4 |  4795  4744   983  3508
0015:   90  128   14   75 2 |  3169  3079   653  2298
0016:   88  114   99   70 2 |  2218  2130    30  1986
0017:   58  289   42   77 2 |  4695  4637   580  3768
0018:   60  148   70   82 4 |  2870  2810   218  2444
0019:   23  199   40   37 4 |  3523  3500   178  3123
SUM: 5109 99.45 73.85 4020.35 3408.85 0.391
