RR 5
0000:   57  156   15   67 2 |  3671  3614   482  2976
0001:   94  345   98   27 4 |  5272  5178   117  4716
0002:   92  208   36   48 2 |  4357  4265   324  3733
0003:   12  342   86   54 4 |  5122  5110   103  4665
0004:   21  277   99   98 4 |  4574  4553   169  4107
0005:   10  284   41   28 1 |  4831  4821   212  4325
0006:   50  159   14   66 3 |  4249  4199   788  3252
0007:   43  352   75   91 3 |  5390  5347   367  4628
0008:   84  110   77   52 3 |  2070  1986    35  1841
0009:   11  498   84   33 1 |  5909  5898   247  5153
0010:    4  272   79   12 1 |  4332  4328    16  4040
0011:   14  201   51   34 3 |  3661  3647   121  3325
0012:   28  409   86   88 3 |  5701  5673   478  4786
0013:   59  480   99   96 4 |  6107  6048   712  4856
0014:   11  256   75   47 4 |  4369  4358   111  3991
0015:   79  162   71   11 2 |  2954  2875    25  2688
0016:    9  246   19   86 2 |  5128  5119   919  3954
0017:   60  380   28   78 2 |  5906  5846   990  4476
0018:   80  369   69   88 4 |  5600  5520   407  4744
0019:   11  413   26   29 4 |  5827  5816   489  4914
SUM: 6107 96.92 70.48 4710.05 4058.50 0.327
