PRIO 5
0000:   82  293   60   78 3 |  3938  3856   432  3131
0001:   56  119   86   90 2 |  2519  2463   154  2190
0002:    6  449   48   44 1 |  6031  6025   443  5133
0003:   79  300   86   30 3 |  3806  3727    88  3339
0004:   72  462   84   81 2 |  5591  5519   445  4612
0005:   40  141   17   81 3 |  1678  1638   474  1023
0006:    5  282   22   56 3 |  3001  2996   734  1980
0007:    6  211   40   22 1 |  5310  5304   125  4968
0008:   26  457   94   50 3 |  4783  4757   274  4026
0009:   54  406   38   41 3 |  4392  4338   415  3517
0010:   81  312   34   72 1 |  5874  5793   576  4905
0011:   22  260   23   61 1 |  5601  5579   598  4721
0012:   45  208   89   14 2 |  3905  3860    42  3610
0013:   21  498   74   96 1 |  6363  6342   702  5142
0014:   49  321   89  100 3 |  4093  4044   278  3445
0015:   11  362   98   34 2 |  5232  5221   115  4744
0016:   17  111   37   46 1 |  4214  4197   141  3945
0017:   53  244   64   99 1 |  5749  5696   477  4975
0018:   55  436   31   92 3 |  4925  4870  1248  3186
0019:   63  284   18   44 2 |  4327  4264   635  3345
SUM: 6363 96.75 75.91 4524.45 3796.85 0.314
