SRTF
0000:   67  233   53   35 2 |  1933  1866   119  1514
0001:   11  337   44   63 4 |  3409  3398   329  2732
0002:   94  184   43   21 2 |  1247  1153    72   897
0003:   97  175   29   60 4 |  1153  1056   318   563
0004:    3  135   80   69 4 |   264   261    94    32
0005:   60  432   95   90 1 |  4664  4604   402  3770
0006:   91  422   80   15 3 |  4968  4877    85  4370
0007:   80  472   58   76 3 |  6293  6213   643  5098
0008:   51  181   92   91 3 |   839   788   278   329
0009:    3  434   46   70 1 |  6254  6251   681  5136
0010:   26  234   22   20 1 |  2030  2004   188  1582
0011:   32  152   26   96 3 |  1252  1220   679   389
0012:   51  371   88   18 3 |  2715  2664    42  2251
0013:   97  332   72   78 4 |  3034  2937   368  2237
0014:   63  209   75   30 4 |   937   874    51   614
0015:   97  157   51   48 2 |   532   435   153   125
0016:   24  372   68   29 2 |  3601  3577   142  3063
0017:   27  419   38   93 2 |  5632  5605   885  4301
0018:   18  415   86   74 4 |  4128  4110   352  3343
0019:   30  307   86   26 4 |  1926  1896    75  1514
SUM: 6293 94.91 64.36 2789.45 2193.00 0.318
