PRIO 5
0000:   38  404   60   77 3 |  4615  4577   588  3585
0001:   24  146   90   73 2 |  3199  3175    66  2963
0002:   27  299   45   74 1 |  5915  5888   346  5243
0003:   53  280   86   25 3 |  3657  3604    73  3251
0004:   28  218   60   72 2 |  4321  4293   218  3857
0005:   60  455   63   54 3 |  4924  4864   291  4118
0006:   83  378   17   59 3 |  3320  3237  1255  1604
0007:   84  397   12   26 1 |  6301  6217   735  5085
0008:   68  372   66   49 3 |  4214  4146   344  3430
0009:   45  268   75   45 3 |  3720  3675   163  3244
0010:    5  324   61   73 1 |  5985  5980   352  5304
0011:   55  406   29   42 1 |  6356  6301   758  5137
0012:   88  476   23   18 2 |  5194  5106   387  4243
0013:   76  173   11   54 1 |  4903  4827   619  4035
0014:   29  103   43   16 3 |  1382  1353    35  1215
0015:    8  241   43   49 2 |  4164  4156   384  3531
0016:   92  464   14   37 1 |  6576  6484  1023  4997
0017:   45  378   90   81 1 |  6230  6185   335  5472
0018:   98  322   75   17 3 |  4043  3945    71  3552
0019:   46  260   91   42 2 |  4848  4802   119  4423
SUM: 6576 96.78 72.38 4640.75 3914.45 0.304
