RR 5
0000:   96  298   93   99 2 |  5044  4948   320  4330
0001:   99  485   74   73 4 |  6092  5993   481  5027
0002:   86  412   61   88 2 |  5920  5834   510  4912
0003:   76  204   96   56 4 |  3592  3516    78  3234
0004:   86  249   33  100 4 |  4785  4699   660  3790
0005:   85  434   69   48 1 |  5868  5783   155  5194
0006:   16  395   57   47 3 |  5722  5706   364  4947
0007:   32  214   20   93 3 |  5083  5051  1226  3611
0008:   85  184   99   57 3 |  3458  3373   110  3079
0009:   31  309   52   36 1 |  4954  4923   147  4467
0010:    4  124   54   74 1 |  2050  2046   121  1801
0011:   16  313   28   44 3 |  5413  5397   435  4649
0012:   38  393   89   63 3 |  5785  5747   400  4954
0013:   99  355   32   84 4 |  6062  5963   929  4679
0014:  100  315   33   43 4 |  5613  5513   516  4682
0015:   58  285   23   38 2 |  5207  5149   341  4523
0016:   11  397   97   40 2 |  5603  5592   130  5065
0017:   81  153   57   12 2 |  2950  2869    45  2671
0018:   99  415   66   77 4 |  6088  5989   658  4916
0019:   99  122   36   38 4 |  2421  2322    48  2152
SUM: 6092 99.41 72.42 4820.65 4134.15 0.328
