RR 2
0000:   74  455   88   75 2 |  6138  6064   234  5375
0001:    9  201   20   58 4 |  4223  4214   617  3396
0002:   80  402   63   22 2 |  5887  5807    71  5334
0003:   63  186   30   29 4 |  3597  3534   167  3181
0004:   38  118   42   20 4 |  2246  2208    49  2041
0005:   80  430   23   86 1 |  6534  6454  1448  4576
0006:   15  477   67   71 3 |  6288  6273   536  5260
0007:    6  240   32   71 3 |  4688  4682   624  3818
0008:   66  366   66   30 3 |  5717  5651   177  5108
0009:   60  291   97   16 1 |  4968  4908    48  4569
0010:   35  358   94   46 1 |  5573  5538   127  5053
0011:   72  225   72   24 3 |  4116  4044    59  3760
0012:    0  288   76   24 3 |  4821  4821    83  4450
0013:   32  402   48   15 4 |  5912  5880    98  5380
0014:   43  194   47   79 4 |  3804  3761   235  3332
0015:   12  452   24   88 2 |  6605  6593  1551  4590
0016:    2  488   52   26 2 |  6268  6266   324  5454
0017:   18  280   68   24 2 |  4909  4891   149  4462
0018:   97  265   12   65 4 |  5807  5710  1445  4000
0019:   50  275   62   95 4 |  5009  4959   382  4302
SUM: 6605 96.79 77.55 5112.90 4372.05 0.303
