PRIO 5
0000:    6  255   48   34 3 |  3126  3120   141  2724
0001:   58  153   14   17 2 |  1905  1847   197  1497
0002:   52  436   44   30 1 |  6126  6074   272  5366
0003:   77  421   43   51 3 |  4136  4059   467  3171
0004:   10  362   96   72 2 |  5086  5076   294  4420
0005:   62  178   14   79 3 |  2217  2155  1064   913
0006:   10  286   74   23 3 |  3325  3315    70  2959
0007:    3  168   66   77 1 |  4837  4834    80  4586
0008:   12  322   34   88 3 |  3565  3553   754  2477
0009:   51  145   19   88 3 |  2002  1951   672  1134
0010:   53  348   50   39 1 |  5808  5755   257  5150
0011:   30  282   42   97 1 |  5893  5863   700  4881
0012:   24  304   59   34 2 |  4446  4422   200  3918
0013:   86  466   70   52 1 |  6256  6170   376  5328
0014:   55  216   85   57 3 |  2989  2934    42  2676
0015:   95  484   69   58 2 |  5419  5324   419  4421
0016:   15  201   94   35 1 |  5204  5189   163  4825
0017:   53  496   49   25 1 |  6206  6153   228  5429
0018:   59  408   33   57 3 |  4084  4025   863  2754
0019:   40  294   61   65 2 |  4602  4562   200  4068
SUM: 6256 99.50 67.46 4319.05 3634.85 0.320
