SRTF
0000:   85  322   88   45 2 |  2485  2400   170  1908
0001:   18  102   31   42 4 |   399   381    88   191
0002:   10  238   89   23 2 |   665   655    26   391
0003:   49  260   56   14 4 |  1828  1779   103  1416
0004:   85  436   66   29 4 |  3399  3314   202  2676
0005:   37  254   24   69 1 |  2509  2472   574  1644
0006:   82  177   62   28 3 |  1036   954    84   693
0007:   26  443   59   52 3 |  5000  4974   362  4169
0008:   14  229  100   70 3 |  1348  1334   109   996
0009:   76  322   21   82 1 |  4574  4498  1289  2887
0010:   78  193   84   42 1 |  1188  1110   100   817
0011:   42  275   30   39 3 |  2418  2376   310  1791
0012:   82  157   84   12 3 |   551   469    15   297
0013:   21  410   35   48 4 |  4008  3987   477  3100
0014:   94  438   42   51 4 |  4470  4376   321  3617
0015:   73  142   82   14 2 |   425   352    31   179
0016:   40  446   40   96 2 |  6905  6865  1380  5039
0017:   95  497   58   90 2 |  5935  5840   644  4699
0018:    0  454   71   99 4 |  5616  5616   764  4398
0019:   71  213   11   40 4 |  3279  3208   859  2136
SUM: 6905 87.01 74.58 2848.00 2152.20 0.290
