RR 5
0000:   59  326   89   30 2 |  4912  4853   106  4421
0001:   31  253   96   40 4 |  4078  4047    56  3738
0002:   98  238   12   54 2 |  5187  5089   836  4015
0003:   29  363   11   90 4 |  6796  6767  3074  3330
0004:   32  336   11   10 4 |  5436  5404   335  4733
0005:   13  201   46   25 1 |  3473  3460    89  3170
0006:   10  120   45   92 3 |  2238  2228   294  1814
0007:   41  325   27   90 3 |  5491  5450  1036  4089
0008:   10  201   17   75 3 |  4489  4479   794  3484
0009:   35  311   35   44 1 |  5010  4975   250  4414
0010:   75  272   52   73 1 |  4740  4665   419  3974
0011:   78  203   79   31 3 |  3660  3582   131  3248
0012:   20  163   88   41 3 |  2907  2887    96  2628
0013:   47  248   33   70 4 |  4533  4486   468  3770
0014:   61  442   85   18 4 |  5435  5374    85  4847
0015:   62  493   34   82 2 |  6356  6294  1345  4456
0016:  100  346   80   55 2 |  5237  5137   250  4541
0017:   43  190   71   13 2 |  3226  3183    48  2945
0018:   88  331   58   99 4 |  5288  5200   640  4229
0019:   70  359   93   64 4 |  5131  5061   162  4540
SUM: 6796 84.18 84.80 4631.05 3819.30 0.294
