LCFS
0000:   12  107   46   31 2 |  5472  5460    44  5309
0001:   85  365   94   10 4 |  1202  1117    37   715
0002:   97  255   52   71 2 |  1250  1153   236   662
0003:   60  227   42   44 4 |  4097  4037   236  3574
0004:   68  269   30   58 4 |  2929  2861   382  2210
0005:   37  244   43   35 1 |  5204  5167   293  4630
0006:   24  344   24   74 3 |  6167  6143   833  4966
0007:   52  284   38   80 3 |  5004  4952   522  4146
0008:   22  319   46   85 3 |  5888  5866   652  4895
0009:   85  409   20   55 1 |  4578  4493  1124  2960
0010:   68  281   61   39 1 |  2040  1972   248  1443
0011:   59  360   75   20 3 |  3486  3427   132  2935
0012:   84  132   72   30 3 |  1500  1416    43  1241
0013:    4  242   26   70 4 |  5451  5447   746  4459
0014:   54  465   56   83 4 |  3991  3937   500  2972
0015:    5  236   97   23 2 |   356   351    33    82
0016:   85  389   30   32 2 |  2225  2140   432  1319
0017:   24  106   34   61 2 |  4463  4439    99  4234
0018:   97  242   53   58 4 |  1769  1672   353  1077
0019:   52  486   80   40 4 |  3770  3718   148  3084
SUM: 6167 93.43 71.90 3488.40 2845.65 0.324
