SRTF
0000:   14  136   28   68 2 |   601   587   293   158
0001:   79  283   70   80 4 |  1985  1906   479  1144
0002:   10  300   15   33 2 |  4232  4222   765  3157
0003:   73  128   88   89 4 |   302   229    38    63
0004:    1  160   36   62 4 |   708   707   228   319
0005:   21  490   23   62 1 |  6459  6438  1057  4891
0006:   79  152   34   98 3 |  1511  1432   523   757
0007:   10  416   38   92 3 |  5808  5798  1026  4356
0008:    6  348   89   23 3 |  2959  2953   121  2484
0009:   89  430   96   64 1 |  4473  4384   339  3615
0010:   71  153   20   97 1 |  1589  1518   599   766
0011:   32  260   72   23 3 |  1192  1160    54   846
0012:   37  475   52   22 3 |  5228  5191   222  4494
0013:   29  358   57   95 4 |  4348  4319   600  3361
0014:   37  496   20   51 4 |  6760  6723  1131  5096
0015:    4  318   32   78 2 |  3288  3284   811  2155
0016:    6  253   86   71 2 |   787   781   215   313
0017:   14  380   71   12 2 |  3439  3425    60  2985
0018:   34  292   90   96 4 |  2068  2034   377  1365
0019:   71  307   20   24 4 |  3042  2971   423  2241
SUM: 6760 90.75 80.65 3003.10 2228.30 0.296
