FCFS
0000:  100  402   76   19 2 |  4857  4757   113  4242
0001:   31  309   76   69 4 |  2749  2718    98  2311
0002:   17  210   87   14 2 |  1701  1684     9  1465
0003:   40  260   16   18 4 |  5768  5728   310  5158
0004:   73  236   95   92 4 |  1659  1586   107  1243
0005:   45  120   15   73 1 |  5109  5064   515  4429
0006:    2  289   52   59 3 |  4008  4006   158  3559
0007:   27  198   44   27 3 |  3980  3953   142  3613
0008:   20  359   28   82 3 |  5771  5751  1044  4348
0009:   80  208   32   20 1 |  5055  4975   215  4552
0010:   29  223   85   64 1 |  1935  1906    89  1594
0011:   39  426   24   33 3 |  5966  5927   529  4972
0012:   95  397   14   29 3 |  6328  6233   832  5004
0013:   37  239   62   91 4 |  3957  3920   372  3309
0014:   60  243   55   71 4 |  4849  4789   469  4077
0015:   75  229   80   76 2 |  3283  3208   138  2841
0016:   13  434   61   86 2 |  4836  4823   569  3820
0017:   74  492   37   61 2 |  5497  5423   521  4410
0018:   74  321   52   57 4 |  4803  4729   234  4174
0019:   78  422   68   87 4 |  4945  4867   579  3866
SUM: 6328 95.09 72.06 4302.35 3649.35 0.316
