PREPRIO 4
0000:    2  236   82   90 2 |  4892  4890   150  4504
0001:   53  370   65   74 4 |  4292  4239   497  3372
0002:   31  338   19   88 2 |  5887  5856  1681  3837
0003:   55  166   90   53 4 |  2454  2399   194  2039
0004:   30  189   41   31 4 |  2227  2197   141  1867
0005:   87  340   76   69 1 |  6017  5930   271  5319
0006:   81  351   15   24 3 |  3969  3888   512  3025
0007:   34  419   59   25 3 |  4934  4900   135  4346
0008:   63  292   84   58 3 |  4429  4366   114  3960
0009:   30  500   46   21 1 |  6211  6181   246  5435
0010:   26  324   15   12 1 |  5774  5748   242  5182
0011:    1  273   23   88 3 |  4148  4147   866  3008
0012:   13  483   55   64 3 |  5326  5313   587  4243
0013:   43  358   18   29 4 |  2689  2646   508  1780
0014:   78  178  100   90 4 |  2912  2834   222  2434
0015:  100  367   81   58 2 |  5531  5431   245  4819
0016:   28  311   22   31 2 |  5161  5133   382  4440
0017:   64  142   26   23 2 |  3652  3588   143  3303
0018:   16  214   49   62 4 |  3203  3187   385  2588
0019:   41  244   81   67 4 |  3400  3359   184  2931
SUM: 6211 98.13 73.18 4311.60 3621.60 0.322
