LCFS
0000:   33  106   75   85 2 |  5448  5415    54  5255
0001:    4  366   87  100 4 |  2534  2530   611  1553
0002:   13  370   72   83 2 |  6291  6278   270  5638
0003:   98  434   51   31 4 |  2508  2410   283  1693
0004:   54  285   23   10 4 |  3736  3682    96  3301
0005:   38  415   71   76 1 |  6138  6100   438  5247
0006:   16  405   36   47 3 |  6581  6565   482  5678
0007:   72  341   26   56 3 |  4559  4487   742  3404
0008:   62  228   77   72 3 |  4252  4190   174  3788
0009:   49  413   31   21 1 |  5363  5314   247  4654
0010:    1  394   12   66 1 |  9102  9101  2401  6306
0011:   66  394   90   12 3 |  3038  2972    36  2542
0012:   68  286   43   94 3 |  1510  1442   616   540
0013:   85  392   94   63 4 |  2232  2147   105  1650
0014:   71  327   11   88 4 |  7154  7083  2216  4540
0015:    0  434   78   90 2 |  1407  1407   494   479
0016:   41  273   14   61 2 |  3729  3688  1176  2239
0017:   40  382   73   45 2 |  5028  4988   220  4386
0018:   95  322   77   45 4 |  1417  1322   140   860
0019:   64  323   41   37 4 |  4102  4038   220  3495
SUM: 9102 75.70 80.00 4257.95 3362.40 0.220
