FCFS
0000:    6  396   67   52 2 |  4532  4526   209  3921
0001:   68  166   51   95 4 |  2973  2905   180  2559
0002:   99  153   59   58 2 |  2990  2891   133  2605
0003:    8  276   12   77 4 |  6265  6257  1368  4613
0004:   73  430   82   15 4 |  4245  4172    80  3662
0005:   38  129   51   71 1 |  1801  1763   180  1454
0006:   91  255   22   42 3 |  5522  5431   478  4698
0007:   98  329   95   73 3 |  3540  3442   278  2835
0008:   21  205   37   13 3 |  4443  4422    80  4137
0009:   35  477   67   55 1 |  4902  4867   297  4093
0010:   84  317   54   38 1 |  4691  4607   237  4053
0011:   27  370   30   61 3 |  5883  5856   853  4633
0012:    5  101   63   83 3 |  2357  2352   106  2145
0013:   59  243   29   60 4 |  4846  4787   302  4242
0014:   34  255   84   82 4 |  3839  3805   273  3277
0015:   77  468   69  100 2 |  4369  4292   539  3285
0016:    9  178   58   92 2 |  3423  3414   244  2992
0017:   90  113   79  100 2 |  1530  1440   152  1175
0018:   23  441   37   39 4 |  5392  5369   420  4508
0019:   99  490   37   86 4 |  5676  5577   844  4243
SUM: 6265 92.45 73.71 4108.75 3456.50 0.319
