SRTF
0000:   66  466   70   32 2 |  4655  4589   199  3924
0001:   83  334   73   53 4 |  2534  2451   223  1894
0002:   89  311   14   68 2 |  4830  4741  1320  3110
0003:   72  186   89   31 4 |  1225  1153    87   880
0004:   78  135   49   43 4 |   759   681   203   343
0005:   35  423   81   95 1 |  3375  3340   474  2443
0006:   22  267   94   42 3 |  1920  1898   145  1486
0007:   78  298   16   57 3 |  3833  3755   971  2486
0008:   26  113   55   60 3 |   267   241    76    52
0009:   50  116   26   50 1 |   607   557   149   292
0010:   51  118   38   92 1 |   677   626   291   217
0011:   99  173   63   17 3 |   747   648    35   440
0012:   29  239   93   25 3 |  1569  1540    29  1272
0013:   46  449   59   21 4 |  4042  3996   144  3403
0014:    1  430   19   48 4 |  5420  5419  1270  3719
0015:   95  232   22   87 2 |  2855  2760   865  1663
0016:   32  485   65   70 2 |  5495  5463   564  4414
0017:   46  153   88   40 2 |   895   849    34   662
0018:   79  491   24   85 4 |  7329  7250  1976  4783
0019:   33  218   57   10 4 |  1337  1304    39  1047
SUM: 7329 76.91 76.61 2663.05 1926.50 0.273
