PREPRIO 4
0000:   24  217   84   14 2 |  5165  5141    57  4867
0001:   76  199   25   47 4 |  2231  2155   353  1603
0002:   29  459   10   97 2 |  7661  7632  3771  3402
0003:   83  428   48   99 4 |  4974  4891   857  3606
0004:   89  230   61   83 4 |  3049  2960   198  2532
0005:   10  268   73  100 1 |  6414  6404   316  5820
0006:   79  318   54   14 3 |  5062  4983    68  4597
0007:   40  471  100   98 3 |  6016  5976   333  5172
0008:    9  362   28   66 3 |  5083  5074   739  3973
0009:   97  208   41   37 1 |  6149  6052   280  5564
0010:    1  242   42   81 1 |  6287  6286   321  5723
0011:   63  458   74   76 3 |  5842  5779   284  5037
0012:   13  169   21   70 3 |  2596  2583   367  2047
0013:   84  447   66   93 4 |  5129  5045   718  3880
0014:   28  278   16   50 4 |  2901  2873   812  1783
0015:   75  307   76   41 2 |  5905  5830   171  5352
0016:   48  420   95   35 2 |  6225  6177   181  5576
0017:    9  200   26   76 2 |  4460  4451   612  3639
0018:   43  296   93   20 4 |  3883  3840   109  3435
0019:   55  471   22   51 4 |  3986  3931   961  2499
SUM: 7661 84.17 83.33 4903.15 4005.35 0.261
