SRTF
0000:   42  220   61   97 2 |  2452  2410   457  1733
0001:   93  175   83   53 4 |   726   633    90   368
0002:   12  284   64   93 2 |  2645  2633   358  1991
0003:   63  110   27   17 4 |   268   205    59    36
0004:   47  193   25   56 4 |  2171  2124   395  1536
0005:   59  450   53   17 1 |  5154  5095   141  4504
0006:   55  184   92   45 3 |   954   899    64   651
0007:   65  199   88   84 3 |  1263  1198    57   942
0008:   32  205   63   29 3 |  1589  1557    68  1284
0009:   24  342   80   35 1 |  3245  3221   139  2740
0010:   13  446   68   20 1 |  4841  4828   188  4194
0011:   32  159   20   97 3 |  1549  1517   502   856
0012:   69  133   13   28 3 |  1220  1151   315   703
0013:   14  308   77   57 4 |  2906  2892   268  2316
0014:   36  444   39   63 4 |  4976  4940   752  3744
0015:   38  134   29   98 2 |   708   670   455    81
0016:   71  323   19   45 2 |  4318  4247   616  3308
0017:   24  422   68   79 2 |  3976  3952   460  3070
0018:   34  236   58   71 4 |  2105  2071   161  1674
0019:   64  112   13   20 4 |   955   891   252   527
SUM: 5154 98.54 72.49 2356.70 1812.90 0.388
