PRIO 2
0000:   27  242   17   88 2 |  5134  5107  1046  3819
0001:   82  211   99   78 4 |  3210  3128   114  2803
0002:   39  224   83   15 2 |  4992  4953    29  4700
0003:   65  483   12   15 4 |  4012  3947   576  2888
0004:   71  427   15   69 4 |  4809  4738  1839  2472
0005:   73  455   19   65 1 |  6796  6723  1435  4833
0006:   77  266   24   31 3 |  4286  4209   334  3609
0007:   75  172   83   82 3 |  3455  3380   124  3084
0008:   38  459   71   49 3 |  5478  5440   309  4672
0009:   35  255   87   89 1 |  5864  5829   516  5058
0010:   52  290   19   95 1 |  6509  6457  1398  4769
0011:   43  330   85   70 3 |  5042  4999   257  4412
0012:   67  174   65   41 3 |  3523  3456   123  3159
0013:   16  182   53   54 4 |  2644  2628   228  2218
0014:   86  316   34   80 4 |  4163  4077   647  3114
0015:   72  484   45   38 2 |  5799  5727   327  4916
0016:   14  304   91   20 2 |  5312  5298    70  4924
0017:   49  201   98   44 2 |  4835  4786   142  4443
0018:   59  255   52   36 4 |  3518  3459   197  3007
0019:    9  420   53   71 4 |  4786  4777   486  3871
SUM: 6796 90.49 79.12 4655.90 3838.55 0.294
