RR 5
0000:   90  379   55   92 2 |  5915  5825   721  4725
0001:   67  191   54   20 4 |  3610  3543    57  3295
0002:   43  292   51   67 2 |  5038  4995   303  4400
0003:    1  172   30   54 4 |  3234  3233   240  2821
0004:   58  355   36   77 4 |  5786  5728   638  4735
0005:   20  184   78   26 1 |  3287  3267    59  3024
0006:   10  394   94   28 3 |  5504  5494    83  5017
0007:   10  401   97   60 3 |  5630  5620   205  5014
0008:   91  419   29   56 3 |  6140  6049   707  4923
0009:   81  478   20   51 1 |  6530  6449  1198  4773
0010:   15  323   34   44 1 |  5399  5384   357  4704
0011:   20  452   33   27 3 |  6086  6066   332  5282
0012:   23  451   38   27 3 |  6024  6001   318  5232
0013:   84  145   60   62 4 |  2915  2831   175  2511
0014:   43  243   41   76 4 |  4540  4497   383  3871
0015:   51  228   31   49 2 |  4378  4327   342  3757
0016:   82  432   14   46 2 |  6464  6382  1207  4743
0017:   65  267   39   62 2 |  4764  4699   374  4058
0018:   63  179   57   17 4 |  3298  3235    61  2995
0019:   10  324   42   39 4 |  5292  5282   300  4658
SUM: 6530 96.62 70.08 4945.35 4226.90 0.306
