PREPRIO 2
0000:   58  365   92   16 2 |  4982  4924    75  4484
0001:   36  314   39   42 5 |  2884  2848   245  2289
0002:   36  176   70   72 3 |  2941  2905   145  2584
0003:   40  498   21   26 2 |  5527  5487   692  4297
0004:   17  137   25   43 5 |  1511  1494   131  1226
0005:    1  231   36   70 2 |  4126  4125   412  3482
0006:   25  459   62   26 2 |  5341  5316   194  4663
0007:   95  125   10   24 4 |  1271  1176   275   776
0008:   75  116   78   26 2 |  2935  2860    18  2726
0009:   20  259   55   18 1 |  5468  5448    81  5108
0010:   53  224   49   31 4 |  2657  2604   141  2239
0011:   11  392   25   17 4 |  3283  3272   336  2544
0012:   56  123   66   48 1 |  4186  4130    97  3910
0013:   54  201   35   74 4 |  2492  2438   298  1939
0014:    7  335   94   96 1 |  5626  5619   173  5111
0015:   45  353   25   82 2 |  5426  5381  1120  3908
0016:   65  195   11   39 2 |  3459  3394   608  2591
0017:   39  493   84   99 4 |  4606  4567   920  3154
0018:   35  410   54   16 2 |  5165  5130    96  4624
0019:   53  243   12   70 1 |  6006  5953  1531  4179
SUM: 6006 94.06 75.02 3953.55 3291.70 0.333
