FCFS
0000:   49  325   52   96 2 |  4544  4495   664  3506
0001:   10  212   64   27 4 |  2935  2925    22  2691
0002:  100  109   94  100 2 |  2466  2366   144  2113
0003:   76  200   62   31 4 |  3428  3352   105  3047
0004:   93  264   99   33 4 |  2341  2248     9  1975
0005:   64  385   60   88 1 |  4319  4255   615  3255
0006:   51  401   48   95 3 |  4996  4945  1123  3421
0007:   18  102   53   32 3 |  2456  2438    71  2265
0008:   66  248   79   37 3 |  3119  3053    88  2717
0009:   72  299   23   53 1 |  5089  5017   789  3929
0010:  100  266   56   45 1 |  4160  4060   231  3563
0011:   31  445   47   76 3 |  4788  4757   707  3605
0012:   20  196   69   24 3 |  3001  2981    69  2716
0013:   53  338   53   84 4 |  4480  4427   637  3452
0014:   32  269   95   52 4 |  2585  2553   139  2145
0015:    0  398   79   53 2 |  3706  3706   203  3105
0016:   78  111   33   50 2 |  3618  3540   119  3310
0017:    5  297   11   92 2 |  6437  6432  2174  3961
0018:   55  104   74   32 4 |  2526  2471    48  2319
0019:   24  167   49   64 4 |  3030  3006   175  2664
SUM: 6437 79.79 76.82 3651.35 2987.95 0.311
