LCFS
0000:   90  328   37   30 2 |  2371  2281   220  1733
0001:   84  349   53   58 4 |  2102  2018   310  1359
0002:   29  244   41   96 2 |  6456  6427   431  5752
0003:   56  222   79   67 4 |  3404  3348   201  2925
0004:   44  254   88   52 4 |  4516  4472   135  4083
0005:   88  179   69   79 1 |  1427  1339   276   884
0006:   44  488   28   40 3 |  5717  5673   487  4698
0007:    8  307   97   44 3 |  5938  5930   113  5510
0008:    4  398   58   21 3 |  5367  5363   115  4850
0009:   90  424   34   69 1 |  3070  2980   782  1774
0010:   18  391   38   28 1 |  4299  4281   247  3643
0011:   22  476   91   99 3 |  1157  1135   498   161
0012:   96  179   66   48 3 |   549   453    58   216
0013:   44  491   57   94 4 |  5377  5333   543  4299
0014:    8  110   20   69 4 |  6168  6160   378  5672
0015:   66  336   76   46 2 |  3120  3054   198  2520
0016:   75  265   82   18 2 |  2859  2784    62  2457
0017:   44  219   89   18 2 |  3621  3577    82  3276
0018:   67  443   45   98 4 |  2147  2080   644   993
0019:   37  416   21   81 4 |  7734  7697  1629  5652
SUM: 7734 84.29 70.35 3819.25 3122.85 0.259
