PREPRIO 4
0000:   18  205   76   24 2 |  4694  4676    59  4412
0001:   90  314   62   67 4 |  3783  3693   383  2996
0002:    4  307   74   18 2 |  5486  5482    34  5141
0003:   45  475   63   47 4 |  4879  4834   290  4069
0004:   24  101   15   11 4 |   486   462    96   265
0005:   34  170   67   47 1 |  5541  5507   120  5217
0006:   27  168   50   32 3 |  2497  2470   115  2187
0007:   84  372   24   47 3 |  4545  4461   750  3339
0008:   10  482   61   23 3 |  5352  5342   240  4620
0009:   70  281   82   16 1 |  5795  5725    70  5374
0010:   11  256   14   91 1 |  6391  6380  1623  4501
0011:   49  157   48   38 3 |  2765  2716   104  2455
0012:   75  428   76   87 3 |  5446  5371   492  4451
0013:   12  190   34   86 4 |  2352  2340   467  1683
0014:    2  297   70   98 4 |  3769  3767   626  2844
0015:   71  324   61   20 2 |  5484  5413    82  5007
0016:   14  172   18   26 2 |  3673  3659   239  3248
0017:   21  416   93   69 2 |  5766  5745   279  5050
0018:    0  330   54   11 4 |  3846  3846    40  3476
0019:   92  423   64   61 4 |  4330  4238   377  3438
SUM: 6391 91.82 67.70 4306.35 3688.65 0.313
