RR 5
0000:   80  260   33   76 2 |  4728  4648   923  3465
0001:   19  194   78   48 4 |  3391  3372    75  3103
0002:   24  317   87   35 2 |  4415  4391    98  3976
0003:   36  338   71   43 4 |  4622  4586   149  4099
0004:   69  130   28   86 4 |  3152  3083   618  2335
0005:   99  208   87   24 1 |  3687  3588    75  3305
0006:   66  218   77   24 3 |  3759  3693    52  3423
0007:   29  347   30   91 3 |  4928  4899   843  3709
0008:   28  114   54   21 3 |  2074  2046    38  1894
0009:   99  338   65   76 1 |  4919  4820   606  3876
0010:    5  237   86   16 1 |  3617  3612    32  3343
0011:   84  152   44   15 3 |  3040  2956    64  2740
0012:   81  336   48   41 3 |  4755  4674   308  4030
0013:   99  242   53   72 4 |  4271  4172   342  3588
0014:   69  354   15   87 4 |  5454  5385  1694  3337
0015:   18  233   17   12 2 |  4252  4234   187  3814
0016:   20  429   19   64 2 |  5661  5641  1523  3689
0017:   98  199   50   70 2 |  3629  3531   117  3215
0018:   45  293   81   22 4 |  4268  4223    48  3882
0019:   32  184   98   85 4 |  3293  3261   119  2958
SUM: 5661 90.50 74.69 4040.75 3389.05 0.353
