PRIO 2
0000:   41  243   99   37 2 |  4860  4819    89  4487
0001:   84  452   67   11 4 |  4637  4553    66  4035
0002:   95  173   46   47 2 |  4337  4242   192  3877
0003:   11  413   22   43 4 |  4284  4273   739  3121
0004:   97  309   20   98 4 |  3984  3887  1441  2137
0005:   27  297   34   22 1 |  5752  5725   184  5244
0006:   33  343   86   14 3 |  4696  4663    48  4272
0007:   77  400   46   38 3 |  4953  4876   360  4116
0008:   44  170   25   93 3 |  3111  3067   558  2339
0009:   93  490   95   58 1 |  6141  6048   356  5202
0010:   56  285   40   15 1 |  5716  5660   153  5222
0011:   80  186  100   56 3 |  3579  3499    60  3253
0012:   21  211   20   47 3 |  3430  3409   403  2795
0013:    4  249   67   41 4 |  3400  3396   162  2985
0014:   51  320   18   95 4 |  4095  4044  1589  2135
0015:   70  492   89   18 2 |  5660  5590   150  4948
0016:    9  381   46   49 2 |  5380  5371   264  4726
0017:   86  133   66   96 2 |  3826  3740   157  3450
0018:   99  183   64   90 4 |  2767  2668   356  2129
0019:   74  220   85   12 4 |  3068  2994    30  2744
SUM: 6141 96.89 67.33 4326.20 3660.85 0.326
