PREPRIO 2
0000:   46  356   53   61 2 |  5341  5295   335  4604
0001:   78  217   11   10 5 |  1245  1167   207   743
0002:   93  404   97   28 3 |  4925  4832   121  4307
0003:   12  322   29   85 2 |  5399  5387   693  4372
0004:   50  431   30   82 5 |  3852  3802  1003  2368
0005:   99  276   87   40 2 |  4979  4880   115  4489
0006:   49  209   15   35 2 |  4170  4121   496  3416
0007:   24  499   97   57 4 |  4786  4762   338  3925
0008:   40  486   85   51 2 |  5837  5797   250  5061
0009:   32  328   58   19 1 |  5967  5935    89  5518
0010:   93  123  100   28 4 |  1656  1563    43  1397
0011:   49  121   55   18 4 |  1698  1649    37  1491
0012:   31  378   67  100 1 |  6403  6372   678  5316
0013:   14  336   17   99 4 |  4087  4073  1566  2171
0014:   74  230   78   14 1 |  5686  5612    22  5360
0015:   60  119   91   82 2 |  2936  2876   112  2645
0016:   83  255   70   41 2 |  4803  4720   138  4327
0017:   72  329   95   88 4 |  3733  3661   173  3159
0018:   51  490   11   51 2 |  6342  6291  1980  3821
0019:   90  240   98   10 1 |  5758  5668    30  5398
SUM: 6403 96.03 77.74 4423.15 3694.40 0.312
