LCFS
0000:   41  214   13   91 2 |  5461  5420   988  4218
0001:   18  440   33   35 4 |  6017  5999   521  5038
0002:   15  457   99   66 2 |  5443  5428   197  4774
0003:   14  261   40   84 4 |  2602  2588   411  1916
0004:   52  396   53   48 4 |  3638  3586   325  2865
0005:   84  462   40   56 1 |  2647  2563   636  1465
0006:   71  170   11   47 3 |  3531  3460   606  2684
0007:   79  132   44   84 3 |  1869  1790   339  1319
0008:   16  262   73   45 3 |  4973  4957   148  4547
0009:   83  236   43   61 1 |  1926  1843   225  1382
0010:   18  290   92   84 1 |  4558  4540   169  4081
0011:   43  221   42   77 3 |  1202  1159   418   520
0012:   68  451   88   71 3 |  1106  1038   355   232
0013:   26  140   85   86 4 |  4320  4294   143  4011
0014:   85  319   64   25 4 |   846   761   110   332
0015:   54  435   19   15 2 |  5071  5017   350  4232
0016:   40  286   32   12 2 |  4110  4070   126  3658
0017:   75  107   74   89 2 |  1482  1407    25  1275
0018:   47  152   64   77 4 |  3132  3085   193  2740
0019:   52  244   99   67 4 |  2433  2381   110  2027
SUM: 6017 94.32 66.40 3269.30 2665.80 0.332
