PREPRIO 2
0000:   81  300   18   30 2 |  5184  5103   390  4413
0001:  100  293   31   94 5 |  2817  2717   957  1467
0002:   35  476   32   92 3 |  5966  5931  1459  3996
0003:   13  439   93   76 2 |  6216  6203   357  5407
0004:   87  127   12   21 5 |   989   902   203   572
0005:   78  483   98   20 2 |  6253  6175    75  5617
0006:   64  244   26   21 2 |  4628  4564   165  4155
0007:   18  430   77   46 4 |  4265  4247   253  3564
0008:   64  440   91   57 2 |  6254  6190   267  5483
0009:   64  335   87   82 1 |  6693  6629   401  5893
0010:   94  420   37   35 4 |  4145  4051   409  3222
0011:    4  487   88  100 4 |  4982  4978   635  3856
0012:    7  449   89   36 1 |  6798  6791   192  6150
0013:   95  125   89   97 4 |  1717  1622     2  1495
0014:   41  238   19   66 1 |  6504  6463   930  5295
0015:   82  123   23   43 2 |  2931  2849   266  2460
0016:   77  321   44   14 2 |  5311  5234    86  4827
0017:   91  274   15   79 4 |  3100  3009  1323  1412
0018:   88  355   17   84 2 |  6054  5966  1403  4208
0019:   35  443   44   30 1 |  6806  6771   259  6069
SUM: 6806 99.94 77.58 4819.75 3978.05 0.294
