RR 2
0000:   74  187   75   62 2 |  3553  3479   252  3040
0001:   88  363   71   88 4 |  5446  5358   441  4554
0002:   41  492   23   32 2 |  5976  5935   682  4761
0003:   85  160   19   36 4 |  3239  3154   256  2738
0004:   15  456   93   41 4 |  5710  5695   106  5133
0005:   33  107   78   44 1 |  1964  1931    17  1807
0006:   33  422   61   34 3 |  5649  5616   212  4982
0007:   41  128   47   32 3 |  2491  2450    75  2247
0008:   94  179   46   94 3 |  3647  3553   461  2913
0009:   15  363   63   72 1 |  5390  5375   443  4569
0010:   58  354   91   54 1 |  5233  5175   263  4558
0011:   15  468   22   86 3 |  6201  6186  1593  4125
0012:   84  408   57   78 3 |  5773  5689   663  4618
0013:   83  403   56   49 4 |  5674  5591   455  4733
0014:   15  154   89   56 4 |  2773  2758   112  2492
0015:   72  256   17   44 2 |  4553  4481   443  3782
0016:   97  118   24   70 2 |  2701  2604   351  2135
0017:    5  243   60   17 2 |  3836  3831    67  3521
0018:   33  435   68   91 4 |  5800  5767   496  4836
0019:   82  251   37   38 4 |  4275  4193   221  3721
SUM: 6201 95.90 73.21 4441.05 3763.25 0.323
