RR 5
0000:   64  342   30   20 2 |  6143  6079   252  5485
0001:   19  387   65   58 4 |  6239  6220   295  5538
0002:   17  202   65   90 2 |  3804  3787   229  3356
0003:   44  384   93   94 4 |  6226  6182   406  5392
0004:   25  400   89   54 4 |  6230  6205   197  5608
0005:   27  395   47   63 1 |  6452  6425   643  5387
0006:   43  325   32   81 3 |  5990  5947   759  4863
0007:   22  245   96   58 3 |  4379  4357    74  4038
0008:   82  313   71   36 3 |  5490  5408   214  4881
0009:   11  388   94  100 1 |  6056  6045   281  5376
0010:   54  477   67   22 1 |  6439  6385   195  5713
0011:   80  343   65   55 3 |  5975  5895   390  5162
0012:   14  211   70   82 3 |  3987  3973   207  3555
0013:   86  158   75   97 4 |  3195  3109    65  2886
0014:   30  457   56   14 4 |  6411  6381    98  5826
0015:   73  230   78   64 2 |  4353  4280   101  3949
0016:   38  262   59   97 2 |  5149  5111   475  4374
0017:   60  388   14   65 2 |  6923  6863  1695  4780
0018:   59  434   72   94 4 |  6508  6449   447  5568
0019:   25  213   96   89 4 |  4087  4062   217  3632
SUM: 6923 94.67 68.68 5458.15 4768.45 0.289
