FCFS
0000:   32  298   52   52 2 |  5239  5207   362  4547
0001:    0  181   74   55 4 |  3303  3303   179  2943
0002:   36  397   97   12 2 |  4330  4294    45  3852
0003:   21  370   87   44 4 |  3923  3902   108  3424
0004:   27  198   97   36 4 |  2986  2959    76  2685
0005:   28  311   26   84 1 |  5968  5940   920  4709
0006:   80  279   49   96 3 |  5486  5406   568  4559
0007:   90  436   72   24 3 |  5358  5268   121  4711
0008:   22  168   90   62 3 |  3044  3022   150  2704
0009:   79  276   59   95 1 |  5234  5155   484  4395
0010:   44  352   78   15 1 |  5127  5083   105  4626
0011:   22  429   93   67 3 |  5322  5300   372  4499
0012:   32  378   21   88 3 |  6748  6716  1626  4712
0013:   13  190   86   87 4 |  2712  2699   108  2401
0014:    3  189   37   95 4 |  5258  5255   379  4687
0015:   30  287   94   87 2 |  4070  4040   285  3468
0016:   28  313   68   41 2 |  4812  4784   203  4268
0017:   37  142   30   89 2 |  5003  4966   389  4435
0018:   22  341  100   16 4 |  4228  4206    58  3807
0019:   14  290   97   18 4 |  3884  3870    43  3537
SUM: 6748 86.32 67.55 4568.75 3948.45 0.296
