PRIO 5
0000:   36  187   78   93 3 |  2866  2830   100  2543
0001:   50  446   89   50 2 |  5153  5103   317  4340
0002:   33  233   54   85 1 |  5192  5159   451  4475
0003:   65  261   54   86 3 |  3252  3187   319  2607
0004:   15  269   63   95 2 |  4610  4595   406  3920
0005:    3  447   93   13 3 |  4461  4458   103  3908
0006:   98  320   27   11 3 |  3119  3021   115  2586
0007:    3  441   64   13 1 |  5525  5522   107  4974
0008:   91  199   24   75 3 |  2572  2481   593  1689
0009:   66  326   29   52 3 |  3590  3524   533  2665
0010:   62  110   41   22 1 |  4033  3971    45  3816
0011:   60  500   47   47 1 |  5782  5722   526  4696
0012:   82  275   32   42 2 |  4213  4131   307  3549
0013:    9  215   89   64 1 |  5114  5105   216  4674
0014:   98  499   64   80 3 |  4639  4541   604  3438
0015:   58  238   87   74 2 |  4139  4081   212  3631
0016:   63  194   28   21 1 |  4814  4751   151  4406
0017:   21  101   28   80 1 |  3871  3850   208  3541
0018:    7  223   42   95 3 |  3185  3178   650  2305
0019:   87  155   38   35 2 |  2334  2247   170  1922
SUM: 5782 97.53 65.93 4072.85 3484.25 0.346
