PREPRIO 4
0000:    7  328   20   43 2 |  5294  5287   670  4289
0001:   58  298   59   35 4 |  3694  3636   178  3160
0002:   33  118   99   16 2 |  3831  3798    18  3662
0003:   92  487   16   47 4 |  3990  3898  1437  1974
0004:   97  477   23   41 4 |  4465  4368   715  3176
0005:   16  308   45   51 1 |  5878  5862   324  5230
0006:   15  445   80   39 3 |  5198  5183   128  4610
0007:   60  267   84   65 3 |  4512  4452   183  4002
0008:   19  185   82   22 3 |  3484  3465    83  3197
0009:   98  259   54   81 1 |  5846  5748   405  5084
0010:   99  437   81   68 1 |  6105  6006   383  5186
0011:   74  305   43   68 3 |  4435  4361   372  3684
0012:   54  113   35   28 3 |  1726  1672    99  1460
0013:   57  362   21   87 4 |  3738  3681  1916  1403
0014:   75  112   67   44 4 |  1583  1508    12  1384
0015:   45  175   82   99 2 |  4490  4445   220  4050
0016:   59  464   48   54 2 |  5747  5688   506  4718
0017:   29  224   68   15 2 |  4842  4813    78  4511
0018:   20  474   50   33 4 |  4789  4769   283  4012
0019:   36  142   81   22 4 |  2001  1965    30  1793
SUM: 6105 97.95 74.25 4230.25 3529.25 0.328
