PREPRIO 4
0000:   51  156   64   70 2 |  3971  3920   160  3604
0001:   42  465   56   34 4 |  4218  4176   256  3455
0002:   47  164   45   74 2 |  3721  3674   151  3359
0003:   80  296   26   75 4 |  2988  2908   658  1954
0004:   78  164   22   56 4 |  1223  1145   334   647
0005:   81  190   53   86 1 |  5323  5242   392  4660
0006:   61  210   39   60 3 |  3381  3320   246  2864
0007:   50  302   43   42 3 |  4077  4027   332  3393
0008:   29  385   68   81 3 |  4463  4434   412  3637
0009:   70  456   33   13 1 |  5789  5719   207  5056
0010:    1  305   26   42 1 |  5647  5646   438  4903
0011:   32  208   73   60 3 |  3589  3557   144  3205
0012:   87  468   41   90 3 |  5201  5114   939  3707
0013:   84  172   68   99 4 |  2473  2389   363  1854
0014:   26  173   99   49 4 |  2593  2567    89  2305
0015:   61  334   66   38 2 |  5085  5024   146  4544
0016:   53  368   66   73 2 |  5387  5334   641  4325
0017:   40  431   53   98 2 |  5684  5644   893  4320
0018:   64  218   53   80 4 |  2753  2689   239  2232
0019:   10  262   69   64 4 |  3282  3272   180  2830
SUM: 5789 98.93 69.89 3990.05 3342.70 0.345
