RR 2
0000:   14  382   94   71 2 |  5125  5111   321  4408
0001:   32  389   17   99 4 |  6175  6143  2090  3664
0002:   97  321   82   36 2 |  4735  4638   100  4217
0003:   87  468  100   69 4 |  5526  5439   291  4680
0004:   13  162   77   61 4 |  2960  2947   168  2617
0005:   85  158   33   94 1 |  3394  3309   491  2660
0006:   39  182   16   18 3 |  3419  3380   200  2998
0007:   64  219   83   21 3 |  3717  3653    23  3411
0008:   60  114   38   70 3 |  2528  2468   292  2062
0009:    0  324   17  100 1 |  5371  5371  1282  3765
0010:   78  149   52   61 1 |  2928  2850   170  2531
0011:   12  306   73   61 3 |  4546  4534   185  4043
0012:   11  492   46   27 3 |  5564  5553   303  4758
0013:   79  111   62   26 4 |  2160  2081    31  1939
0014:   91  474   49   12 4 |  5530  5439   150  4815
0015:   44  456   39   86 2 |  5769  5725   840  4429
0016:   73  197   82  100 2 |  3773  3700   433  3070
0017:   67  350   69   54 2 |  5045  4978   280  4348
0018:   48  177   82   24 4 |  3192  3144    69  2898
0019:   81  260   61   22 4 |  4258  4177   139  3778
SUM: 6175 92.16 76.00 4232.00 3554.55 0.324
