PRIO 2
0000:   69  261   73   62 2 |  4656  4587   241  4085
0001:   37  436   35   69 4 |  4560  4523   946  3141
0002:   64  228   71   53 2 |  4441  4377   176  3973
0003:   33  180   85   69 4 |  2605  2572   142  2250
0004:   41  407   43   16 4 |  4004  3963   141  3415
0005:   57  424   43   59 1 |  5833  5776   755  4597
0006:   25  234   15   78 3 |  3823  3798  1353  2211
0007:   46  130   97   68 3 |  2398  2352   108  2114
0008:   55  176   24   15 3 |  2723  2668    97  2395
0009:   93  187   79   96 1 |  4927  4834   191  4456
0010:   40  437   54   11 1 |  5400  5360   104  4819
0011:    1  293   10   91 3 |  4602  4601  2589  1719
0012:    4  149   40   99 3 |  2865  2861   497  2215
0013:    5  379   18   82 4 |  4064  4059  1373  2307
0014:   30  178   77   68 4 |  2585  2555   227  2150
0015:   95  284   76   63 2 |  4787  4692   307  4101
0016:   54  426   66   60 2 |  5263  5209   509  4274
0017:    0  204   50   28 2 |  4216  4216    93  3919
0018:   95  274   55   44 4 |  3329  3234   219  2741
0019:   48  214   91   50 4 |  3041  2993    73  2706
SUM: 5833 94.31 84.93 3961.50 3179.40 0.343
