RR 5
0000:   56  417   83   53 2 |  5835  5779   228  5134
0001:   29  248   60   67 4 |  4205  4176   324  3604
0002:   68  430   63   85 2 |  6061  5993   364  5199
0003:   71  363   81   74 4 |  5564  5493   285  4845
0004:   12  174   96   63 4 |  2642  2630   126  2330
0005:   73  141   12   39 1 |  3278  3205   285  2779
0006:   47  221   19   90 3 |  4756  4709   843  3645
0007:   64  179   35   55 3 |  3609  3545   306  3060
0008:   38  104   87   67 3 |  1760  1722    34  1584
0009:   98  473   80   50 1 |  6143  6045   324  5248
0010:   52  416   85   47 1 |  5840  5788   162  5210
0011:   89  415   60   17 3 |  5885  5796   156  5225
0012:   91  313   23   35 3 |  5666  5575   566  4696
0013:   84  124   11   21 4 |  3116  3032   263  2645
0014:   84  205   89   55 4 |  3581  3497    72  3220
0015:   67  403   99   69 2 |  5843  5776   212  5161
0016:   89  475   35   14 2 |  6166  6077   153  5449
0017:   66  479   83   92 2 |  6261  6195   710  5006
0018:   36  382   18   36 4 |  6243  6207   935  4890
0019:   83  249   15   32 4 |  4920  4837   476  4112
SUM: 6261 99.20 69.53 4803.85 4152.10 0.319
