PREPRIO 2
0000:   13  383   25   43 2 |  5788  5775   615  4777
0001:   33  316   61   79 5 |  3029  2996   312  2368
0002:   39  291   60   51 3 |  4372  4333   197  3845
0003:   92  342   67   30 2 |  5530  5438   180  4916
0004:   26  221   12   81 5 |  2285  2259  1517   521
0005:   69  455   90   72 2 |  6075  6006   297  5254
0006:   54  426   86   82 2 |  5968  5914   297  5191
0007:   62  398   21   72 4 |  4186  4124  1657  2069
0008:   79  204   43   71 2 |  4504  4425   501  3720
0009:   13  307   60   65 1 |  6379  6366   497  5562
0010:  100  492   42   48 4 |  4826  4726   458  3776
0011:   17  141   58   44 4 |  1801  1784   165  1478
0012:   19  405   75   91 1 |  6648  6629   481  5743
0013:   61  251   30   21 4 |  2692  2631   102  2278
0014:    8  445   53   95 1 |  6775  6767   767  5555
0015:   83  297   62   17 2 |  5244  5161    89  4775
0016:   77  315   44   83 2 |  5592  5515   529  4671
0017:   76  487   98   86 4 |  4951  4875   550  3838
0018:   85  123   25   62 2 |  3185  3100   398  2579
0019:   25  253   17   50 1 |  6204  6179   819  5107
SUM: 6775 96.71 81.99 4750.15 3901.15 0.295
