PRIO 5
0000:   63  491   84   24 3 |  5563  5500   184  4825
0001:   53  441   21   17 2 |  5636  5583   441  4701
0002:   62  312   94   80 1 |  6257  6195   240  5643
0003:   16  426   90   76 3 |  5581  5565   354  4785
0004:   16  290   17   92 2 |  5328  5312  1326  3696
0005:   85  320   20   20 3 |  2462  2377   240  1817
0006:    2  235   13   33 3 |  1731  1729   622   872
0007:   53  182   71   67 1 |  5890  5837   220  5435
0008:   22  354   53   75 3 |  4592  4570   529  3687
0009:   90  302   71   82 3 |  4350  4260   457  3501
0010:   69  190   41   61 1 |  5808  5739   179  5370
0011:   68  421   45   54 1 |  6533  6465   460  5584
0012:    7  357   20   40 2 |  5161  5154   600  4197
0013:   48  291   82   97 1 |  6158  6110   190  5629
0014:   26  465   53   99 3 |  5415  5389  1000  3924
0015:   67  248   55   24 2 |  5311  5244   121  4875
0016:   89  322   13   70 1 |  6877  6788  1621  4845
0017:   82  161   17   43 1 |  5505  5423   340  4922
0018:   98  367   62   14 3 |  4827  4729    87  4275
0019:    1  303   18   78 2 |  5332  5331  1399  3629
SUM: 6877 94.20 80.75 5165.00 4310.60 0.291
