PRIO 2
0000:   54  418   93   44 2 |  4959  4905   186  4301
0001:   57  235   43   50 4 |  3047  2990   383  2372
0002:   72  185   31   84 2 |  4330  4258   645  3428
0003:   88  466   23   44 4 |  4374  4286   675  3145
0004:   29  186   13   53 4 |  2209  2180   697  1297
0005:    1  144   71   51 1 |  4650  4649   138  4367
0006:    2  112   13   49 3 |  1721  1719   550  1057
0007:   46  299   32   39 3 |  4082  4036   467  3270
0008:   47  127   27   24 3 |  2213  2166   107  1932
0009:   34  499   38   70 1 |  5931  5897   916  4482
0010:   66  459   66   13 1 |  5246  5180    86  4635
0011:   86  121   37   95 3 |  2455  2369   276  1972
0012:   11  227   44   70 3 |  3491  3480   196  3057
0013:   16  428   58   74 4 |  4425  4409   410  3571
0014:   66  476   63   50 4 |  4567  4501   299  3726
0015:   32  123   87   41 2 |  3322  3290   144  3023
0016:   56  185   37   39 2 |  4159  4103   223  3695
0017:   41  101   39   68 2 |  2857  2816   102  2613
0018:   81  365   60   60 4 |  4155  4074   246  3463
0019:   90  316   62   90 4 |  3974  3884   686  2882
SUM: 5931 92.26 68.45 3759.60 3114.40 0.337
