PREPRIO 2
0000:   82  120   36   81 2 |  3555  3473   278  3075
0001:   74  440   35   12 5 |  3977  3903   169  3294
0002:   74  320   97   25 3 |  4878  4804   103  4381
0003:   44  408   61   65 2 |  6242  6198   556  5234
0004:   57  454   73   63 5 |  4496  4439   506  3479
0005:   15  448   26   42 2 |  6302  6287   622  5217
0006:   20  298   32   20 2 |  5379  5359   203  4858
0007:   98  303   68   95 4 |  4296  4198   270  3625
0008:   36  391   33   13 2 |  5824  5788   172  5225
0009:   79  219   88   66 1 |  6161  6082    59  5804
0010:   65  235   43   61 4 |  3203  3138   362  2541
0011:   50  281   43   91 4 |  3869  3819   667  2871
0012:   33  224   47   90 1 |  6291  6258   343  5691
0013:   17  433   16   17 4 |  4126  4109   506  3170
0014:   71  344   45   58 1 |  6586  6515   461  5710
0015:    2  209   17   17 2 |  4377  4375   164  4002
0016:    3  329   89   25 2 |  5684  5681    61  5291
0017:   96  348  100   63 4 |  4537  4441   275  3818
0018:   26  434   19   84 2 |  6564  6538  1646  4458
0019:   94  310   35   90 1 |  6736  6642  1006  5326
SUM: 6736 97.21 74.26 5102.35 4353.50 0.297
