SRTF
0000:   99  319   84   24 2 |  2202  2103    75  1709
0001:   83  191   62   18 4 |   476   393    55   147
0002:   82  317   55   49 2 |  2860  2778   338  2123
0003:   72  261   17   91 4 |  3791  3719  1569  1889
0004:   64  274   17   19 4 |  3059  2995   270  2451
0005:   13  219   79   90 1 |  1135  1122   316   587
0006:   31  409   57   54 3 |  4299  4268   450  3409
0007:   16  437   91   94 3 |  4636  4620   382  3801
0008:    6  379   54   46 3 |  3148  3142   216  2547
0009:   93  428   24   82 1 |  7070  6977  1188  5361
0010:   86  449   53   42 1 |  5833  5747   366  4932
0011:   54  290   99   12 3 |  1344  1290    35   965
0012:   48  476   64  100 3 |  6450  6402   598  5328
0013:   80  202   75   29 4 |   654   574    92   280
0014:   72  438   94   40 4 |  4493  4421   108  3875
0015:   34  118   49   67 2 |   563   529   222   189
0016:   58  305  100   16 2 |  1769  1711    38  1368
0017:   49  480   94   42 2 |  6301  6252   203  5569
0018:   82  393   22   64 4 |  6502  6420  1338  4689
0019:   50  235   46   27 4 |  1291  1241   134   872
SUM: 7070 93.64 71.94 3335.20 2604.55 0.283
