PRIO 5
0000:   87  215   76   78 3 |  2986  2899   205  2479
0001:   42  396   84   18 2 |  5478  5436    71  4969
0002:   71  456   21   81 1 |  6932  6861  1762  4643
0003:    6  449   97   66 3 |  4932  4926   396  4081
0004:   78  272   68   16 2 |  4426  4348    68  4008
0005:   78  299   59   99 3 |  3679  3601   427  2875
0006:   10  214   84   13 3 |  2554  2544    42  2288
0007:   50  425   92   11 1 |  6138  6088    42  5621
0008:   78  498   81   37 3 |  5047  4969   259  4212
0009:   87  260   91   23 3 |  3522  3435    44  3131
0010:   83  255   92   33 1 |  5759  5676   142  5279
0011:   26  288   69   44 1 |  5916  5890   137  5465
0012:   15  424   12   42 2 |  5318  5303  1426  3453
0013:   52  189   71   51 1 |  5529  5477    72  5216
0014:   60  245   51   92 3 |  3128  3068   428  2395
0015:   21  376   75   96 2 |  5410  5389   438  4575
0016:   69  378   92   82 1 |  6248  6179   287  5514
0017:   40  117   69   90 1 |  4254  4214   133  3964
0018:   34  135   20   96 3 |  1808  1774   733   906
0019:   47  487   36   22 2 |  5606  5559   191  4881
SUM: 6932 92.01 70.11 4681.80 3997.75 0.289
