PREPRIO 2
0000:   39  375   51   63 2 |  5402  5363   415  4573
0001:   37  103   29   12 5 |   840   803    56   644
0002:   23  172   50   15 3 |  2573  2550    30  2348
0003:   43  474   42   81 2 |  5991  5948   656  4818
0004:   29  208   67   10 5 |  1993  1964    30  1726
0005:   79  406   81   14 2 |  5526  5447    30  5011
0006:   21  416   20   36 2 |  5652  5631   835  4380
0007:   51  252   93   81 4 |  2938  2887   141  2494
0008:   94  427   66   94 2 |  5953  5859   756  4676
0009:    3  198   36   13 1 |  5270  5267    73  4996
0010:   52  217   39   67 4 |  2508  2456   484  1755
0011:   45  189   90   65 4 |  2376  2331   126  2016
0012:   38  290   71   27 1 |  6027  5989   112  5587
0013:    0  262   31   76 4 |  2853  2853   722  1869
0014:   95  284   59   44 1 |  6011  5916   168  5464
0015:   25  422   53   78 2 |  5766  5741   517  4802
0016:   10  349   53   12 2 |  4885  4875    81  4445
0017:   67  259   63   99 4 |  3022  2955   138  2558
0018:   92  461   29   25 2 |  5718  5626   382  4783
0019:   62  324   44   60 1 |  6201  6139   433  5382
SUM: 6201 98.18 61.23 4330.00 3716.35 0.323
