RR 2
0000:   68  391   68   77 2 |  5629  5561   560  4610
0001:   39  198   13   35 4 |  4023  3984   400  3386
0002:   64  242   55   99 2 |  4507  4443   419  3782
0003:   11  152   79   63 4 |  2890  2879   174  2553
0004:   45  128   57   36 4 |  2496  2451    58  2265
0005:   59  268   34   64 1 |  4785  4726   407  4051
0006:    8  171   91   10 3 |  3043  3035    26  2838
0007:   92  458   73   86 3 |  5715  5623   431  4734
0008:   10  326   68   28 3 |  4998  4988   127  4535
0009:   53  483   49   98 1 |  6099  6046  1148  4415
0010:   48  301   66   82 1 |  5039  4991   403  4287
0011:   66  143   81   29 3 |  2769  2703    44  2516
0012:   44  198   10   23 3 |  4103  4059   412  3449
0013:   27  217   28   56 4 |  4070  4043   272  3554
0014:   53  293   43   51 4 |  4919  4866   269  4304
0015:    6  303   44   53 2 |  4869  4863   239  4321
0016:   57  404   96   98 2 |  5653  5596   478  4714
0017:   50  409   45   26 2 |  5550  5500   288  4803
0018:   51  291   85   29 4 |  4734  4683    72  4320
0019:  100  448   20   11 4 |  5678  5578   253  4877
SUM: 6099 95.49 66.22 4530.90 3915.70 0.328
