RR 5
0000:   68  391   68   77 2 |  5588  5520   472  4657
0001:   39  198   13   35 4 |  4567  4528   549  3781
0002:   64  242   55   99 2 |  4543  4479   401  3836
0003:   11  152   79   63 4 |  2928  2917   180  2585
0004:   45  128   57   36 4 |  2390  2345    63  2154
0005:   59  268   34   64 1 |  4937  4878   404  4206
0006:    8  171   91   10 3 |  2801  2793    15  2607
0007:   92  458   73   86 3 |  5716  5624   380  4786
0008:   10  326   68   28 3 |  5089  5079   207  4546
0009:   53  483   49   98 1 |  6035  5982  1011  4488
0010:   48  301   66   82 1 |  5072  5024   439  4284
0011:   66  143   81   29 3 |  2771  2705    49  2513
0012:   44  198   10   23 3 |  4429  4385   403  3784
0013:   27  217   28   56 4 |  4212  4185   343  3625
0014:   53  293   43   51 4 |  4999  4946   377  4276
0015:    6  303   44   53 2 |  4973  4967   355  4309
0016:   57  404   96   98 2 |  5621  5564   497  4663
0017:   50  409   45   26 2 |  5552  5502   175  4918
0018:   51  291   85   29 4 |  4606  4555    33  4231
0019:  100  448   20   11 4 |  5747  5647   233  4966
SUM: 6035 96.50 66.84 4581.25 3960.75 0.331
