PRIO 2
0000:   85  322   88   45 2 |  5379  5294   198  4774
0001:   18  102   31   42 4 |  1096  1078   140   836
0002:   10  238   89   23 2 |  4947  4937    58  4641
0003:   49  260   56   14 4 |  3105  3056    83  2713
0004:   85  436   66   29 4 |  4701  4616   256  3924
0005:   37  254   24   69 1 |  5906  5869   599  5016
0006:   82  177   62   28 3 |  3061  2979    82  2720
0007:   26  443   59   52 3 |  5228  5202   326  4433
0008:   14  229  100   70 3 |  3877  3863    75  3559
0009:   76  322   21   82 1 |  6353  6277  1107  4848
0010:   78  193   84   42 1 |  5533  5455   174  5088
0011:   42  275   30   39 3 |  4058  4016   349  3392
0012:   82  157   84   12 3 |  2916  2834    13  2664
0013:   21  410   35   48 4 |  4582  4561   538  3613
0014:   94  438   42   51 4 |  4656  4562   622  3502
0015:   73  142   82   14 2 |  3603  3530    31  3357
0016:   40  446   40   96 2 |  6061  6021   952  4623
0017:   95  497   58   90 2 |  6003  5908   736  4675
0018:    0  454   71   99 4 |  4973  4973   727  3792
0019:   71  213   11   40 4 |  2409  2338   839  1286
SUM: 6353 94.57 71.04 4368.45 3672.80 0.315
