LCFS
0000:   50  340   41   56 2 |  4449  4399   436  3623
0001:   86  433   33   69 4 |  3057  2971  1011  1527
0002:   43  127   41   53 2 |  4099  4056   176  3753
0003:   33  163   95   23 4 |  3867  3834    45  3626
0004:    3  293   52   60 4 |  3507  3504   417  2794
0005:   75  347   22   30 1 |  3517  3442   476  2619
0006:   62  403   85   16 3 |  2557  2495    84  2008
0007:   46  221   69   82 3 |   818   772   291   260
0008:   24  203   58   90 3 |  5059  5035   290  4542
0009:   61  142   37   74 1 |  2398  2337   272  1923
0010:   32  247   91   28 1 |  4697  4665   113  4305
0011:   19  485   42   25 3 |  5242  5223   253  4485
0012:   77  144   72   86 3 |   729   652   216   292
0013:    4  355   87   69 4 |  1838  1834   260  1219
0014:   98  155   55   62 4 |  1467  1369   148  1066
0015:   73  409   77   85 2 |  2104  2031   563  1059
0016:   52  234   83   24 2 |  3162  3110   118  2758
0017:   99  108   99   19 2 |   271   172     5    59
0018:   40  212   21   55 4 |  4918  4878   460  4206
0019:   44  122   65   45 4 |  2995  2951    60  2769
SUM: 5242 98.11 70.83 2986.50 2444.65 0.382
