PRIO 5
0000:   57  314   91   98 3 |  4158  4101   189  3598
0001:   95  307   26   48 2 |  5002  4907   612  3988
0002:   82  261   59   20 1 |  5508  5426    93  5072
0003:   24  248   76   42 3 |  3072  3048   136  2664
0004:   70  148   57   96 2 |  3243  3173   296  2729
0005:   91  490   69   62 3 |  5181  5090   363  4237
0006:   15  226   43   80 3 |  2921  2906   250  2430
0007:   26  102   89   56 1 |  4469  4443    46  4295
0008:   27  474   60   87 3 |  5012  4985   512  3999
0009:   78  409   36   71 3 |  4851  4773   691  3673
0010:   81  115   85   30 1 |  4725  4644    16  4513
0011:   26  475   28   95 1 |  6831  6805  1528  4802
0012:   94  317   90   42 2 |  5157  5063    84  4662
0013:   87  300   49   30 1 |  5676  5589   129  5160
0014:    6  292   53   36 3 |  3638  3632   160  3180
0015:   68  322   50   75 2 |  5159  5091   391  4378
0016:   44  417   25   49 1 |  6400  6356   916  5023
0017:    5  346   20   53 1 |  6222  6217  1001  4870
0018:   94  394   85   86 3 |  4782  4688   410  3884
0019:   26  221   30   60 2 |  3546  3520   412  2887
SUM: 6831 90.44 72.23 4722.85 4002.20 0.293
