FCFS
0000:   72  329   40   26 2 |  5315  5243   253  4661
0001:   31  349   65   86 4 |  4308  4277   430  3498
0002:   43  110   11   66 2 |  5252  5209   528  4571
0003:   58  148   93   68 4 |  1183  1125    67   910
0004:   22  442   28   57 4 |  5701  5679   842  4395
0005:   96  335   75   72 1 |  4958  4862   297  4230
0006:   64  134   20   11 3 |  4549  4485    46  4305
0007:   24  482   82   24 3 |  4674  4650   148  4020
0008:   87  288   76   32 3 |  4614  4527   159  4080
0009:    5  239   89   54 1 |  3404  3399   171  2989
0010:   62  142   75   11 1 |  1822  1760    14  1604
0011:   52  238   40   47 3 |  4960  4908   318  4352
0012:   45  283   61   43 3 |  4607  4562   295  3984
0013:   28  324   70   20 4 |  4802  4774   102  4348
0014:   24  343   86   99 4 |  3912  3888   374  3171
0015:   15  252   37   62 2 |  5052  5037   416  4369
0016:   36  381   92   74 2 |  3531  3495   239  2875
0017:   60  375   92   40 2 |  4380  4320   215  3730
0018:   98  130   42   27 4 |  3783  3685    58  3497
0019:   35  100   91   93 4 |   954   919    15   804
SUM: 5701 95.14 63.43 4040.20 3519.65 0.351
