PRIO 2
0000:   60  380   80   68 2 |  6148  6088   514  5194
0001:   87  430   32   62 4 |  4805  4718   785  3503
0002:   91  198   85   15 2 |  4789  4698    25  4475
0003:   19  386   40   18 4 |  4375  4356   176  3794
0004:   15  312   99   86 4 |  4143  4128   264  3552
0005:   37  210   85   78 1 |  6173  6136   162  5764
0006:   54  476   77   69 3 |  5902  5848   496  4876
0007:   69  149   21   31 3 |  2118  2049   353  1547
0008:   35  345   86   36 3 |  5208  5173   162  4666
0009:   23  267   33   15 1 |  6290  6267   183  5817
0010:   36  144   25   92 1 |  5654  5618   395  5079
0011:   79  173   51   87 3 |  3243  3164   235  2756
0012:   69  419   63   21 3 |  5506  5437   104  4914
0013:   25  176   37   82 4 |  2591  2566   500  1890
0014:   86  471   93   24 4 |  5134  5048   104  4473
0015:   54  317   24   78 2 |  5971  5917  1157  4443
0016:   90  368   61   96 2 |  6102  6012   623  5021
0017:    3  485   63   45 2 |  6311  6308   356  5467
0018:   49  300   64   91 4 |  3971  3922   320  3302
0019:    3  293   62   84 4 |  4068  4065   357  3415
SUM: 6311 99.81 67.37 4875.90 4197.40 0.317
