PREPRIO 2
0000:   28  371   10   40 2 |  5411  5383  1188  3824
0001:   18  409   57   29 5 |  3587  3569   259  2901
0002:   95  162   40   40 3 |  2765  2670   185  2323
0003:   65  138   95   38 2 |  3569  3504    16  3350
0004:   52  180   62   27 5 |  1735  1683    75  1428
0005:   45  158   11   17 2 |  3190  3145   239  2748
0006:    7  322   88   77 2 |  5388  5381   353  4706
0007:   86  223   17   70 4 |  2792  2706   837  1646
0008:   56  461   97   89 2 |  5944  5888   643  4784
0009:   25  315   36   91 1 |  6062  6037   481  5241
0010:   68  330   87   44 4 |  3873  3805   229  3246
0011:   36  355   46   69 4 |  4011  3975   690  2930
0012:   64  252   69   24 1 |  5732  5668    41  5375
0013:   34  371   47   86 4 |  4157  4123   636  3116
0014:   66  186   87   90 1 |  5531  5465   159  5120
0015:   14  297   87   69 2 |  5162  5148   271  4580
0016:   22  471  100   91 2 |  5872  5850   478  4901
0017:   82  463   94   58 4 |  4693  4611   340  3808
0018:   10  343   80  100 2 |  5493  5483   315  4825
0019:   62  142   91   98 1 |  5156  5094   172  4780
SUM: 6062 98.14 72.86 4459.40 3781.60 0.330
