RR 2
0000:   49  407   91   95 2 |  6201  6152   298  5447
0001:   36  417   15   69 4 |  6961  6925  1810  4698
0002:   71  327   89   27 2 |  5319  5248    71  4850
0003:   76  158   13   67 4 |  3966  3890   923  2809
0004:    1  179   42   17 4 |  3161  3160    85  2896
0005:    1  167   60   81 1 |  3025  3024   217  2640
0006:   73  267   27   45 3 |  4960  4887   405  4215
0007:   78  464   66   37 3 |  6484  6406   172  5770
0008:   19  209   86   13 3 |  3658  3639    29  3401
0009:   80  439   59   81 1 |  6543  6463   520  5504
0010:   30  392   85   10 1 |  5897  5867    43  5432
0011:   66  206   73   87 3 |  4036  3970   309  3455
0012:   42  164   73   53 3 |  3212  3170   144  2862
0013:   70  475   49   82 4 |  6711  6641   894  5272
0014:   99  241   94   34 4 |  4399  4300   184  3875
0015:   55  390   33   39 2 |  6216  6161   462  5309
0016:   62  483   66   86 2 |  6634  6572   491  5598
0017:   45  371   36   55 2 |  6036  5991   479  5141
0018:   38  460   99   37 4 |  6394  6356    79  5817
0019:   51  491   83   13 4 |  6574  6523   103  5929
SUM: 6961 96.35 70.46 5267.25 4546.00 0.287
