PREPRIO 2
0000:   44  440   21   69 2 |  6265  6221  1654  4127
0001:   93  166   80   65 5 |  1774  1681   178  1337
0002:   84  311   14   21 3 |  3799  3715   338  3066
0003:   90  305   97   85 2 |  5199  5109   279  4525
0004:   43  426   86   96 5 |  3861  3818   403  2989
0005:    4  405   56   90 2 |  5871  5867   673  4789
0006:   91  389   95   96 2 |  5592  5501   286  4826
0007:   85  112   74   46 4 |  1542  1457    71  1274
0008:   31  457   10   80 2 |  7192  7161  3742  2962
0009:   22  391   91   62 1 |  6393  6371   237  5743
0010:   94  371   99   20 4 |  4121  4027    63  3593
0011:   86  365   85   55 4 |  4160  4074   239  3470
0012:   16  100   74   55 1 |  4226  4210   153  3957
0013:   80  264   46   55 4 |  3034  2954   178  2512
0014:   64  378   57   22 1 |  6335  6271   138  5755
0015:   73  472   23   75 2 |  6380  6307  1386  4449
0016:   23  238   99   69 2 |  4576  4553   198  4117
0017:   62  284   80   88 4 |  3465  3403   244  2875
0018:   85  403   26   65 2 |  5868  5783   984  4396
0019:   94  174   40   71 1 |  5396  5302   330  4798
SUM: 7192 89.70 86.05 4689.25 3778.00 0.278
