PREPRIO 4
0000:   68  327   23   76 2 |  5279  5211  1089  3795
0001:   50  265   80   71 4 |  3388  3338   120  2953
0002:    0  111   52  100 2 |  3411  3411   222  3078
0003:   13  433   95   96 4 |  4413  4400   382  3585
0004:   55  128   92   89 4 |  2306  2251     7  2116
0005:   84  367   90   79 1 |  5909  5825   236  5222
0006:   88  396   28   57 3 |  4634  4546   772  3378
0007:   81  366   12   24 3 |  4010  3929   645  2918
0008:   18  116   67   85 3 |  2436  2418    77  2225
0009:   14  420   91   32 1 |  5906  5892   125  5347
0010:   91  385   81   53 1 |  5939  5848   200  5263
0011:    4  188   80   99 3 |  3694  3690   231  3271
0012:   44  299   64   22 3 |  4166  4122   142  3681
0013:   17  469   45   14 4 |  4189  4172   177  3526
0014:   38  324   10   90 4 |  3600  3562  2488   750
0015:   57  130   25   44 2 |  3560  3503   193  3180
0016:   90  445   11   32 2 |  5433  5343  1339  3559
0017:   41  442   14   90 2 |  6294  6253  2791  3020
0018:   93  224   24   12 4 |  1805  1712   175  1313
0019:   79  141   84   94 4 |  2017  1938   186  1611
SUM: 6294 94.95 88.58 4068.20 3189.55 0.318
