FCFS
0000:   25  235   67   40 2 |  2744  2719   163  2321
0001:    4  111   16   48 4 |  4098  4094   285  3698
0002:   62  116   70   53 2 |  1396  1334    78  1140
0003:   49  326   57   72 4 |  3817  3768   288  3154
0004:   69  406   18   88 4 |  6334  6265  2045  3814
0005:   54  360   65   64 1 |  4378  4324   425  3539
0006:    7  391   53   26 3 |  4363  4356   155  3810
0007:   91  168   45   48 3 |  3013  2922   149  2605
0008:   23  147   44   63 3 |  3944  3921   359  3415
0009:    5  123   72   35 1 |  1045  1040    21   896
0010:   25  248   41   84 1 |  3975  3950   305  3397
0011:   96  395   81   72 3 |  4097  4001   272  3334
0012:   37  301   15   67 3 |  5472  5435  1146  3988
0013:   70  346   38   38 4 |  4624  4554   338  3870
0014:   21  312   56   59 4 |  3752  3731   338  3081
0015:   83  232   69   67 2 |  2711  2628   265  2131
0016:   96  225   18   82 2 |  5115  5019  1116  3678
0017:   18  111   80   53 2 |   757   739    38   590
0018:   82  292   29   10 4 |  4651  4569   112  4165
0019:   19  376   30   16 4 |  4770  4751   182  4193
SUM: 6334 82.43 81.04 3706.00 3040.95 0.316
