PRIO 2
0000:   16  392   80   47 2 |  5717  5701   207  5102
0001:    9  335   91   64 4 |  4331  4322   154  3833
0002:   71  336   19   50 2 |  5656  5585   867  4382
0003:   83  140   64   48 4 |  1865  1782   182  1460
0004:   93  477   94   30 4 |  5053  4960   141  4342
0005:   50  317   12   60 1 |  6785  6735  1807  4611
0006:   76  153   95   74 3 |  2986  2910   102  2655
0007:   33  306   91   20 3 |  4796  4763    58  4399
0008:   21  283   55   14 3 |  4521  4500    42  4175
0009:   69  345   22   57 1 |  6261  6192   730  5117
0010:   69  398   50   19 1 |  6047  5978   143  5437
0011:   17  181   41   64 3 |  3253  3236   322  2733
0012:   60  353   20   41 3 |  4951  4891   878  3660
0013:   14  242   54   75 4 |  3403  3389   220  2927
0014:   14  285   15   73 4 |  3355  3341  1334  1722
0015:    4  173   59   65 2 |  4291  4287   187  3927
0016:   52  372   91   38 2 |  5622  5570   175  5023
0017:   73  228   46   61 2 |  5148  5075   395  4452
0018:   88  440   67   43 4 |  4864  4776   289  4047
0019:    9  430   50   70 4 |  4947  4938   663  3845
SUM: 6785 91.17 76.93 4646.55 3892.45 0.295
