PREPRIO 2
0000:    6  435   49   22 2 |  5927  5921   181  5305
0001:   61  334   80   52 5 |  3213  3152   119  2699
0002:   39  455   85   32 3 |  5521  5482   191  4836
0003:   32  245   96   85 2 |  5206  5174   244  4685
0004:   19  430   95   20 5 |  3717  3698   149  3119
0005:   75  327   13   82 2 |  5944  5869  1809  3733
0006:   67  493   54   67 2 |  6339  6272   567  5212
0007:   20  162   54   97 4 |  2060  2040   224  1654
0008:   17  307   45   27 2 |  5461  5444   212  4925
0009:   39  355   33   93 1 |  6784  6745   836  5554
0010:   76  352   70   85 4 |  4081  4005   427  3226
0011:   63  490   92   88 4 |  5106  5043   430  4123
0012:   24  101   56   74 1 |  4712  4688   194  4393
0013:    5  468   15   90 4 |  4956  4951  2270  2213
0014:   27  417   54   96 1 |  6947  6920   827  5676
0015:   22  183   60   59 2 |  4193  4171   134  3854
0016:   89  459   26   73 2 |  6486  6397  1260  4678
0017:   61  101   11   19 4 |  1027   966   178   687
0018:   47  277   80   35 2 |  5359  5312    68  4967
0019:   74  242   77   52 1 |  6158  6084   212  5630
SUM: 6947 95.48 79.30 4916.70 4058.45 0.288
