PREPRIO 2
0000:   76  411   38   54 2 |  6316  6240   619  5210
0001:   65  466   83   58 5 |  4402  4337   246  3625
0002:   46  162   18   79 3 |  2721  2675   758  1755
0003:   37  245   32   16 2 |  5049  5012    79  4688
0004:   52  451   77   52 5 |  4200  4148   370  3327
0005:   42  471   20   93 2 |  6940  6898  1777  4650
0006:   97  412   95   56 2 |  6280  6183   166  5605
0007:   53  296   14   36 4 |  2539  2486   658  1532
0008:    4  230   35   82 2 |  4886  4882   476  4176
0009:    0  341   88   72 1 |  6776  6776   228  6207
0010:   52  348   10   65 4 |  3914  3862  1887  1627
0011:   87  103   26   75 4 |  1458  1371   231  1037
0012:   94  140   41   88 1 |  5609  5515   331  5044
0013:   28  450   52   47 4 |  4907  4879   327  4102
0014:   37  334   53   91 1 |  6811  6774   409  6031
0015:   85  404   62   47 2 |  6264  6179   381  5394
0016:   63  424   76   17 2 |  6260  6197   140  5633
0017:   90  498   43   85 4 |  5302  5212   949  3765
0018:   96  289   27   75 2 |  5519  5423  1023  4111
0019:   58  385   62   24 1 |  6812  6754   121  6248
SUM: 6940 98.85 81.80 5090.15 4188.35 0.288
