PREPRIO 4
0000:   62  442   18   41 2 |  5950  5888   987  4459
0001:   46  392   29   38 4 |  4074  4028   559  3077
0002:    1  291   86   20 2 |  5638  5637    76  5270
0003:   77  271   92   72 4 |  3673  3596   160  3165
0004:   26  328   82   20 4 |  4249  4223    35  3860
0005:   13  381   32   25 1 |  6355  6342   311  5650
0006:   40  327   81   54 3 |  5083  5043   162  4554
0007:   75  240   49   50 3 |  4225  4150   152  3758
0008:   16  315   30   26 3 |  4549  4533   246  3972
0009:   70  491   81   90 1 |  6743  6673   592  5590
0010:   94  164   60   62 1 |  5845  5751   190  5397
0011:   29  168   22   93 3 |  2636  2607   674  1765
0012:   40  454   26   81 3 |  5475  5435  1491  3490
0013:   17  121   40   25 4 |  1378  1361    57  1183
0014:   26  274   36   97 4 |  3431  3405   718  2413
0015:   55  354   45   29 2 |  5778  5723   230  5139
0016:   25  499   13   93 2 |  7401  7376  3063  3814
0017:   86  364   58   12 2 |  5869  5783    59  5360
0018:   65  359   77   99 4 |  4598  4533   399  3775
0019:   51  386   56   53 4 |  4676  4625   344  3895
SUM: 7401 89.46 82.52 4835.60 3979.30 0.270
