RR 2
0000:   30  488   92   44 2 |  5180  5150   239  4423
0001:   12  325   57   29 4 |  4434  4422   237  3860
0002:   26  155   40   51 2 |  2816  2790   176  2459
0003:   19  275   11   42 4 |  4542  4523   779  3469
0004:   51  125   63   60 4 |  2431  2380   180  2075
0005:   49  114   87   78 1 |  2159  2110    41  1955
0006:   34  291   18   37 3 |  4581  4547   618  3638
0007:   35  294   20   61 3 |  4692  4657   864  3499
0008:   45  180   77   83 3 |  3156  3111   230  2701
0009:   44  107   42   37 1 |  2107  2063   110  1846
0010:   62  471   74   31 1 |  5106  5044   201  4372
0011:    7  227   14   59 3 |  4412  4405  1155  3023
0012:   67  169   92   25 3 |  2929  2862    43  2650
0013:   94  390   86   78 4 |  4903  4809   257  4162
0014:   77  496   54   10 4 |  5129  5052    91  4465
0015:   97  441   11   74 2 |  6535  6438  2914  3083
0016:   32  103   63   44 2 |  1861  1829     8  1718
0017:   37  161   39   70 2 |  3021  2984   283  2540
0018:   80  129   33   59 4 |  2475  2395    93  2173
0019:    7  369   45   22 4 |  4673  4666   134  4163
SUM: 6535 81.25 80.86 3811.85 3113.70 0.306
