PRIO 5
0000:    4  286   27   73 3 |  3185  3181   588  2307
0001:   48  283   53   49 2 |  5185  5137   225  4629
0002:    1  128   55   28 1 |  5245  5244    35  5081
0003:    7  400   48   87 3 |  4639  4632   798  3434
0004:   30  156   59   39 2 |  3547  3517    26  3335
0005:   77  352   67   99 3 |  4931  4854   339  4163
0006:    8  407   46   79 3 |  4798  4790   592  3791
0007:   55  446   98   62 1 |  7114  7059   310  6303
0008:   12  451   59   88 3 |  5437  5425   598  4376
0009:   93  310   20   53 3 |  3561  3468   894  2264
0010:   97  397   78   80 1 |  6973  6876   281  6198
0011:   26  375   12   24 1 |  6875  6849   777  5697
0012:   78  352   27   90 2 |  5721  5643   937  4354
0013:   77  473   88   14 1 |  7104  7027    95  6459
0014:   99  461   14   62 3 |  5091  4992  1920  2611
0015:   78  300   49   91 2 |  5584  5506   492  4714
0016:   44  341   38   78 1 |  6794  6750   780  5629
0017:   69  472   94   21 1 |  7133  7064   202  6390
0018:   73  407   42   45 3 |  4511  4438   276  3755
0019:   35  318   37   17 2 |  5432  5397   110  4969
SUM: 7133 99.75 76.17 5392.45 4522.95 0.280
