PRIO 2
0000:    6  255   48   34 2 |  5281  5275   265  4755
0001:   58  153   14   17 4 |  1464  1406   140  1113
0002:   52  436   44   30 2 |  5975  5923   364  5123
0003:   77  421   43   51 4 |  4979  4902   556  3925
0004:   10  362   96   72 4 |  4515  4505   138  4005
0005:   62  178   14   79 1 |  5872  5810  1001  4631
0006:   10  286   74   23 3 |  4626  4616   108  4222
0007:    3  168   66   77 3 |  3165  3162   180  2814
0008:   12  322   34   88 3 |  5031  5019   802  3895
0009:   51  145   19   88 1 |  5539  5488   635  4708
0010:   53  348   50   39 1 |  6297  6244   244  5652
0011:   30  282   42   97 3 |  4794  4764   646  3836
0012:   24  304   59   34 3 |  4860  4836   112  4420
0013:   86  466   70   52 4 |  5193  5107   298  4343
0014:   55  216   85   57 4 |  2952  2897   106  2575
0015:   95  484   69   58 2 |  6277  6182   626  5072
0016:   15  201   94   35 2 |  4965  4950    62  4687
0017:   53  496   49   25 2 |  6045  5992   311  5185
0018:   59  408   33   57 4 |  4756  4697   644  3645
0019:   40  294   61   65 4 |  3774  3734   290  3150
SUM: 6297 98.86 68.78 4775.45 4087.80 0.318
