RR 5
0000:   23  304   91   62 2 |  4849  4826   216  4306
0001:   79  192   64   56 4 |  3573  3494   156  3146
0002:   26  299   60   92 2 |  5047  5021   509  4213
0003:   63  358   86   22 4 |  5083  5020    61  4601
0004:    1  464   33   66 4 |  5631  5630   934  4232
0005:   93  172   44   97 1 |  3628  3535   344  3019
0006:   69  319   98   52 3 |  4810  4741   116  4306
0007:   32  111   98   33 3 |  2176  2144    39  1994
0008:   18  160   67   48 3 |  3077  3059   120  2779
0009:   16  245   92   51 1 |  4045  4029   106  3678
0010:   12  218   20   25 1 |  4143  4131   274  3639
0011:   14  357   31   34 3 |  5248  5234   314  4563
0012:   62  175   45   63 3 |  3552  3490   300  3015
0013:   18  333   45   47 4 |  5065  5047   268  4446
0014:   26  152   97   30 4 |  2714  2688    41  2495
0015:   81  468   57   94 2 |  5562  5481   746  4267
0016:    2  273   14   27 2 |  5135  5133   574  4286
0017:   38  312   76   68 2 |  4886  4848   221  4315
0018:   43  420   52   42 4 |  5278  5235   198  4617
0019:    7  189   66   28 4 |  3371  3364    94  3081
SUM: 5631 98.05 61.75 4307.50 3749.90 0.355
