RR 2
0000:   12  107   46   31 2 |  1865  1853    84  1662
0001:   85  365   94   10 4 |  5304  5219    48  4806
0002:   97  255   52   71 2 |  4763  4666   435  3976
0003:   60  227   42   44 4 |  4212  4152   275  3650
0004:   68  269   30   58 4 |  4775  4707   350  4088
0005:   37  244   43   35 1 |  4426  4389   256  3889
0006:   24  344   24   74 3 |  5663  5639   993  4302
0007:   52  284   38   80 3 |  4953  4901   493  4124
0008:   22  319   46   85 3 |  5293  5271   611  4341
0009:   85  409   20   55 1 |  5809  5724  1053  4262
0010:   68  281   61   39 1 |  4829  4761   210  4270
0011:   59  360   75   20 3 |  5317  5258   119  4779
0012:   84  132   72   30 3 |  2574  2490    83  2275
0013:    4  242   26   70 4 |  4803  4799   814  3743
0014:   54  465   56   83 4 |  5775  5721   444  4812
0015:    5  236   97   23 2 |  3872  3867    89  3542
0016:   85  389   30   32 2 |  5548  5463   392  4682
0017:   24  106   34   61 2 |  2047  2023   102  1815
0018:   97  242   53   58 4 |  4387  4290   251  3797
0019:   52  486   80   40 4 |  5689  5637   154  4997
SUM: 5809 99.19 73.16 4541.50 3890.60 0.344
