FCFS
0000:    1  337   41   56 2 |  4857  4856   329  4190
0001:   72  243   38   44 4 |  4815  4743   294  4206
0002:    1  422   48   31 2 |  5366  5365   301  4642
0003:   75  240   12   14 4 |  5509  5434   253  4941
0004:   59  122   69   27 4 |  1570  1511    24  1365
0005:   22  348   51   94 1 |  4906  4884   485  4051
0006:   59  280   35   94 3 |  5255  5196   577  4339
0007:   80  214   97   97 3 |  3483  3403   254  2935
0008:   78  267   75   83 3 |  3461  3383   208  2908
0009:   20  428   75   80 1 |  4877  4857   370  4059
0010:   83  397   86   21 1 |  4733  4650   110  4143
0011:   89  185   17   88 3 |  5775  5686  1128  4373
0012:   11  414   75   16 3 |  4457  4446    79  3953
0013:   87  101   49   96 4 |  2548  2461   185  2175
0014:   99  175   84   30 4 |  3512  3413    77  3161
0015:   51  276   87   76 2 |  3351  3300   185  2839
0016:   97  375   78   34 2 |  4326  4229   129  3725
0017:    0  204   78   59 2 |  3202  3202   164  2834
0018:   23  301   40   32 4 |  5135  5112   180  4631
0019:   53  166   17   54 4 |  5430  5377   559  4652
SUM: 5775 95.15 70.29 4275.40 3706.10 0.346
