PRIO 2
0000:   50  191   63   70 2 |  4973  4923   126  4606
0001:    7  284   64   97 4 |  3759  3752   389  3079
0002:   77  445   42   44 2 |  6089  6012   424  5143
0003:   15  459   38   73 4 |  5447  5432  1001  3972
0004:   83  314   87   61 4 |  4246  4163   144  3705
0005:   50  145   30   48 1 |  5704  5654   233  5276
0006:   62  444   31   31 3 |  5674  5612   551  4617
0007:   40  322   57   23 3 |  5021  4981   153  4506
0008:   34  171   27   15 3 |  2611  2577   103  2303
0009:   81  169   27   33 1 |  5853  5772   245  5358
0010:   94  174   16   55 1 |  5869  5775   597  5004
0011:   82  298   13   43 3 |  4712  4630  1072  3260
0012:   19  358   38   44 3 |  5186  5167   395  4414
0013:   51  494   82   77 4 |  5446  5395   311  4590
0014:   55  408   57   53 4 |  4962  4907   290  4209
0015:   48  168   35   11 2 |  4138  4090    66  3856
0016:   72  311   47   46 2 |  5773  5701   195  5195
0017:    8  331   25   89 2 |  6071  6063  1250  4482
0018:   65  356   67   95 4 |  4820  4755   551  3848
0019:  100  124   34   84 4 |  1888  1788   236  1428
SUM: 6089 97.98 76.42 4857.45 4142.55 0.328
