PRIO 5
0000:   59  326   89   30 3 |  3979  3920   161  3433
0001:   31  253   96   40 2 |  4414  4383   108  4022
0002:   98  238   12   54 1 |  5375  5277  1027  4012
0003:   29  363   11   90 3 |  4026  3997  2824   810
0004:   32  336   11   10 2 |  3551  3519   351  2832
0005:   13  201   46   25 3 |  2570  2557   123  2233
0006:   10  120   45   92 3 |  1664  1654   185  1349
0007:   41  325   27   90 1 |  5838  5797  1029  4443
0008:   10  201   17   75 3 |  2313  2303   656  1446
0009:   35  311   35   44 3 |  3671  3636   362  2963
0010:   75  272   52   73 1 |  5516  5441   405  4764
0011:   78  203   79   31 1 |  5169  5091    95  4793
0012:   20  163   88   41 2 |  3452  3432    55  3214
0013:   47  248   33   70 1 |  5437  5390   554  4588
0014:   61  442   85   18 3 |  4555  4494    95  3957
0015:   62  493   34   82 2 |  5689  5627  1103  4031
0016:  100  346   80   55 1 |  5714  5614   340  4928
0017:   43  190   71   13 1 |  5002  4959    26  4743
0018:   88  331   58   99 3 |  3869  3781   497  2953
0019:   70  359   93   64 2 |  4993  4923   298  4266
SUM: 5838 98.00 87.05 4289.75 3489.00 0.343
