PRIO 2
0000:   23  459   91   71 2 |  5461  5438   280  4699
0001:   98  470   37   25 4 |  4422  4324   249  3605
0002:    4  371   14   42 2 |  5453  5449  1061  4017
0003:   76  331   27   89 4 |  3980  3904   941  2632
0004:   52  343   95   48 4 |  4018  3966    83  3540
0005:   66  484   55   44 1 |  5867  5801   345  4972
0006:   14  185   90   56 3 |  3275  3261    93  2983
0007:   36  229   43   33 3 |  3686  3650   148  3273
0008:   21  232   19   34 3 |  3325  3304   457  2615
0009:   75  156   48   54 1 |  5101  5026   354  4516
0010:    5  235   92   10 1 |  5382  5377    31  5111
0011:   27  128   44   70 3 |  2432  2405   120  2157
0012:   11  158   25   34 3 |  2489  2478   197  2123
0013:   57  342   32   58 4 |  4003  3946   441  3163
0014:    0  461   40  100 4 |  4747  4747  1091  3195
0015:  100  278   57   91 2 |  4882  4782   363  4141
0016:   37  368   78   51 2 |  5208  5171   248  4555
0017:   91  172   57   54 2 |  4093  4002   169  3661
0018:   63  135   43   32 4 |  1816  1753     5  1613
0019:   85  160   19   83 4 |  2174  2089   600  1329
SUM: 5867 97.10 72.37 4043.65 3395.00 0.341
