RR 5
0000:   75  134   51   45 2 |  2606  2531   114  2283
0001:   48  211   38   98 4 |  3611  3563   200  3152
0002:   70  101   77   19 2 |  1895  1825     8  1716
0003:   91  360   56   74 4 |  4736  4645   453  3832
0004:   19  143   16   52 4 |  3071  3052   390  2519
0005:   57  411   62   94 1 |  4925  4868   458  3999
0006:   82  228   95   86 3 |  3718  3636   111  3297
0007:   15  499   75   17 3 |  4980  4965    83  4383
0008:   58  309   99   11 3 |  4255  4197    41  3847
0009:   42  131   54   68 1 |  2401  2359   102  2126
0010:   64  108   84   35 1 |  2028  1964    17  1839
0011:   71  198   29   41 3 |  3677  3606   268  3140
0012:    8  239  100   13 3 |  3548  3540    40  3261
0013:   24  116  100   91 4 |  1979  1955    24  1815
0014:   79  187   72   19 4 |  3228  3149    23  2939
0015:   75  314   65   72 2 |  4487  4412   298  3800
0016:   40  463   23   18 2 |  5103  5063   375  4225
0017:   37  171   16   82 2 |  3948  3911   967  2773
0018:   95  311   47   47 4 |  4573  4478   329  3838
0019:   55  445   44   55 4 |  5150  5095   803  3847
SUM: 5150 98.62 62.95 3640.70 3131.55 0.388
