SRTF
0000:   26  491   44   16 2 |  5383  5357   145  4721
0001:   60  149   22   49 4 |  1014   954   382   423
0002:   95  424   18   49 2 |  6008  5913   967  4522
0003:   69  242   43   85 4 |  1909  1840   378  1220
0004:   32  292   77   79 4 |  2495  2463   375  1796
0005:   71  155   70   61 1 |   739   668   218   295
0006:    9  283   96   80 3 |  1630  1621   208  1130
0007:   33  353   50   77 3 |  3692  3659   589  2717
0008:   85  109  100   38 3 |   234   149    34     6
0009:   22  130   20   87 1 |  1227  1205   706   369
0010:   72  196   93   57 1 |   923   851    83   572
0011:   36  282   63   51 3 |  2031  1995   293  1420
0012:   41  297   90   72 3 |  2821  2780   339  2144
0013:   64  455   63   44 4 |  4534  4470   382  3633
0014:    5  453   74   15 4 |  3145  3140    93  2594
0015:   50  358   10   98 2 |  7724  7674  3232  4084
0016:   16  338   11   21 2 |  5079  5063   661  4064
0017:    7  121   28   19 2 |   571   564   107   336
0018:   69  142   10   76 4 |  2092  2023   935   946
0019:   33  500   91   29 4 |  4567  4534   138  3896
SUM: 7724 74.70 81.41 2846.15 2044.40 0.259
