PRIO 5
0000:   46  428   48   47 3 |  4512  4466   427  3611
0001:   36  201   34   16 2 |  3679  3643   130  3312
0002:   54  244   84   65 1 |  5579  5525   193  5088
0003:    8  108   19   63 3 |  1150  1142   661   373
0004:   75  186   35   46 2 |  3429  3354   159  3009
0005:   45  349   32   56 3 |  3693  3648   575  2724
0006:   17  244   32   32 3 |  2620  2603   293  2066
0007:   82  452   45   20 1 |  6090  6008   214  5342
0008:   66  214   42   57 3 |  3222  3156   235  2707
0009:   50  346   54   20 3 |  4118  4068   115  3607
0010:   73  383   36   29 1 |  6075  6002   341  5278
0011:   33  157   40   30 1 |  4724  4691   152  4382
0012:   74  368   45   10 2 |  4894  4820    70  4382
0013:   67  257   50   59 1 |  5563  5496   307  4932
0014:   23  417   18   36 3 |  3639  3616   606  2593
0015:   33  172   46   16 2 |  3597  3564    75  3317
0016:    0  350   37   67 1 |  6016  6016   372  5294
0017:   42  356   27   38 1 |  6008  5966   506  5104
0018:   19  397  100   81 3 |  4595  4576   238  3941
0019:   58  440   57   42 2 |  5367  5309   376  4493
SUM: 6090 99.66 63.88 4383.45 3777.75 0.328
