PREPRIO 2
0000:    1  305   90   88 2 |  4741  4740   296  4139
0001:   67  342   66   54 5 |  3340  3273   316  2615
0002:   52  179   96   16 3 |  3199  3147     7  2961
0003:   75  129   70   88 2 |  3440  3365   186  3050
0004:   60  300   68   96 5 |  3275  3215   677  2238
0005:    5  144   61   37 2 |  3398  3393    97  3152
0006:   33  301   46   72 2 |  4817  4784   409  4074
0007:   36  436   49   23 4 |  4164  4128   140  3552
0008:   39  168   21   74 2 |  3828  3789   674  2947
0009:   72  213   49   49 1 |  5037  4965   211  4541
0010:   40  256   75   67 4 |  3194  3154   318  2580
0011:   82  140   44   80 4 |  1959  1877   141  1596
0012:   60  207   35   22 1 |  4990  4930   118  4605
0013:    3  304   14   32 4 |  2690  2687   585  1798
0014:   73  295   96   58 1 |  5208  5135   214  4626
0015:   82  239   30   38 2 |  4234  4152   267  3646
0016:   90  108   91   61 2 |  2996  2906    66  2732
0017:   99  478   13   63 4 |  4788  4689  2521  1690
0018:   20  378   26   55 2 |  5090  5070   939  3753
0019:   93  290   49   89 1 |  5287  5194   296  4608
SUM: 5287 98.58 81.45 3929.65 3245.15 0.378
