PRIO 2
0000:   54  185   31   88 2 |  4623  4569   563  3821
0001:   97  500   34   42 4 |  5302  5205   580  4125
0002:   79  468   55   66 2 |  6396  6317   644  5205
0003:   17  341   97   82 4 |  4427  4410   338  3731
0004:   20  182   79   47 4 |  2628  2608   100  2326
0005:   43  303   71   23 1 |  6270  6227   102  5822
0006:   68  489   54   47 3 |  5884  5816   498  4829
0007:   47  425   68   28 3 |  5683  5636   169  5042
0008:   98  290   27   43 3 |  4626  4528   432  3806
0009:   39  331   16   26 1 |  6473  6434   617  5486
0010:   87  123   90   66 1 |  5485  5398   109  5166
0011:   31  407   45   98 3 |  5623  5592   715  4470
0012:   57  215   51   43 3 |  3690  3633   135  3283
0013:   12  491   95   78 4 |  5436  5424   409  4524
0014:   85  262   89   26 4 |  3554  3469    71  3136
0015:   56  148   56   62 2 |  3972  3916   150  3618
0016:   56  384   56   51 2 |  6042  5986   374  5228
0017:    4  294   72   67 2 |  5785  5781   328  5159
0018:   32  174   76   82 4 |  2630  2598   180  2244
0019:   52  352   35   62 4 |  4274  4222   555  3315
SUM: 6473 98.32 67.14 4888.45 4216.80 0.309
