RR 5
0000:   74  152   40   43 2 |  2767  2693   142  2399
0001:   36  191   48   12 4 |  2964  2928    64  2673
0002:   33  204   16   40 2 |  3497  3464   493  2767
0003:   54  448   44   67 4 |  4385  4331   720  3163
0004:   85  128   74   10 4 |  2329  2244     9  2107
0005:   65  279   74   79 1 |  3559  3494   227  2988
0006:   70  373   21   21 3 |  4177  4107   387  3347
0007:   84  354   82   64 3 |  3993  3909   247  3308
0008:   87  427   49   65 3 |  4275  4188   532  3229
0009:   55  102   23   33 1 |  2070  2015    94  1819
0010:   48  156   48   31 1 |  2686  2638    62  2420
0011:   64  137   77   15 3 |  2424  2360    40  2183
0012:   94  235   55   28 3 |  3419  3325   175  2915
0013:   38  128   22   43 4 |  2663  2625   292  2205
0014:   64  160   19   33 4 |  3108  3044   257  2627
0015:   10  128   79   12 2 |  2024  2014    11  1875
0016:    3  108   99   93 2 |  1663  1660    90  1462
0017:   98  134   87   52 2 |  2496  2398    97  2167
0018:    5  110   82   81 4 |  1766  1761    46  1605
0019:   38  357   15   23 4 |  4254  4216   563  3296
SUM: 4385 98.31 67.43 2970.70 2527.75 0.456
