RR 2
0000:   30  250   95   34 2 |  4066  4036   129  3657
0001:   30  178   23   80 4 |  3562  3532   586  2768
0002:   75  428   12   93 2 |  6705  6630  3129  3073
0003:   26  333   25   47 4 |  5076  5050   681  4036
0004:   70  205   60   53 4 |  3625  3555   109  3241
0005:   89  325   79   63 1 |  4793  4704   308  4071
0006:   63  350   51   95 3 |  5148  5085   782  3953
0007:   12  166   95   11 3 |  2737  2725    16  2543
0008:   35  226   20   31 3 |  3946  3911   304  3381
0009:   84  180   59   25 1 |  3317  3233    96  2957
0010:   83  142   48   51 1 |  2780  2697   131  2424
0011:   72  278   90   28 3 |  4295  4223    50  3895
0012:   97  476   37   94 3 |  5718  5621   995  4150
0013:   49  449   10   79 4 |  7025  6976  3292  3235
0014:   91  255   33   22 4 |  4198  4107   181  3671
0015:   90  151   85   68 2 |  2869  2779    50  2578
0016:   77  112   94   82 2 |  2225  2148    72  1964
0017:   94  390   41   31 2 |  5103  5009   210  4409
0018:   52  482   27   11 4 |  5311  5259   179  4598
0019:   20  385   12   21 4 |  5274  5254   610  4259
SUM: 7025 82.01 87.33 4326.70 3443.15 0.285
