SRTF
0000:   41  119   14   54 2 |  1112  1071   336   616
0001:   43  156   81   64 4 |   769   726    68   502
0002:   47  203   11   60 2 |  3113  3066   906  1957
0003:   55  252   73   44 4 |  1602  1547    86  1209
0004:   11  391   41   49 4 |  4380  4369   527  3451
0005:    9  122   63   56 1 |   278   269    80    67
0006:   14  213   48   68 3 |  2102  2088   288  1587
0007:   34  139   57   53 3 |   527   493   191   163
0008:   95  363   80   78 3 |  3243  3148   477  2308
0009:   40  444   21   13 1 |  5065  5025   279  4302
0010:   46  108   46   55 1 |   474   428    21   299
0011:   52  124   15   27 3 |  1169  1117   175   818
0012:   10  105   74   37 3 |   381   371   102   164
0013:   71  212   68   24 4 |  1185  1114    40   862
0014:   85  192   48   96 4 |  1469  1384   344   848
0015:   91  468   41   10 2 |  4751  4660   136  4056
0016:   35  280   99   66 2 |  2274  2239   204  1755
0017:   82  391   91   88 2 |  3503  3421   423  2607
0018:   97  371   82   38 4 |  3798  3701   190  3140
0019:   11  257   18   35 4 |  3204  3193   444  2492
SUM: 5065 96.94 66.83 2171.50 1660.15 0.395
