RR 5
0000:   84  249   91   89 2 |  4810  4726   366  4111
0001:   25  319   75   33 4 |  5486  5461    95  5047
0002:    9  266   44   83 2 |  5267  5258   568  4424
0003:  100  411   88   22 4 |  6412  6312    85  5816
0004:   99  387   18   29 4 |  6756  6657   574  5696
0005:   92  267   52   65 1 |  5241  5149   380  4502
0006:   30  287   77   79 3 |  5010  4980   208  4485
0007:   66  456   81   11 3 |  6639  6573    41  6076
0008:   76  447   20   57 3 |  7161  7085  1355  5283
0009:   60  464   97   20 1 |  6723  6663   110  6089
0010:   88  313   20   71 1 |  6347  6259  1050  4896
0011:   52  385   76   99 3 |  6582  6530   735  5410
0012:   50  469   30   12 3 |  6805  6755   206  6080
0013:   46  237   28   35 4 |  4743  4697   340  4120
0014:   80  320   70   42 4 |  5621  5541   120  5101
0015:   61  190   99   33 2 |  3511  3450    30  3230
0016:   17  444   72   88 2 |  6735  6718   542  5732
0017:    1  479   94   84 2 |  6766  6765   495  5791
0018:   80  352   96   19 4 |  5811  5731    61  5318
0019:   34  161   26   82 4 |  3586  3552   400  2991
SUM: 7161 96.40 68.47 5743.10 5009.90 0.279
