RR 2
0000:   14  427   41   35 2 |  6014  6000   313  5260
0001:   99  336   80   13 4 |  5256  5157    35  4786
0002:   79  236   72   89 2 |  4191  4112   113  3763
0003:   43  394   20   30 4 |  6005  5962   510  5058
0004:   66  438   44   38 4 |  6101  6035   292  5305
0005:   68  412   87   77 1 |  6004  5936   427  5097
0006:   12  146   64   68 3 |  2836  2824   193  2485
0007:   15  221   92   40 3 |  3903  3888    85  3582
0008:    1  317   24   17 3 |  5073  5072   250  4505
0009:   64  269   41   60 1 |  4701  4637   328  4040
0010:   28  247   45   31 1 |  4296  4268   132  3889
0011:   77  446   39   11 3 |  6085  6008   150  5412
0012:   24  485  100   79 3 |  6217  6193   426  5282
0013:   83  408   65   72 4 |  6150  6067   790  4869
0014:   79  126   98   49 4 |  2442  2363     2  2235
0015:   82  374   86   19 2 |  5537  5455    66  5015
0016:   45  182   46   35 2 |  3440  3395    89  3124
0017:  100  133   67   73 2 |  2705  2605   112  2360
0018:   14  141   80   87 4 |  2752  2738   183  2414
0019:   73  467   41   40 4 |  6198  6125   531  5127
SUM: 6217 99.81 58.32 4742.00 4180.40 0.322
