SRTF
0000:   57  156   15   67 2 |  1385  1328   557   615
0001:   94  345   98   27 4 |  3000  2906    85  2476
0002:   92  208   36   48 2 |  1563  1471   191  1072
0003:   12  342   86   54 4 |  2544  2532   210  1980
0004:   21  277   99   98 4 |  2128  2107   385  1445
0005:   10  284   41   28 1 |  2733  2723   191  2248
0006:   50  159   14   66 3 |  1895  1845   702   984
0007:   43  352   75   91 3 |  3762  3719   344  3023
0008:   84  110   77   52 3 |   334   250    89    51
0009:   11  498   84   33 1 |  5822  5811   123  5190
0010:    4  272   79   12 1 |   555   551    32   247
0011:   14  201   51   34 3 |  1041  1027    89   737
0012:   28  409   86   88 3 |  4635  4607   376  3822
0013:   59  480   99   96 4 |  5581  5522   503  4539
0014:   11  256   75   47 4 |  1687  1676   139  1281
0015:   79  162   71   11 2 |   615   536    15   359
0016:    9  246   19   86 2 |  3831  3822   988  2588
0017:   60  380   28   78 2 |  6190  6130  1250  4500
0018:   80  369   69   88 4 |  3980  3900   375  3156
0019:   11  413   26   29 4 |  5826  5815   347  5055
SUM: 6190 95.62 70.13 2913.90 2268.40 0.323
