PRIO 5
0000:   83  108  100   75 3 |  1669  1586   106  1372
0001:   84  458   22   86 2 |  6039  5955  1705  3792
0002:   58  401   91   80 1 |  6647  6589   310  5878
0003:   63  417   48   91 3 |  4638  4575   799  3359
0004:   46  468   90   25 2 |  5844  5798   126  5204
0005:   34  386   68   82 3 |  4692  4658   298  3974
0006:   94  361   44   53 3 |  3836  3742   534  2847
0007:   86  199   58   40 1 |  5680  5594    71  5324
0008:   66  391   96   40 3 |  4578  4512   100  4021
0009:   67  144   98   90 3 |  2107  2040   189  1707
0010:   99  452   31   11 1 |  6630  6531   171  5908
0011:   78  202   51   93 1 |  5763  5685   399  5084
0012:   85  192   98   15 2 |  4010  3925    16  3717
0013:   96  392   44   25 1 |  6534  6438   175  5871
0014:   83  396   76   45 3 |  4715  4632   183  4053
0015:   97  446   57   12 2 |  5622  5525   104  4975
0016:   29  441   71   13 1 |  6650  6621   110  6070
0017:   85  208   25   36 1 |  5602  5517   246  5063
0018:   23  323   75   19 3 |  3977  3954    61  3570
0019:   92  234   86   82 2 |  4559  4467   158  4075
SUM: 6650 99.53 60.11 4917.20 4293.20 0.301
