PRIO 2
0000:   63  311   12   14 2 |  4920  4857   390  4156
0001:   33  315   97   11 4 |  3990  3957    35  3607
0002:   44  235   64   76 2 |  5047  5003   229  4539
0003:   71  358   47   66 4 |  4381  4310   484  3468
0004:   48  334   37   83 4 |  4309  4261   771  3156
0005:   11  311  100   47 1 |  6002  5991   119  5561
0006:   52  485   57   21 3 |  5390  5338   142  4711
0007:   12  434   92   17 3 |  5300  5288    58  4796
0008:   14  240   51   79 3 |  3982  3968   471  3257
0009:   48  354   44   16 1 |  6092  6044   150  5540
0010:   43  499   56   46 1 |  6354  6311   357  5455
0011:    2  297   33   54 3 |  4449  4447   328  3822
0012:   13  130   62   55 3 |  2472  2459   108  2221
0013:   23  246   17   83 4 |  2898  2875   830  1799
0014:   83  102   56   75 4 |  1580  1497   196  1199
0015:   79  177   75   47 2 |  4443  4364    87  4100
0016:   30  289   24   45 2 |  5207  5177   373  4515
0017:   48  480   62   41 2 |  5851  5803   306  5017
0018:   86  368   65   95 4 |  4497  4411   581  3462
0019:   80  288   13   17 4 |  2806  2726   394  2044
SUM: 6354 98.41 62.10 4454.35 3821.25 0.315
