RR 5
0000:   78  118   90   63 2 |  2414  2336   198  2020
0001:   85  413   75   51 4 |  4894  4809   300  4096
0002:   57  475   44   54 2 |  5084  5027   664  3888
0003:  100  330   41   57 4 |  4719  4619   590  3699
0004:   32  233   85   20 4 |  3413  3381    29  3119
0005:   89  104   55   83 1 |  2123  2034    99  1831
0006:   80  439   47   57 3 |  5162  5082   714  3929
0007:   33  164   67   12 3 |  2925  2892    41  2687
0008:  100  143   42   49 3 |  2878  2778   156  2479
0009:    8  157   98   45 1 |  2753  2745   133  2455
0010:   26  400   80   61 1 |  4765  4739   372  3967
0011:   80  111   94   29 3 |  2150  2070    78  1881
0012:   61  224   43   60 3 |  3649  3588   271  3093
0013:   81  433   82   56 4 |  4856  4775   176  4166
0014:   56  356   80   17 4 |  4457  4401    69  3976
0015:   85  223   52   78 2 |  3832  3747   316  3208
0016:   39  330   34   69 2 |  4761  4722   686  3706
0017:   62  143   38   22 2 |  2713  2651    74  2434
0018:   80  128   60   31 4 |  2537  2457    89  2240
0019:   14  100   62   37 4 |  1777  1763    90  1573
SUM: 5162 97.33 63.91 3530.80 3022.35 0.387
