SRTF
0000:   73  306   35   96 2 |  3732  3659   975  2378
0001:   67  180   34   21 4 |  1011   944   119   645
0002:   50  468   30   21 2 |  5344  5294   389  4437
0003:    7  184   89   11 4 |   293   286    29    73
0004:   15  496   49   88 4 |  5790  5775   921  4358
0005:   57  351   73   64 1 |  3385  3328   275  2702
0006:   58  325   73   15 3 |  1976  1918    58  1535
0007:   26  102   50   59 3 |   442   416   122   192
0008:   99  237   37   99 3 |  2458  2359   699  1423
0009:   81  161   12   65 1 |  2250  2169   825  1183
0010:   26  303   64   81 1 |  2083  2057   382  1372
0011:   17  101   16   82 3 |   996   979   534   344
0012:   95  384   47   23 3 |  3877  3782   130  3268
0013:   78  198   47   76 4 |  1385  1307   310   799
0014:   93  170   76   99 4 |   564   471    33   268
0015:   21  157   33   82 2 |   953   932   257   518
0016:   10  256   14   76 2 |  4189  4179  1200  2723
0017:   26  345   17   50 2 |  4972  4946   930  3671
0018:   35  306   81   53 4 |  2649  2614   157  2151
0019:    3  369   16   36 4 |  5370  5367   824  4174
SUM: 5790 93.25 83.39 2639.10 1910.70 0.345
