RR 5
0000:   46  428   48   47 2 |  5969  5923   379  5116
0001:   36  201   34   16 4 |  3873  3837    79  3557
0002:   54  244   84   65 2 |  4320  4266   175  3847
0003:    8  108   19   63 4 |  2271  2263   302  1853
0004:   75  186   35   46 4 |  3674  3599   193  3220
0005:   45  349   32   56 1 |  5769  5724   519  4856
0006:   17  244   32   32 3 |  4323  4306   187  3875
0007:   82  452   45   20 3 |  5992  5910   173  5285
0008:   66  214   42   57 3 |  3948  3882   185  3483
0009:   50  346   54   20 1 |  5572  5522   181  4995
0010:   73  383   36   29 1 |  5832  5759   334  5042
0011:   33  157   40   30 3 |  2911  2878    47  2674
0012:   74  368   45   10 3 |  5607  5533   115  5050
0013:   67  257   50   59 4 |  4640  4573   270  4046
0014:   23  417   18   36 4 |  6175  6152   879  4856
0015:   33  172   46   16 2 |  3186  3153    69  2912
0016:    0  350   37   67 2 |  5545  5545   500  4695
0017:   42  356   27   38 2 |  5838  5796   510  4930
0018:   19  397  100   81 4 |  5788  5769   298  5074
0019:   58  440   57   42 4 |  6055  5997   456  5101
SUM: 6175 98.28 63.13 4819.35 4223.35 0.324
