PRIO 5
0000:    3  142   37   67 3 |  2018  2015   237  1636
0001:   48  409   12   12 2 |  4200  4152   417  3326
0002:   72  189   51   94 1 |  5078  5006   461  4356
0003:   26  121   68   74 3 |  1816  1790   124  1545
0004:   48  391   13   46 2 |  4934  4886  1217  3278
0005:   26  154   71   28 3 |  2154  2128    72  1902
0006:   15  393   92   12 3 |  4291  4276    56  3827
0007:   83  446   85   80 1 |  5672  5589   306  4837
0008:   37  333   13   51 3 |  2915  2878  1042  1503
0009:   39  462  100   25 3 |  4593  4554    79  4013
0010:   37  104  100   79 1 |  4136  4099   197  3798
0011:   57  205   83   39 1 |  5087  5030    86  4739
0012:   27  165   98   18 2 |  3301  3274    11  3098
0013:   98  370   46   16 1 |  5458  5360   177  4813
0014:   62  167  100   14 3 |  2249  2187    39  1981
0015:   58  426   53   31 2 |  5079  5021   268  4327
0016:   55  184   18   35 1 |  4718  4663   365  4114
0017:   36  267   70   70 1 |  5343  5307   286  4754
0018:   18  376   80   77 3 |  4207  4189   422  3391
0019:   17  245   29   34 2 |  3796  3779   295  3239
SUM: 5672 97.83 66.91 4009.15 3423.85 0.353
