PREPRIO 2
0000:   55  378   17   55 2 |  6076  6021  1335  4308
0001:   52  244   57   22 5 |  2370  2318    90  1984
0002:   43  143   96   68 3 |  2599  2556    62  2351
0003:   97  154   58   31 2 |  4021  3924    93  3677
0004:   73  438   25   75 5 |  4132  4059  1353  2268
0005:    0  235   74   30 2 |  4845  4845   139  4471
0006:   10  424   93   32 2 |  5861  5851   109  5318
0007:   89  335   98   99 4 |  4291  4202   213  3654
0008:   99  314   64   80 2 |  5639  5540   397  4829
0009:   47  385   14   80 1 |  7172  7125  1661  5079
0010:   65  397   88   27 4 |  4621  4556   122  4037
0011:   54  418  100   78 4 |  4884  4830   623  3789
0012:   52  331   50   62 1 |  6357  6305   437  5537
0013:   15  375   46   97 4 |  4413  4398   581  3442
0014:   92  345   13   22 1 |  6359  6267   537  5385
0015:   61  157   75   71 2 |  4109  4048   142  3749
0016:   90  461   98   86 2 |  6048  5958   316  5181
0017:   14  352   63   53 4 |  4156  4142   172  3618
0018:   36  291   44   58 2 |  5313  5277   382  4604
0019:    3  267   59   97 1 |  6179  6176   384  5525
SUM: 7172 89.85 74.08 4919.90 4140.30 0.279
