PREPRIO 4
0000:   77  364   57   75 2 |  5682  5605   508  4733
0001:    7  347   27   16 4 |  3197  3190   175  2668
0002:   85  279   87   87 2 |  5339  5254   381  4594
0003:   85  379   61   42 4 |  4196  4111   250  3482
0004:    5  318   65   49 4 |  3792  3787   306  3163
0005:   78  242   96   66 1 |  5874  5796   150  5404
0006:    9  273   76   63 3 |  4533  4524   330  3921
0007:   24  411   46   13 3 |  4928  4904    90  4403
0008:   35  390   51   36 3 |  4986  4951   175  4386
0009:   87  210   76   37 1 |  5713  5626    83  5333
0010:   69  267   77   96 1 |  6027  5958   269  5422
0011:   88  151   17   60 3 |  2304  2216   568  1497
0012:   23  307   61   36 3 |  4754  4731    78  4346
0013:   87  384   16   99 4 |  4195  4108  1830  1894
0014:   65  185   41   76 4 |  2544  2479   424  1870
0015:    6  313   45   55 2 |  5440  5434   309  4812
0016:    0  471   85   70 2 |  5908  5908   310  5127
0017:   90  220   20   92 2 |  4626  4536  1107  3209
0018:   63  278   63   52 4 |  3488  3425   250  2897
0019:    6  135   55   77 4 |  2169  2163   180  1848
SUM: 6027 98.29 74.75 4435.30 3750.45 0.332
