RR 5
0000:   28  149   97   27 2 |  2467  2439    30  2260
0001:   94  351   56   28 4 |  4533  4439   123  3965
0002:   15  260   73   49 2 |  3726  3711   156  3295
0003:   22  298   19   51 4 |  4674  4652   764  3590
0004:   10  184   59   47 4 |  3208  3198   195  2819
0005:   86  164   27   44 1 |  3147  3061   176  2721
0006:   83  285   79   95 3 |  4332  4249   460  3504
0007:   29  190   95   82 3 |  3152  3123   125  2808
0008:   97  104   89   22 3 |  2088  1991    44  1843
0009:   70  322   84   43 1 |  4297  4227    63  3842
0010:   55  129   62   12 1 |  2301  2246    31  2086
0011:   83  198   38   31 3 |  3468  3385   147  3040
0012:   70  172   73   28 3 |  2989  2919    53  2694
0013:   76  499   97   13 4 |  4857  4781    86  4196
0014:   13  388   19   48 4 |  5153  5140  1116  3636
0015:   51  442   25   90 2 |  5392  5341  1352  3547
0016:   66  103   46   25 2 |  1897  1831    42  1686
0017:   60  125   16   33 2 |  2876  2816   318  2373
0018:   50  438   49   89 4 |  4994  4944   761  3745
0019:   85  287   36   33 4 |  4344  4259   225  3747
SUM: 5392 94.36 70.51 3637.60 3069.85 0.371
