RR 5
0000:   51  156   64   70 2 |  3212  3161   198  2807
0001:   42  465   56   34 4 |  5608  5566   286  4815
0002:   47  164   45   74 2 |  3215  3168   123  2881
0003:   80  296   26   75 4 |  5185  5105   651  4158
0004:   78  164   22   56 4 |  3816  3738   474  3100
0005:   81  190   53   86 1 |  3830  3749   331  3228
0006:   61  210   39   60 3 |  4173  4112   398  3504
0007:   50  302   43   42 3 |  4952  4902   363  4237
0008:   29  385   68   81 3 |  5429  5400   562  4453
0009:   70  456   33   13 1 |  5602  5532   196  4880
0010:    1  305   26   42 1 |  4898  4897   443  4149
0011:   32  208   73   60 3 |  3669  3637   140  3289
0012:   87  468   41   90 3 |  6003  5916  1227  4221
0013:   84  172   68   99 4 |  3276  3192   166  2854
0014:   26  173   99   49 4 |  2938  2912    73  2666
0015:   61  334   66   38 2 |  5013  4952   282  4336
0016:   53  368   66   73 2 |  5384  5331   487  4476
0017:   40  431   53   98 2 |  5625  5585   562  4592
0018:   64  218   53   80 4 |  4290  4226   488  3520
0019:   10  262   69   64 4 |  4181  4171   222  3687
SUM: 6003 95.40 75.38 4462.60 3792.65 0.333
