LCFS
0000:   75  289   68   99 2 |  2165  2090   341  1460
0001:   12  228   16   16 4 |  6302  6290   229  5833
0002:   40  343   37   92 2 |  6310  6270   788  5139
0003:   40  491   81   56 4 |  5514  5474   611  4372
0004:    7  338  100   53 4 |  5984  5977   160  5479
0005:   74  419   72   97 1 |  3320  3246   414  2413
0006:   75  330   37   28 3 |  2028  1953   219  1404
0007:   42  268   97   51 3 |  3671  3629   194  3167
0008:   41  320  100   92 3 |  4601  4560   344  3896
0009:   89  165   20   86 1 |  1720  1631   581   885
0010:   99  308   21   78 1 |  2537  2438  1089  1041
0011:  100  324   39   86 3 |  2234  2134   593  1217
0012:   61  405   87   79 3 |  3426  3365   258  2702
0013:   85  168   42   56 4 |  1146  1061   140   753
0014:   91  459   12   50 4 |  6290  6199  1879  3861
0015:    3  429   90   36 2 |   723   720   132   159
0016:   19  368   60   12 2 |  5421  5402    77  4957
0017:   35  223   76   26 2 |  4650  4615   126  4266
0018:   64  160   52   97 4 |  3112  3048   324  2564
0019:   17  189   92   90 4 |  4520  4503   219  4095
SUM: 6310 98.64 78.61 3730.25 2983.15 0.317
