FCFS
0000:   82  132   44   88 2 |  3929  3847   370  3345
0001:   51  451   73   58 4 |  4356  4305   299  3555
0002:   45  110   29   99 2 |  3175  3130   249  2771
0003:   68  325   38   24 4 |  5159  5091   240  4526
0004:  100  144   69   83 4 |  2629  2529   149  2236
0005:   42  311   94   99 1 |  3616  3574   483  2780
0006:    2  223   71   45 3 |  2679  2677   120  2334
0007:   39  422   45   19 3 |  4956  4917   168  4327
0008:   16  208   19   15 3 |  5174  5158   157  4793
0009:   34  367   63   60 1 |  4845  4811   446  3998
0010:   85  348   70   72 1 |  4725  4640   404  3888
0011:   93  369   34   44 3 |  5301  5208   483  4356
0012:   27  220   44   63 3 |  4316  4289   217  3852
0013:   82  109   38   84 4 |  2538  2456   192  2155
0014:   70  196   78   54 4 |  2415  2345    82  2067
0015:   24  230   39   41 2 |  4927  4903   335  4338
0016:   27  160   10   81 2 |  5737  5710  1187  4363
0017:   94  207   44   70 2 |  4200  4106   309  3590
0018:   65  294   69   63 4 |  3309  3244   212  2738
0019:    9  477   85   72 4 |  4415  4406   424  3505
SUM: 5737 92.44 77.65 4067.30 3475.85 0.349
