RR 5
0000:   94  262   89   53 2 |  4150  4056   134  3660
0001:   85  360   59   22 4 |  4903  4818   136  4322
0002:   68  118   40   10 2 |  2340  2272    24  2130
0003:   15  117   30   82 4 |  2244  2229   220  1892
0004:   67  245   72   59 4 |  4185  4118   348  3525
0005:   75  354   15   24 1 |  5204  5129   520  4255
0006:   35  254   25   46 3 |  4473  4438   472  3712
0007:   59  285   96   36 3 |  4332  4273    65  3923
0008:   37  448   37   59 3 |  5481  5444   841  4155
0009:   68  468   99   51 1 |  5217  5149   290  4391
0010:   66  256   35   17 1 |  4330  4264   168  3840
0011:   84  261   25   54 3 |  4586  4502   431  3810
0012:   58  407   26   12 3 |  5092  5034   183  4444
0013:   16  370   83   84 4 |  5044  5028   464  4194
0014:   34  121   15   85 4 |  3093  3059   788  2150
0015:   36  127   68   71 2 |  2394  2358   140  2091
0016:    4  329   53   36 2 |  4704  4700   250  4121
0017:   29  252   45   80 2 |  4273  4244   332  3660
0018:    8  106   62   23 4 |  1753  1745    53  1586
0019:   85  128   55   99 4 |  2612  2527   220  2179
SUM: 5481 96.11 67.32 3969.35 3402.00 0.365
