LCFS
0000:   60  380   80   68 2 |  3678  3618   354  2884
0001:   87  430   32   62 4 |  2549  2462   828  1204
0002:   91  198   85   15 2 |   650   559    48   313
0003:   19  386   40   18 4 |  6440  6421   229  5806
0004:   15  312   99   86 4 |  2731  2716   303  2101
0005:   37  210   85   78 1 |  4322  4285   177  3898
0006:   54  476   77   69 3 |  5224  5170   482  4212
0007:   69  149   21   31 3 |  3651  3582   221  3212
0008:   35  345   86   36 3 |  5292  5257   165  4747
0009:   23  267   33   15 1 |  5964  5941    98  5576
0010:   36  144   25   92 1 |  5529  5493   289  5060
0011:   79  173   51   87 3 |  1922  1843   321  1349
0012:   69  419   63   21 3 |  3249  3180   140  2621
0013:   25  176   37   82 4 |  6268  6243   365  5702
0014:   86  471   93   24 4 |  1920  1834   130  1233
0015:   54  317   24   78 2 |  5845  5791   880  4594
0016:   90  368   61   96 2 |  1830  1740   649   723
0017:    3  485   63   45 2 |  2346  2343   421  1437
0018:   49  300   64   91 4 |  4745  4696   592  3804
0019:    3  293   62   84 4 |  6007  6004   632  5079
SUM: 6440 97.81 76.52 3958.90 3277.75 0.311
