PRIO 5
0000:   14  188   39   11 3 |  2738  2724    51  2485
0001:   16  188   63   89 2 |  3866  3850   274  3388
0002:   51  286   16   54 1 |  5479  5428   854  4288
0003:   70  389   79   14 3 |  4315  4245    70  3786
0004:   67  199   54   69 2 |  3942  3875   262  3414
0005:   95  164   84   95 3 |  2674  2579   170  2245
0006:   86  146   59   27 3 |  1994  1908   112  1650
0007:   92  221   58   16 1 |  5055  4963    70  4672
0008:   80  358   57   93 3 |  4020  3940   368  3214
0009:   94  330   12   38 3 |  2695  2601  1270  1001
0010:   86  358   10   95 1 |  7401  7315  3339  3618
0011:   70  269   39   33 1 |  5314  5244   251  4724
0012:   43  183   77   88 2 |  3714  3671   147  3341
0013:   73  349   43   94 1 |  5866  5793   901  4543
0014:    7  475   40   24 3 |  4347  4340   282  3583
0015:   77  477   14   36 2 |  5002  4925  1252  3196
0016:    7  295   83   88 1 |  5518  5511   254  4962
0017:   81  353   85   47 1 |  5573  5492    71  5068
0018:    3  263   12   14 3 |  1918  1915   287  1365
0019:    4  279   86   65 2 |  4370  4366    99  3988
SUM: 7401 77.96 84.89 4234.25 3426.55 0.270
