PRIO 5
0000:  100  194   66   96 3 |  2786  2686   442  2050
0001:   29  210   25   82 2 |  3797  3768   962  2596
0002:   39  436   42   96 1 |  6088  6049   767  4846
0003:   18  243   80   50 3 |  3185  3167   159  2765
0004:   24  369   21   71 2 |  4668  4644  1090  3185
0005:    2  254   44   55 3 |  2489  2487   330  1903
0006:   22  242   41   90 3 |  2952  2930   436  2252
0007:   72  344   92   72 1 |  5724  5652   378  4930
0008:   57  375   74   75 3 |  4011  3954   240  3339
0009:   53  249   72   37 3 |  3394  3341    99  2993
0010:   54  347   83   85 1 |  5632  5578   222  5009
0011:   54  385   94   65 1 |  5712  5658   217  5056
0012:   27  482   28   89 2 |  5457  5430  1470  3478
0013:   20  165   96   89 1 |  4770  4750   115  4470
0014:   93  126   38   51 3 |  1485  1392    84  1182
0015:   54  196   50   32 2 |  3332  3278    53  3029
0016:   35  309   62   21 1 |  5390  5355    62  4984
0017:   82  157   28   44 1 |  4428  4346   217  3972
0018:   43  487   62   87 3 |  4638  4595   591  3517
0019:   78  243   51   43 2 |  4067  3989   163  3583
SUM: 6088 95.48 71.91 4152.45 3456.95 0.329
