PRIO 2
0000:   87  260   84   69 2 |  5527  5440   138  5042
0001:   49  300   25   92 4 |  3752  3703  1021  2382
0002:   41  291   52   40 2 |  5693  5652   223  5138
0003:   14  437   81   31 4 |  4947  4933   156  4340
0004:   52  484   48   74 4 |  5521  5469   868  4117
0005:   43  260   63   11 1 |  6035  5992    51  5681
0006:   67  315   81   23 3 |  4953  4886    97  4474
0007:    4  409   16   55 3 |  5570  5566  1498  3659
0008:   47  389   75   42 3 |  5449  5402   197  4816
0009:   12  363   31   52 1 |  6496  6484   656  5465
0010:   23  254   20   23 1 |  6056  6033   287  5492
0011:   88  239   18   68 3 |  3898  3810   824  2747
0012:   49  278   13   77 3 |  4735  4686  1771  2637
0013:   97  269   10   82 4 |  3753  3656  1690  1697
0014:   40  344   98   23 4 |  4401  4361    90  3927
0015:   96  349   50   98 2 |  6130  6034   754  4931
0016:   15  331   50   33 2 |  5790  5775   231  5213
0017:   27  242   68   30 2 |  5351  5324    55  5027
0018:   91  154   66   95 4 |  2314  2223    72  1997
0019:    5  235   80   57 4 |  3197  3192   186  2771
SUM: 6496 95.49 83.48 4931.05 4077.65 0.308
