RR 5
0000:   21  308   81   27 2 |  5381  5360    76  4976
0001:   53  315   49   34 4 |  5792  5739   282  5142
0002:   55  269   99   44 2 |  5104  5049   197  4583
0003:   62  492   24   79 4 |  7224  7162  1445  5225
0004:   68  424   87   33 4 |  6514  6446   157  5865
0005:   28  390   95   46 1 |  6184  6156   129  5637
0006:    5  427   91   56 3 |  6503  6498   257  5814
0007:   87  356   14   53 3 |  6763  6676  1349  4971
0008:   23  367   96   38 3 |  5947  5924    67  5490
0009:   51  365   77   39 1 |  6175  6124   171  5588
0010:   83  379   34   32 1 |  6421  6338   340  5619
0011:   83  167   89   95 3 |  3448  3365   168  3030
0012:   92  397   74   63 3 |  6467  6375   409  5569
0013:    6  431   16   26 4 |  6733  6727   686  5610
0014:   19  383   94   12 4 |  6042  6023    50  5590
0015:   33  294   69   68 2 |  5354  5321   176  4851
0016:   13  173   27   95 2 |  3693  3680   441  3066
0017:   35  193   91   52 2 |  3562  3527    74  3260
0018:   38  382   94   62 4 |  6360  6322   352  5588
0019:   58  280   28   32 4 |  5362  5304   280  4744
SUM: 7224 94.02 65.28 5705.80 5010.90 0.277
