PRIO 5
0000:   57  147   34   50 3 |  1632  1575   212  1216
0001:   95  425   52   98 2 |  5116  5021   465  4131
0002:   25  360   98   25 1 |  5594  5569   119  5090
0003:   65  112   23   61 3 |  1325  1260   368   780
0004:   33  399   84   82 2 |  5133  5100   420  4281
0005:   70  122   20   59 3 |  1174  1104   394   588
0006:   79  367   72   51 3 |  3824  3745   248  3130
0007:   70  227   16   84 1 |  5480  5410  1370  3813
0008:   15  183   70   49 3 |  2447  2432   174  2075
0009:   54  471   77   95 3 |  4651  4597   642  3484
0010:   66  209   20   10 1 |  4922  4856   126  4521
0011:   16  157   60   89 1 |  4569  4553   126  4270
0012:   63  268   41   13 2 |  3810  3747    54  3425
0013:   86  389   57   46 1 |  5702  5616   270  4957
0014:   48  274   27   49 3 |  2813  2765   435  2056
0015:   95  362   97   68 2 |  4964  4869   234  4273
0016:   52  438   12   89 1 |  7335  7283  2954  3891
0017:   39  347   99   82 1 |  5658  5619   358  4914
0018:   83  321   66   71 3 |  3390  3307   288  2698
0019:   37  284   61   39 2 |  4018  3981   224  3473
SUM: 7335 79.92 82.63 4120.45 3353.30 0.273
