SRTF
0000:   33  106   75   85 2 |   304   271   146    19
0001:    4  366   87  100 4 |  2302  2298   407  1525
0002:   13  370   72   83 2 |  3364  3351   358  2623
0003:   98  434   51   31 4 |  6841  6743   286  6023
0004:   54  285   23   10 4 |  1231  1177   130   762
0005:   38  415   71   76 1 |  6004  5966   584  4967
0006:   16  405   36   47 3 |  5485  5469   499  4565
0007:   72  341   26   56 3 |  4742  4670  1069  3260
0008:   62  228   77   72 3 |   674   612   189   195
0009:   49  413   31   21 1 |  6516  6467   308  5746
0010:    1  394   12   66 1 |  7583  7582  1896  5292
0011:   66  394   90   12 3 |  4115  4049    52  3603
0012:   68  286   43   94 3 |  1421  1353   522   545
0013:   85  392   94   63 4 |  3754  3669   233  3044
0014:   71  327   11   88 4 |  6823  6752  2472  3953
0015:    0  434   78   90 2 |  5621  5621   635  4552
0016:   41  273   14   61 2 |  3256  3215  1152  1790
0017:   40  382   73   45 2 |  2838  2798   222  2194
0018:   95  322   77   45 4 |  1346  1251   160   769
0019:   64  323   41   37 4 |  2218  2154   347  1484
SUM: 7583 90.86 81.12 3773.40 2845.55 0.264
