PREPRIO 4
0000:   67  390   68   12 2 |  6185  6118    86  5642
0001:   63  381   88   20 4 |  4607  4544    80  4083
0002:   96  491   81   30 2 |  6602  6506   233  5782
0003:   87  327   52   33 4 |  4198  4111   251  3533
0004:   48  459   82   23 4 |  5236  5188   109  4620
0005:   95  213   57   48 1 |  6474  6379   189  5977
0006:   89  441   62   95 3 |  5988  5899   705  4753
0007:   37  341   46   41 3 |  5150  5113   306  4466
0008:   16  429   76   49 3 |  5648  5632   392  4811
0009:   59  492   94   17 1 |  7162  7103    96  6515
0010:   73  414   58   30 1 |  7066  6993   260  6319
0011:   38  357   42   63 3 |  5190  5152   531  4264
0012:   88  216   34   55 3 |  3913  3825   320  3289
0013:   63  230   20   19 4 |  2569  2506   155  2121
0014:   16  354   39   11 4 |  3820  3804    88  3362
0015:   33  118   47  100 2 |  3848  3815   202  3495
0016:   45  457   34   74 2 |  6726  6681   979  5245
0017:   75  477   10   63 2 |  7190  7115  2815  3823
0018:    2  206   15   73 4 |  2395  2393  1029  1158
0019:   84  353   97   54 4 |  4665  4581   131  4097
SUM: 7190 99.39 77.80 5172.90 4367.75 0.278
