FCFS
0000:   68  434   23   33 2 |  6015  5947   654  4859
0001:   46  233   86   96 4 |  2854  2808   231  2344
0002:    7  452   74  100 2 |  4013  4006   413  3141
0003:   70  458   24   52 4 |  6003  5933   861  4614
0004:   57  100   84   21 4 |   950   893     6   787
0005:   22  418   63   46 1 |  4767  4745   242  4085
0006:   33  229   96   17 3 |  2709  2676    47  2400
0007:   71  383   82   51 3 |  4089  4018   224  3411
0008:   37  312   32   56 3 |  5492  5455   675  4468
0009:   75  199   49   11 1 |  3559  3484    30  3255
0010:   79  330   60   57 1 |  4836  4757   348  4079
0011:   53  151   38   83 3 |  3563  3510   277  3082
0012:   69  168   57   17 3 |  2372  2303    21  2114
0013:   70  127   42   78 4 |  2866  2796   100  2569
0014:   73  445   43   17 4 |  5191  5118   156  4517
0015:   89  448   32   42 2 |  5801  5712   594  4670
0016:   15  124   51   42 2 |  1690  1675    56  1495
0017:   27  270   41   15 2 |  4866  4839   134  4435
0018:   96  375   26   83 4 |  6179  6083  1297  4411
0019:   51  352   40   86 4 |  5280  5229   797  4080
SUM: 6179 97.23 74.24 4099.35 3440.80 0.324
