LCFS
0000:   96  160   20   80 2 |  3590  3494   712  2622
0001:   37  209   31   91 4 |  5188  5151   501  4441
0002:    2  153   24   34 2 |  5434  5432   319  4960
0003:   48  500   26   96 4 |  6506  6458  1939  4019
0004:   64  107   52   33 4 |  1538  1474    37  1330
0005:  100  107   92   53 1 |   880   780    89   584
0006:   77  437   68   77 3 |  2344  2267   444  1386
0007:   33  423   35   61 3 |  5635  5602   537  4642
0008:   72  287   66   17 3 |  1509  1437    91  1059
0009:    7  498   54   50 1 |  4395  4388   353  3537
0010:   89  438   93   59 1 |   949   860   202   220
0011:    8  171   30   20 3 |  6236  6228   119  5938
0012:   49  279   99   69 3 |  2174  2125   127  1719
0013:   88  321   22   85 4 |  3444  3356  1541  1494
0014:   15  284   70   77 4 |   849   834   262   288
0015:   17  294   27   34 2 |  3633  3616   290  3032
0016:    5  353   68   40 2 |  6163  6158   186  5619
0017:   14  356   60   51 2 |  5431  5417   233  4828
0018:   19  490   54   52 4 |  4370  4351   570  3291
0019:   61  410   62   84 4 |  3394  3333   450  2473
SUM: 6506 96.48 80.13 3638.05 2874.10 0.307
