FCFS
0000:   90  328   37   30 2 |  5230  5140   207  4605
0001:   84  349   53   58 4 |  5400  5316   428  4539
0002:   29  244   41   96 2 |  4688  4659   369  4046
0003:   56  222   79   67 4 |  2745  2689   143  2324
0004:   44  254   88   52 4 |  3196  3152   126  2772
0005:   88  179   69   79 1 |  2362  2274   163  1932
0006:   44  488   28   40 3 |  6548  6504   578  5438
0007:    8  307   97   44 3 |  3818  3810    93  3410
0008:    4  398   58   21 3 |  5033  5029   128  4503
0009:   90  424   34   69 1 |  6463  6373   982  4967
0010:   18  391   38   28 1 |  5560  5542   267  4884
0011:   22  476   91   99 3 |  3938  3916   507  2933
0012:   96  179   66   48 3 |  3613  3517   166  3172
0013:   44  491   57   94 4 |  5759  5715   825  4399
0014:    8  110   20   69 4 |  5506  5498   539  4849
0015:   66  336   76   46 2 |  4247  4181   222  3623
0016:   75  265   82   18 2 |  3382  3307    55  2987
0017:   44  219   89   18 2 |  3249  3205    38  2948
0018:   67  443   45   98 4 |  6420  6353  1189  4721
0019:   37  416   21   81 4 |  6819  6782  1349  5017
SUM: 6819 95.60 74.50 4648.10 3903.45 0.293
