RR 2
0000:   73  144   41   69 2 |  2982  2909   212  2553
0001:   64  148   41   18 4 |  2932  2868    50  2670
0002:   54  327   61   91 2 |  5548  5494   545  4622
0003:   86  240   61   98 4 |  4547  4461   376  3845
0004:   79  435   71   72 4 |  6195  6116   568  5113
0005:   45  496   84   80 1 |  6343  6298   480  5322
0006:   26  484   87   58 3 |  6292  6266   447  5335
0007:   60  476   65   46 3 |  6268  6208   292  5440
0008:   25  161   83  100 3 |  3032  3007   114  2732
0009:   94  484   75   91 1 |  6396  6302   564  5254
0010:   37  136   70   16 1 |  2603  2566    31  2399
0011:   78  442   27   88 3 |  6679  6601  1275  4884
0012:   21  289   89   18 3 |  4777  4756    64  4403
0013:   58  292   63   87 4 |  5092  5034   356  4386
0014:   86  364   55   96 4 |  5852  5766   604  4798
0015:   66  301   53   86 2 |  5246  5180   409  4470
0016:   12  223   44   77 2 |  4076  4064   328  3513
0017:   12  415   31   30 2 |  5967  5955   292  5248
0018:   95  322   27   10 4 |  5293  5198   128  4748
0019:   22  236   49   75 4 |  4380  4358   331  3791
SUM: 6679 96.05 69.68 4970.35 4276.30 0.299
