FCFS
0000:   23  166   99   30 2 |  2306  2283    29  2088
0001:   76  306   90   13 4 |  3931  3855    52  3497
0002:   42  194   92   85 2 |  1862  1820    83  1543
0003:   30  293   68   67 4 |  4425  4395   344  3758
0004:   63  112   52   92 4 |  3167  3104   288  2704
0005:   88  158   65   62 1 |  4018  3930   332  3440
0006:   34  295   43   28 3 |  4467  4433   175  3963
0007:   16  324   94   85 3 |  4100  4084   328  3432
0008:   57  494   15   15 3 |  5478  5421   435  4492
0009:   47  173   33   24 1 |  4358  4311    91  4047
0010:   85  215   93   68 1 |  2165  2080    28  1837
0011:   70  357   33   62 3 |  5240  5170   729  4084
0012:   58  257   21   50 3 |  5145  5087   570  4260
0013:   33  153   37   55 4 |  4193  4160   171  3836
0014:   49  183   57   56 4 |  4225  4176   194  3799
0015:   12  397   86   75 2 |  4248  4236   256  3583
0016:   31  295   83   79 2 |  3476  3445   175  2975
0017:   46  313   66   22 2 |  4404  4358    99  3946
0018:   94  392   78   53 4 |  4036  3942   217  3333
0019:   56  171   73   14 4 |  2542  2486    25  2290
SUM: 5478 95.80 60.99 3838.80 3345.35 0.365
