PRIO 5
0000:   69  499   21   49 3 |  4601  4532  1280  2753
0001:   59  380   87   10 2 |  5072  5013    60  4573
0002:   64  107   73   71 1 |  4254  4190   102  3981
0003:   61  426   84   45 3 |  4660  4599   156  4017
0004:   20  386   94   68 2 |  5278  5258   299  4573
0005:   93  368   92   64 3 |  4490  4397   229  3800
0006:   76  164   66   72 3 |  2334  2258   119  1975
0007:   33  319   22   56 1 |  5680  5647   667  4661
0008:   50  280   33   74 3 |  3492  3442   663  2499
0009:   76  245   85   19 3 |  3310  3234    57  2932
0010:    8  370   14   88 1 |  6430  6422  1887  4165
0011:   51  379   98   25 1 |  5591  5540    90  5071
0012:   85  149   97   75 2 |  3244  3159    56  2954
0013:   98  130   23   10 1 |  4356  4258    61  4067
0014:   67  330   69   26 3 |  3913  3846   113  3403
0015:   20  224   43   14 2 |  3893  3873    70  3579
0016:   68  238   43   18 1 |  5326  5258   137  4883
0017:   51  227   82   98 1 |  5431  5380   270  4883
0018:   16  370   63   35 3 |  4188  4172   148  3654
0019:   56  136   13   73 2 |  2981  2925   761  2028
SUM: 6430 89.07 73.37 4370.15 3722.55 0.311
