PRIO 5
0000:   23  362   94   87 3 |  4276  4253   397  3494
0001:   39  420   63   35 2 |  5176  5137   320  4397
0002:   93  262   60   54 1 |  5690  5597   203  5132
0003:   35  328   76   58 3 |  3950  3915   310  3277
0004:    2  320   99   37 2 |  4716  4714   158  4236
0005:   18  115   51  100 3 |  1483  1465    99  1251
0006:   73  302   83   24 3 |  3434  3361    94  2965
0007:    8  338   49   32 1 |  5845  5837   146  5353
0008:   47  249   65   17 3 |  2720  2673    73  2351
0009:   30  222   65   15 3 |  2724  2694    59  2413
0010:   90  246   48   86 1 |  5597  5507   419  4842
0011:   55  262   80   36 1 |  5634  5579    65  5252
0012:   42  406   29   66 2 |  5174  5132   699  4027
0013:   84  472   28   87 1 |  6637  6553  1436  4645
0014:   22  339   61   52 3 |  4005  3983   291  3353
0015:   36  241   59   78 2 |  4187  4151   411  3499
0016:   58  370   59   10 1 |  5872  5814    60  5384
0017:   56  111   30   61 1 |  4094  4038   112  3815
0018:   52  235   52   47 3 |  2987  2935   316  2384
0019:   28  456   71   46 2 |  5470  5442   299  4687
SUM: 6637 91.25 60.16 4439.00 3837.85 0.301
