PREPRIO 2
0000:   40  257   16   56 2 |  4581  4541   685  3599
0001:  100  240   16   29 5 |  1840  1740   387  1113
0002:    7  235   45   91 3 |  3778  3771   621  2915
0003:   97  441   29   13 2 |  5406  5309   151  4717
0004:   86  474   21   40 5 |  3137  3051   839  1738
0005:   60  483   20   41 2 |  5895  5835   977  4375
0006:   65  147   39   78 2 |  3549  3484   258  3079
0007:    6  153   75   56 4 |  1964  1958   127  1678
0008:   77  256   67   44 2 |  4652  4575    50  4269
0009:    2  248   69   98 1 |  5832  5830   298  5284
0010:    4  337   51   86 4 |  3734  3730   582  2811
0011:   94  121   33   70 4 |  1698  1604   312  1171
0012:   50  384   79   91 1 |  6330  6280   600  5296
0013:   23  424   93   75 4 |  4301  4278   260  3594
0014:   88  455   60   46 1 |  6326  6238   420  5363
0015:   44  283   22   25 2 |  4700  4656   286  4087
0016:   49  387   79   93 2 |  5515  5466   410  4669
0017:   91  225   10   64 4 |  2760  2669  1215  1229
0018:   15  435   44   86 2 |  5829  5814   860  4519
0019:   94  434   10   56 1 |  7101  7007  2163  4410
SUM: 7101 90.40 81.54 4391.80 3495.80 0.282
