PRIO 5
0000:   25  235   67   40 3 |  3023  2998   143  2620
0001:    4  111   16   48 2 |  1993  1989   204  1674
0002:   62  116   70   53 1 |  4087  4025    68  3841
0003:   49  326   57   72 3 |  3638  3589   261  3002
0004:   69  406   18   88 2 |  5277  5208  2021  2781
0005:   54  360   65   64 3 |  4150  4096   510  3226
0006:    7  391   53   26 3 |  4078  4071   180  3500
0007:   91  168   45   48 1 |  4566  4475   183  4124
0008:   23  147   44   63 3 |  1802  1779   229  1403
0009:    5  123   72   35 3 |  1777  1772    13  1636
0010:   25  248   41   84 1 |  4992  4967   313  4406
0011:   96  395   81   72 1 |  5360  5264   536  4333
0012:   37  301   15   67 2 |  4491  4454  1339  2814
0013:   70  346   38   38 1 |  5216  5146   212  4588
0014:   21  312   56   59 3 |  3462  3441   394  2735
0015:   83  232   69   67 2 |  4149  4066   181  3653
0016:   96  225   18   82 1 |  5018  4922   986  3711
0017:   18  111   80   53 1 |  4100  4082    77  3894
0018:   82  292   29   10 3 |  2439  2357   109  1956
0019:   19  376   30   16 2 |  4526  4507   178  3953
SUM: 5360 97.41 76.40 3860.40 3192.50 0.373
