PREPRIO 2
0000:   97  391   88   35 2 |  5418  5321    82  4848
0001:   32  299   56   53 5 |  2804  2772   211  2262
0002:   27  355   17   20 3 |  3953  3926   321  3250
0003:   90  372   51   98 2 |  5676  5586   859  4355
0004:   81  497   13   45 5 |  3554  3473  1926  1050
0005:   99  151   36   52 2 |  3699  3600   112  3337
0006:   72  203   93   77 2 |  4297  4225    75  3947
0007:   58  115   25   28 4 |  1284  1226    66  1045
0008:   74  273   17   96 2 |  5220  5146  1252  3621
0009:   55  374   45   16 1 |  5942  5887   177  5336
0010:   96  134   63   75 4 |  2006  1910    87  1689
0011:  100  464   31   17 4 |  4129  4029   276  3289
0012:   72  146   44   92 1 |  5160  5088   253  4689
0013:   58  116   86   91 4 |  1660  1602   340  1146
0014:   56  439   90   53 1 |  6190  6134   376  5319
0015:   34  383   11   23 2 |  5226  5192   709  4100
0016:   97  358   60   26 2 |  5331  5234   136  4740
0017:   35  277   21   99 4 |  3635  3600  1256  2067
0018:   36  328   44   64 2 |  5203  5167   319  4520
0019:   61  480   12   17 1 |  6288  6227   638  5109
SUM: 6288 97.88 77.50 4267.25 3485.95 0.318
