LCFS
0000:   88  345   69   96 2 |  2988  2900   452  2103
0001:   25  272   29   43 4 |  5807  5782   482  5028
0002:   90  164   86   71 2 |  1792  1702   191  1347
0003:   98  487   29   88 4 |  5126  5028  1207  3334
0004:  100  125   59   46 4 |   545   445   100   220
0005:   99  402   52   40 1 |  1622  1523   398   723
0006:   29  165   18   21 3 |  5657  5628    90  5373
0007:   66  272   82   88 3 |  3914  3848   305  3271
0008:   31  329   35   98 3 |  6205  6174  1218  4627
0009:   18  107   40   17 1 |  5558  5540    46  5387
0010:   99  114   15   84 1 |  2040  1941   608  1219
0011:   37  313   38   31 3 |  2922  2885   235  2337
0012:   15  420   57   89 3 |  4504  4489   747  3322
0013:    0  368   57   42 4 |  1956  1956   326  1262
0014:   23  466   69   63 4 |  5621  5598   384  4748
0015:   66  269   71   22 2 |  3868  3802    83  3450
0016:   68  333   65   39 2 |  3003  2935   149  2453
0017:   49  407   16   94 2 |  6565  6516  1910  4199
0018:   69  335   37   73 4 |  2164  2095   708  1052
0019:  100  285   68   50 4 |   795   695   268   142
SUM: 6565 91.06 84.55 3574.10 2779.85 0.305
