PRIO 5
0000:   61  306   48   75 3 |  3479  3418   350  2762
0001:   24  325   37   41 2 |  4808  4784   357  4102
0002:   21  281   90   90 1 |  5722  5701   385  5035
0003:   96  444   90   67 3 |  4774  4678   549  3685
0004:   66  217   95   84 2 |  4486  4420   158  4045
0005:   37  463   31   66 3 |  4755  4718   974  3281
0006:    4  348   87   56 3 |  4447  4443   126  3969
0007:   57  200   16   43 1 |  5427  5370   524  4646
0008:   20  444   33   48 3 |  4199  4179   714  3021
0009:   57  120   60   33 3 |  1440  1383    83  1180
0010:   52  230   94   35 1 |  5648  5596   105  5261
0011:   46  249   11   15 1 |  5296  5250   319  4682
0012:   70  478   40   98 2 |  5837  5767  1194  4095
0013:   13  218  100   57 1 |  5565  5552   176  5158
0014:   73  164   98   62 3 |  2316  2243   118  1961
0015:   73  439   23   50 2 |  5542  5469   975  4055
0016:    1  165   97   14 1 |  5208  5207    24  5018
0017:   20  291   83   29 1 |  5763  5743    92  5360
0018:   79  167   77   80 3 |  2419  2340   132  2041
0019:   87  248   90   99 2 |  4699  4612   383  3981
SUM: 5837 99.31 74.32 4543.65 3866.90 0.343
