FCFS
0000:   10  307   85   91 2 |  4821  4811   344  4160
0001:   16  189  100   36 4 |  2897  2881    74  2618
0002:  100  462   55   77 2 |  6280  6180   444  5274
0003:   56  380   32   23 4 |  6905  6849   292  6177
0004:   74  478   91   17 4 |  4245  4171    54  3639
0005:   80  319   21   78 1 |  7614  7534  1441  5774
0006:   99  429   73   57 3 |  5427  5328   306  4593
0007:   86  447   43   80 3 |  6772  6686   702  5537
0008:    8  392   35   17 3 |  6636  6628   132  6104
0009:   55  484   44   89 1 |  6836  6781   708  5589
0010:   16  493   63   98 1 |  6340  6324   669  5162
0011:   87  411   95   83 3 |  4444  4357   223  3723
0012:   50  116   80   87 3 |  2909  2859   302  2441
0013:   19  395   95   85 4 |  5712  5693   457  4841
0014:   29  476   86   55 4 |  5730  5701   238  4987
0015:   98  410   45   88 2 |  6572  6474   714  5350
0016:   31  109   99   36 2 |  2067  2036    53  1874
0017:   54  265   78   39 2 |  5344  5290   225  4800
0018:   74  329   73   34 4 |  5337  5263   177  4757
0019:   51  127   40   17 4 |  3109  3058    59  2872
SUM: 7614 92.17 67.52 5245.20 4513.60 0.263
