LCFS
0000:   49  480  100   17 2 |  4219  4170   122  3568
0001:   96  400   60   94 4 |  1815  1719   708   611
0002:   14  152   90   45 2 |  5711  5697    77  5468
0003:   14  278   46   15 4 |  5887  5873    91  5504
0004:   34  194   34   72 4 |  5337  5303   269  4840
0005:   89  288   38   75 1 |  1527  1438   438   712
0006:   52  138   51   13 3 |  2981  2929    35  2756
0007:   31  365   88   19 3 |  5256  5225   119  4741
0008:   50  260   58   38 3 |  4320  4270   230  3780
0009:   90  176   32   89 1 |   866   776   435   165
0010:   11  359   24   46 1 |  3799  3788   709  2720
0011:   46  480   65   52 3 |  5321  5275   291  4504
0012:   79  234  100   29 3 |  1094  1015    59   722
0013:   18  242   94   61 4 |  1514  1496   135  1119
0014:   58  159   67   36 4 |  2655  2597   109  2329
0015:   19  213   50   69 2 |  2990  2971   368  2390
0016:   61  400   40   44 2 |  3332  3271   464  2407
0017:   44  349   87   96 2 |  1801  1757   428   980
0018:  100  478   15   43 4 |  5799  5699  1170  4051
0019:    8  303   12   95 4 |  6860  6852  2799  3750
SUM: 6860 86.71 78.70 3606.05 2855.85 0.292
