RR 2
0000:   28  166   91   47 2 |  3058  3030    85  2779
0001:   38  227   96   67 4 |  3867  3829   127  3475
0002:   41  298   41   17 2 |  4604  4563   117  4148
0003:   85  427   80   92 4 |  5339  5254   400  4427
0004:   13  225   98   26 4 |  3765  3752   101  3426
0005:   33  122   41   68 1 |  2400  2367    95  2150
0006:   32  335   64   45 3 |  4874  4842   194  4313
0007:   69  162   81   31 3 |  3092  3023    81  2780
0008:   35  337   36   96 3 |  5158  5123   626  4160
0009:    0  262   36   72 1 |  4464  4464   610  3592
0010:   53  407   96   63 1 |  5375  5322   548  4367
0011:   39  484   14   73 3 |  6375  6336  2292  3560
0012:   47  306   43   77 3 |  4845  4798   426  4066
0013:   87  496   16   36 4 |  5869  5782  1158  4128
0014:   55  238   76   67 4 |  4049  3994   164  3592
0015:   66  121   90   85 2 |  2469  2403   137  2145
0016:    5  415   86   14 2 |  5175  5170    81  4674
0017:   77  324   41   90 2 |  5011  4934   571  4039
0018:   55  160   53   23 4 |  3050  2995   111  2724
0019:   21  155   45   98 4 |  2960  2939   175  2609
SUM: 6375 88.89 74.53 4246.00 3557.70 0.314
