PREPRIO 2
0000:   58  346   57   58 2 |  4790  4732   393  3993
0001:    9  367   66   26 5 |  3430  3421    77  2977
0002:   65  227   69   20 3 |  3472  3407    47  3133
0003:   31  129   61   36 2 |  3330  3299    61  3109
0004:   72  116   88   77 5 |  1260  1188   124   948
0005:   61  158   84   26 2 |  3685  3624    80  3386
0006:   10  193   86   35 2 |  3966  3956    90  3673
0007:    5  418   23   42 4 |  3875  3870   762  2690
0008:   73  116   11   54 2 |  2890  2817   616  2085
0009:   99  198   43   16 1 |  4739  4640    61  4381
0010:   61  308   28   60 4 |  3495  3434   476  2650
0011:   81  190   13   75 4 |  2408  2327   954  1183
0012:   75  255   83  100 1 |  5125  5050   277  4518
0013:   66  437   16   73 4 |  4639  4573  2132  2004
0014:   25  392   77   54 1 |  5373  5348   237  4719
0015:   16  193   29   16 2 |  3884  3868    81  3594
0016:   56  464   89   51 2 |  5135  5079   450  4165
0017:   65  325   97   18 4 |  3731  3666    83  3258
0018:   52  157   29   10 2 |  3492  3440    58  3225
0019:    1  426   18   64 1 |  6119  6118  1551  4141
SUM: 6119 88.49 82.81 3892.85 3191.60 0.327
