LCFS
0000:   87  328   37   30 2 |  1813  1726   259  1139
0001:   37  439   72   10 4 |  4087  4050    46  3565
0002:   70  387   52   91 2 |  1634  1564   465   712
0003:   52  308   57   31 4 |  2854  2802   153  2341
0004:   37  244   50   71 4 |  4603  4566   389  3933
0005:    1  131   45   61 1 |  5456  5455   178  5146
0006:   43  419   78   54 3 |  4286  4243   227  3597
0007:   73  226   63   29 3 |   961   888   116   546
0008:   68  428   98   60 3 |  2230  2162   261  1473
0009:    1  132   50   19 1 |  2245  2244    50  2062
0010:   77  174   91   90 1 |  1084  1007   118   715
0011:    9  191   81   90 3 |  5268  5259   251  4817
0012:   57  451   37   55 3 |  4870  4813   743  3619
0013:   19  354   54   83 4 |  5795  5776   663  4759
0014:   22  396   21   77 4 |  6604  6582  1235  4951
0015:   58  163   10   88 2 |  5361  5303  1501  3639
0016:   65  136   79   69 2 |  2121  2056   106  1814
0017:   45  364   68   82 2 |   937   892   305   223
0018:   44  389   31   81 4 |  4524  4480  1119  2972
0019:   29  103   58   35 4 |  4624  4595    55  4437
SUM: 6604 87.27 77.45 3523.15 2823.00 0.303
