PREPRIO 2
0000:   14  136   28   68 2 |  3301  3287   312  2839
0001:   79  283   70   80 5 |  2842  2763   350  2130
0002:   10  300   15   33 3 |  3629  3619   694  2625
0003:   73  128   88   89 2 |  3227  3154   142  2884
0004:    1  160   36   62 5 |  1579  1578   190  1228
0005:   21  490   23   62 2 |  5834  5813  1121  4202
0006:   79  152   34   98 2 |  3581  3502   383  2967
0007:   10  416   38   92 4 |  4218  4208   940  2852
0008:    6  348   89   23 2 |  4919  4913    88  4477
0009:   89  430   96   64 1 |  6006  5917   205  5282
0010:   71  153   20   97 4 |  1881  1810   505  1152
0011:   32  260   72   23 4 |  3073  3041    64  2717
0012:   37  475   52   22 1 |  6020  5983   169  5339
0013:   29  358   57   95 4 |  3887  3858   837  2663
0014:   37  496   20   51 1 |  6381  6344  1134  4714
0015:    4  318   32   78 2 |  5000  4996   676  4002
0016:    6  253   86   71 2 |  4433  4427   122  4052
0017:   14  380   71   12 4 |  3760  3746   108  3258
0018:   34  292   90   96 2 |  4718  4684   209  4183
0019:   71  307   20   24 1 |  5573  5502   371  4824
SUM: 6381 96.14 74.69 4157.25 3419.50 0.313
