RR 2
0000:   96  252   61   10 2 |  4425  4329    65  4012
0001:   80  278   95   17 4 |  4674  4594    54  4262
0002:   89  417   71   48 2 |  5923  5834   312  5105
0003:   12  108   60   59 4 |  1967  1955   129  1718
0004:    3  429   39   73 4 |  6123  6120   984  4707
0005:   70  375   63   65 1 |  5659  5589   302  4912
0006:   86  259   34   29 3 |  4639  4553   193  4101
0007:   91  493   67   15 3 |  6010  5919    80  5346
0008:   20  188   23   32 3 |  3703  3683   260  3235
0009:   31  460   71   24 1 |  5972  5941   153  5328
0010:   15  416   26   21 1 |  5885  5870   323  5131
0011:   41  421   48   42 3 |  5950  5909   385  5103
0012:  100  355   55   87 3 |  5760  5660   660  4645
0013:   67  199   47   83 4 |  3854  3787   242  3346
0014:   67  142   74   87 4 |  2961  2894   253  2499
0015:   91  156   74   39 2 |  3044  2953    28  2769
0016:   87  166   28   47 2 |  3520  3433   297  2970
0017:   88  275   92   17 2 |  4648  4560    49  4236
0018:   27  227   75   58 4 |  4075  4048   147  3674
0019:   41  422   89   36 4 |  5838  5797   160  5215
SUM: 6123 98.61 58.45 4671.40 4115.70 0.327
