PRIO 2
0000:   46  118   17   34 2 |  2820  2774   198  2458
0001:   32  285   91   97 4 |  3847  3815   274  3256
0002:   95  270   69   77 2 |  5130  5035   207  4558
0003:   43  390   65   86 4 |  4730  4687   448  3849
0004:   57  351   80   65 4 |  4490  4433   279  3803
0005:   60  401   40   23 1 |  6041  5981   214  5366
0006:   15  493   32   63 3 |  5554  5539   966  4080
0007:   31  224   68   44 3 |  3978  3947   114  3609
0008:    4  343   73   40 3 |  4868  4864   180  4341
0009:   83  397   57   89 1 |  6180  6097   517  5183
0010:   29  477   84   79 1 |  6225  6196   310  5409
0011:   35  424   19   63 3 |  5534  5499  1551  3524
0012:   30  215   80   27 3 |  3708  3678    56  3407
0013:   38  364   97   76 4 |  4450  4412   289  3759
0014:   33  134   69   59 4 |  1875  1842   131  1577
0015:   37  118   16   19 2 |  2844  2807   126  2563
0016:    3  219   99   64 2 |  4858  4855   103  4533
0017:   30  319   40   90 2 |  5600  5570   776  4475
0018:   30  301   64   13 4 |  3877  3847    52  3494
0019:   35  366   56   66 4 |  4383  4348   552  3430
SUM: 6225 99.74 66.73 4511.30 3833.70 0.321
