FCFS
0000:   40  388   65   74 2 |  4868  4828   447  3993
0001:   37  318   18   27 4 |  5587  5550   406  4826
0002:   33  264   95   92 2 |  4241  4208   338  3606
0003:   89  184   27   96 4 |  4939  4850   411  4255
0004:   99  322   87   53 4 |  3677  3578   186  3070
0005:   23  188   52   82 1 |  2904  2881   275  2418
0006:   79  407   64   37 3 |  4595  4516   208  3901
0007:   22  227   59   33 3 |  3714  3692    99  3366
0008:   68  269   75  100 3 |  4378  4310   313  3728
0009:   25  422   34   21 1 |  5303  5278   210  4646
0010:   17  241   34   13 1 |  4937  4920    72  4607
0011:   42  211   70   72 3 |  4460  4418   260  3947
0012:   63  139   46   46 3 |  3804  3741   160  3442
0013:   17  209   92   61 4 |  2305  2288    82  1997
0014:    0  264   72   16 4 |  2409  2409    26  2119
0015:   41  424   89   66 2 |  4728  4687   275  3988
0016:   85  358   67   44 2 |  4902  4817   265  4194
0017:   44  398   13   26 2 |  6225  6181   881  4902
0018:  100  151   19   88 4 |  5191  5091   499  4441
0019:   15  280   85   99 4 |  3903  3888   498  3110
SUM: 6225 90.99 66.52 4306.55 3727.80 0.321
