RR 2
0000:   91  195   64   30 2 |  3651  3560   112  3253
0001:   93  360   14   42 4 |  5779  5686   940  4386
0002:   34  383   15   45 2 |  5944  5910  1183  4344
0003:   46  313   47   30 4 |  4970  4924   141  4470
0004:   47  139   59   67 4 |  2725  2678    87  2452
0005:   50  136   20   67 1 |  3040  2990   391  2463
0006:   64  265   36   48 3 |  4621  4557   212  4080
0007:    8  231   61   31 3 |  3884  3876   125  3520
0008:   16  203   48   79 3 |  3880  3864   463  3198
0009:   33  179   71   75 1 |  3373  3340   151  3010
0010:   50  345   35   57 1 |  5563  5513   631  4537
0011:   30  411   57   53 3 |  5728  5698   319  4968
0012:   61  296   27   46 3 |  5069  5008   456  4256
0013:   45  145   32   58 4 |  2916  2871   185  2541
0014:   47  414   97   43 4 |  5715  5668   284  4970
0015:   22  278   55   68 2 |  4686  4664   309  4077
0016:   53  275   18   28 2 |  4916  4863   445  4143
0017:   15  461   40   51 2 |  5966  5951   660  4830
0018:   84  404   90   27 4 |  5647  5563   193  4966
0019:   92  404   56   21 4 |  5670  5578   157  5017
SUM: 5966 97.84 72.39 4638.10 3974.05 0.335
