PRIO 5
0000:   10  143   66   77 3 |  2078  2068   161  1764
0001:   64  339   14   22 2 |  4077  4013   498  3176
0002:   27  127   48   27 1 |  4243  4216    30  4059
0003:   49  472   28   21 3 |  3941  3892   247  3173
0004:   65  277   85   59 2 |  4448  4383   102  4004
0005:   32  180   42   61 3 |  2638  2606   222  2204
0006:   97  213   38   78 3 |  2858  2761   389  2159
0007:   23  441   78   81 1 |  5526  5503   448  4614
0008:   85  453   63   79 3 |  4501  4416   458  3505
0009:    0  483   41  100 3 |  4776  4776  1275  3018
0010:   94  217   77   50 1 |  4883  4789   181  4391
0011:   70  274   67   66 1 |  5098  5028   339  4415
0012:   38  307   59   46 2 |  4491  4453   324  3822
0013:   13  198   18   62 1 |  4927  4914   546  4170
0014:    0  259   82   53 3 |  3507  3507   142  3106
0015:   61  141   39   67 2 |  2708  2647   260  2246
0016:   49  145   78   48 1 |  4465  4416    90  4181
0017:   50  446   68   53 1 |  5464  5414   384  4584
0018:   70  169   71   64 3 |  2099  2029   226  1634
0019:   27  127   32   43 2 |  2645  2618   153  2338
SUM: 5526 97.92 68.35 3922.45 3328.15 0.362
