PREPRIO 2
0000:   11  308   30   58 2 |  5348  5337   403  4626
0001:   76  201   32   87 5 |  2198  2122   587  1334
0002:   30  222   75   36 3 |  3524  3494    57  3215
0003:    0  121   40   79 2 |  3194  3194   212  2861
0004:   99  323   35   23 5 |  3044  2945   193  2429
0005:   12  317   74   21 2 |  5305  5293    73  4903
0006:   30  336   18   62 2 |  5708  5678  1105  4237
0007:    2  154   73   35 4 |  1883  1881    84  1643
0008:   67  389   51   65 2 |  5859  5792   455  4948
0009:   54  444   27   15 1 |  6425  6371   213  5714
0010:    7  481   39   27 4 |  4454  4447   375  3591
0011:   90  353   89   75 4 |  4256  4166   323  3490
0012:    0  441   11   22 1 |  6726  6726   915  5370
0013:   24  386   32   57 4 |  4328  4304   752  3166
0014:   23  231   91   99 1 |  5994  5971   107  5633
0015:    6  440   51   80 2 |  6017  6011   579  4992
0016:  100  210   18   48 2 |  4406  4306   620  3476
0017:   91  486   53   40 4 |  4738  4647   317  3844
0018:   12  347   19   80 2 |  5864  5852  1367  4138
0019:    4  354   17   90 1 |  7145  7141  1932  4855
SUM: 7145 91.59 79.26 4783.90 3923.25 0.280
