RR 5
0000:   57  314   91   98 2 |  5153  5096   349  4433
0001:   95  307   26   48 4 |  5446  5351   525  4519
0002:   82  261   59   20 2 |  4362  4280    34  3985
0003:   24  248   76   42 4 |  4182  4158   194  3716
0004:   70  148   57   96 4 |  3040  2970   314  2508
0005:   91  490   69   62 1 |  6113  6022   541  4991
0006:   15  226   43   80 3 |  3845  3830   304  3300
0007:   26  102   89   56 3 |  1838  1812    46  1664
0008:   27  474   60   87 3 |  6039  6012   577  4961
0009:   78  409   36   71 1 |  5795  5717   509  4799
0010:   81  115   85   30 1 |  2335  2254    47  2092
0011:   26  475   28   95 3 |  6620  6594  1938  4181
0012:   94  317   90   42 3 |  5105  5011   239  4455
0013:   87  300   49   30 4 |  5028  4941   158  4483
0014:    6  292   53   36 4 |  4734  4728   159  4277
0015:   68  322   50   75 2 |  5312  5244   477  4445
0016:   44  417   25   49 2 |  6067  6023   889  4717
0017:    5  346   20   53 2 |  5860  5855   942  4567
0018:   94  394   85   86 4 |  5717  5623   404  4825
0019:   26  221   30   60 4 |  4180  4154   358  3575
SUM: 6620 93.32 76.21 4783.75 4024.65 0.302
