RR 5
0000:   97  391   88   35 2 |  5459  5362   146  4825
0001:   32  299   56   53 4 |  4410  4378   131  3948
0002:   27  355   17   20 2 |  5610  5583   378  4850
0003:   90  372   51   98 4 |  5783  5693   789  4532
0004:   81  497   13   45 4 |  6577  6496  1606  4393
0005:   99  151   36   52 1 |  3039  2940   275  2514
0006:   72  203   93   77 3 |  3568  3496   246  3047
0007:   58  115   25   28 3 |  2339  2281   114  2052
0008:   74  273   17   96 3 |  5526  5452  1189  3990
0009:   55  374   45   16 1 |  5328  5273    96  4803
0010:   96  134   63   75 1 |  2522  2426    52  2240
0011:  100  464   31   17 3 |  5891  5791   322  5005
0012:   72  146   44   92 3 |  2882  2810   333  2331
0013:   58  116   86   91 4 |  2174  2116   137  1863
0014:   56  439   90   53 4 |  5683  5627   255  4933
0015:   34  383   11   23 2 |  6046  6012   797  4832
0016:   97  358   60   26 2 |  5319  5222   155  4709
0017:   35  277   21   99 2 |  5450  5415  1198  3940
0018:   36  328   44   64 4 |  5149  5113   516  4269
0019:   61  480   12   17 4 |  6154  6093   672  4941
SUM: 6577 93.58 77.69 4678.95 3900.85 0.304
