SRTF
0000:   31  428   58   51 2 |  5194  5163   294  4441
0001:   91  314   39   52 4 |  2610  2519   363  1842
0002:   83  494   45   24 2 |  6235  6152   338  5320
0003:   22  498   43   66 4 |  6469  6447   506  5443
0004:   76  243   14   38 4 |  3317  3241   891  2107
0005:   46  123   16   94 1 |  1056  1010   692   195
0006:   10  370   63   62 3 |  3953  3943   188  3385
0007:    5  490   47   42 3 |  5802  5797   487  4820
0008:   80  212   40   21 3 |   920   840    91   537
0009:   54  358   69   17 1 |  3315  3261   112  2791
0010:   47  190   35   96 1 |  1396  1349   482   677
0011:   47  233   86   84 3 |  1332  1285   229   823
0012:   32  382   98   31 3 |  4097  4065   112  3571
0013:   96  157   27   92 4 |   919   823   432   234
0014:   83  418  100  100 4 |  4714  4631   272  3941
0015:   70  181   42   16 2 |   493   423    89   153
0016:   66  302   19   35 2 |  3518  3452   468  2682
0017:   45  264   47   58 2 |  2003  1958   271  1423
0018:   15  317   83   89 4 |  2847  2832   407  2108
0019:    2  316   89   62 4 |  1478  1476   144  1016
SUM: 6469 97.23 67.17 3033.35 2375.45 0.309
