SRTF
0000:   39  471   25   65 2 |  7222  7183  1473  5239
0001:   52  368   99   67 4 |  3202  3150   303  2479
0002:   54  318   93   96 2 |  1808  1754   280  1156
0003:   47  322   13   58 4 |  5296  5249  1384  3543
0004:   58  327   75   50 4 |  2270  2212   190  1695
0005:    8  308   75   35 1 |  1279  1271   130   833
0006:   19  363   48   77 3 |  4296  4277   729  3185
0007:   17  360   81   50 3 |  2328  2311   165  1786
0008:   57  491   23   31 3 |  6667  6610   584  5535
0009:   29  460   94   23 1 |  5105  5076   159  4457
0010:   27  383   16   87 1 |  7421  7394  2197  4814
0011:    4  103   54   76 3 |   340   336   102   131
0012:    7  409   41   19 3 |  4327  4320   138  3773
0013:   87  364   80  100 4 |  3934  3847   637  2846
0014:   56  427   44   68 4 |  5857  5801   610  4764
0015:   26  244   20   67 2 |  2332  2306   783  1279
0016:   16  154   68   52 2 |   381   365    13   198
0017:   58  239   87   40 2 |   856   798   163   396
0018:   60  228   88   54 4 |   610   550   139   183
0019:    9  308   17   65 4 |  4264  4255  1142  2805
SUM: 7421 89.57 81.59 3453.25 2554.85 0.270
