LCFS
0000:   51  378   45   62 2 |  5909  5858   613  4867
0001:   29  192   34   14 4 |  5207  5178    85  4901
0002:   15  446   90   54 2 |  6127  6112   250  5416
0003:   39  152   19   69 4 |  2142  2103   637  1314
0004:   57  357   91   64 4 |  3807  3750   289  3104
0005:   64  244   71   44 1 |  2752  2688   116  2328
0006:   69  439   98   85 3 |  1995  1926   410  1077
0007:   68  494   58   68 3 |  3769  3701   542  2665
0008:   53  468   80   72 3 |  5844  5791   633  4690
0009:   98  131   96   93 1 |   308   210    37    42
0010:   48  177   44   27 1 |  5060  5012   146  4689
0011:   71  166   17   86 3 |  3103  3032   558  2308
0012:   95  435   99   99 3 |  1777  1682   456   791
0013:   84  316   28   33 4 |  2235  2151   319  1516
0014:   16  303   35   52 4 |  6474  6458   617  5538
0015:   99  278   36   50 2 |  2021  1922   514  1130
0016:   11  409   72   50 2 |  2480  2469   270  1790
0017:   56  400   58   15 2 |  4834  4778   124  4254
0018:   25  231   12   21 4 |  6669  6644   410  6003
0019:    0  374   38   65 4 |  4171  4171   670  3127
SUM: 6669 95.82 68.80 3781.80 3077.50 0.300
