LCFS
0000:   43  227   71   52 2 |  4405  4362   168  3967
0001:   57  451   24   82 4 |  5793  5736  1454  3831
0002:   96  217   20   26 2 |  1452  1356   260   879
0003:    9  476   36   35 4 |  4747  4738   383  3879
0004:   57  352   99   31 4 |   546   489    64    73
0005:   32  392   31   59 1 |  7221  7189   889  5908
0006:   34  407   66   34 3 |  5514  5480   191  4882
0007:   42  398   40   57 3 |  2456  2414   753  1263
0008:   18  464   92   30 3 |  6636  6618   137  6017
0009:   77  452   50   44 1 |  3829  3752   487  2813
0010:   79  488   73   94 1 |  2817  2738   651  1599
0011:    4  430   28   49 3 |  7411  7407   692  6285
0012:   95  177   75   51 3 |  1034   939   160   602
0013:   69  105   86   62 4 |  2525  2456    58  2293
0014:   26  266   64   13 4 |  5757  5731    58  5407
0015:   56  479   82   80 2 |  3835  3779   403  2897
0016:   49  207   89   84 2 |  3674  3625   258  3160
0017:   94  363   69   88 2 |  1998  1904   535  1006
0018:    7  316   96   35 4 |  6715  6708    74  6318
0019:   34  450   19   70 4 |  5208  5174  1379  3345
SUM: 7411 96.03 74.56 4129.75 3321.20 0.270
