PREPRIO 2
0000:    7  328   20   43 2 |  5240  5233   666  4239
0001:   58  298   59   35 5 |  3043  2985   194  2493
0002:   33  118   99   16 3 |  2102  2069    18  1933
0003:   92  487   16   47 2 |  6300  6208  1533  4188
0004:   97  477   23   41 5 |  3776  3679   934  2268
0005:   16  308   45   51 2 |  5152  5136   299  4529
0006:   15  445   80   39 2 |  5741  5726   237  5044
0007:   60  267   84   65 4 |  3561  3501   112  3122
0008:   19  185   82   22 2 |  4270  4251    54  4012
0009:   98  259   54   81 1 |  5900  5802   375  5168
0010:   99  437   81   68 4 |  4580  4481   315  3729
0011:   74  305   43   68 4 |  3790  3716   416  2995
0012:   54  113   35   28 1 |  4624  4570   102  4355
0013:   57  362   21   87 4 |  4357  4300  1603  2335
0014:   75  112   67   44 1 |  4741  4666    53  4501
0015:   45  175   82   99 2 |  4162  4117   197  3745
0016:   59  464   48   54 2 |  5931  5872   683  4725
0017:   29  224   68   15 4 |  2929  2900    64  2612
0018:   20  474   50   33 2 |  5873  5853   377  5002
0019:   36  142   81   22 1 |  5015  4979    29  4808
SUM: 6300 94.92 77.49 4502.20 3790.15 0.317
