PREPRIO 4
0000:   10  458   64   99 2 |  5969  5959   647  4854
0001:   91  160   72   32 4 |  2340  2249    73  2016
0002:   90  150   33   55 2 |  3617  3527   226  3151
0003:   35  112   94   11 4 |  1734  1699     5  1582
0004:   66  171   41   22 4 |  1988  1922   113  1638
0005:   88  162   55   42 1 |  5285  5197   143  4892
0006:   15  451   76   14 3 |  5129  5114    63  4600
0007:   44  406   95   71 3 |  5123  5079   239  4434
0008:   62  427   62   48 3 |  5088  5026   242  4357
0009:   19  379   77   10 1 |  5904  5885    58  5448
0010:    9  390   49   19 1 |  5987  5978   113  5475
0011:   30  202   63   33 3 |  3758  3728    53  3473
0012:    9  309   19   92 3 |  4232  4223  1349  2565
0013:    1  366   83   30 4 |  3778  3777   130  3281
0014:   84  436   37   36 4 |  4129  4045   359  3250
0015:   74  309   32   57 2 |  5209  5135   735  4091
0016:   40  170   58   30 2 |  4224  4184    77  3937
0017:   10  344   58   75 2 |  5557  5547   391  4812
0018:   92  287   58   88 4 |  3467  3375   408  2680
0019:   66  269   39   13 4 |  2691  2625   109  2247
SUM: 5987 99.52 60.93 4213.70 3639.15 0.334
