PRIO 2
0000:   10  458   64   99 2 |  5879  5869   686  4725
0001:   91  160   72   32 4 |  2252  2161    61  1940
0002:   90  150   33   55 2 |  3784  3694   262  3282
0003:   35  112   94   11 4 |  1484  1449    11  1326
0004:   66  171   41   22 4 |  2317  2251    52  2028
0005:   88  162   55   42 1 |  5384  5296   118  5016
0006:   15  451   76   14 3 |  5208  5193    81  4661
0007:   44  406   95   71 3 |  5161  5117   336  4375
0008:   62  427   62   48 3 |  5126  5064   288  4349
0009:   19  379   77   10 1 |  5908  5889    36  5474
0010:    9  390   49   19 1 |  5973  5964   118  5456
0011:   30  202   63   33 3 |  3466  3436   127  3107
0012:    9  309   19   92 3 |  4468  4459  1374  2776
0013:    1  366   83   30 4 |  4150  4149   130  3653
0014:   84  436   37   36 4 |  4366  4282   416  3430
0015:   74  309   32   57 2 |  5319  5245   466  4470
0016:   40  170   58   30 2 |  4010  3970    98  3702
0017:   10  344   58   75 2 |  5501  5491   409  4738
0018:   92  287   58   88 4 |  3767  3675   469  2919
0019:   66  269   39   13 4 |  3150  3084    94  2721
SUM: 5973 99.75 64.26 4286.90 3707.40 0.335
