RR 2
0000:   46  356   53   61 2 |  5447  5401   320  4725
0001:   78  217   11   10 4 |  4175  4097   178  3702
0002:   93  404   97   28 2 |  5582  5489    94  4991
0003:   12  322   29   85 4 |  5518  5506  1009  4175
0004:   50  431   30   82 4 |  6015  5965  1021  4513
0005:   99  276   87   40 1 |  4668  4569   105  4188
0006:   49  209   15   35 3 |  4217  4168   442  3517
0007:   24  499   97   57 3 |  5974  5950   362  5089
0008:   40  486   85   51 3 |  5931  5891   266  5139
0009:   32  328   58   19 1 |  5063  5031   130  4573
0010:   93  123  100   28 1 |  2387  2294    25  2146
0011:   49  121   55   18 3 |  2269  2220    21  2078
0012:   31  378   67  100 3 |  5655  5624   486  4760
0013:   14  336   17   99 4 |  6328  6314  2272  3706
0014:   74  230   78   14 4 |  4017  3943    42  3671
0015:   60  119   91   82 2 |  2281  2221    26  2076
0016:   83  255   70   41 2 |  4474  4391   168  3968
0017:   72  329   95   88 2 |  5211  5139   288  4522
0018:   51  490   11   51 4 |  6641  6590  1871  4229
0019:   90  240   98   10 4 |  4162  4072    19  3813
SUM: 6641 92.59 76.24 4743.75 3979.05 0.301
