PREPRIO 4
0000:   27  257   24   17 2 |  4768  4741   180  4304
0001:   34  139   18   88 4 |  1789  1755   655   961
0002:   26  281   65   31 2 |  5345  5319    75  4963
0003:   79  262   48   81 4 |  3157  3078   395  2421
0004:   40  435   37   59 4 |  4417  4377   676  3266
0005:   41  298   98   82 1 |  6060  6019   275  5446
0006:   21  433   18   57 3 |  4748  4727  1228  3066
0007:   56  239   49   37 3 |  4051  3995   117  3639
0008:   16  442   36   74 3 |  5399  5383   867  4074
0009:   32  383   99   36 1 |  6126  6094   149  5562
0010:   92  289   30   84 1 |  6281  6189   923  4977
0011:   53  479   99   68 3 |  5464  5411   152  4780
0012:    4  127   92   40 3 |  2720  2716    38  2551
0013:   87  351   17   73 4 |  3310  3223  1288  1584
0014:   46  240   22   54 4 |  2046  2000   591  1169
0015:   12  317   29   11 2 |  5350  5338   112  4909
0016:   59  268   71   65 2 |  5247  5188   339  4581
0017:    0  448   89   33 2 |  5842  5842   202  5192
0018:   26  223   61   40 4 |  2494  2468   253  1992
0019:   19  227   68   57 4 |  3202  3183   214  2742
SUM: 6281 97.72 74.86 4352.30 3608.95 0.318
