SRTF
0000:   55  301   70   97 2 |  2801  2746   472  1973
0001:   31  118   52   45 4 |   395   364   123   123
0002:   59  338   20   96 2 |  5669  5610  1814  3458
0003:   30  366   89   50 4 |  3594  3564   212  2986
0004:   53  440   45   11 4 |  4854  4801   138  4223
0005:   26  330   86   97 1 |  2800  2774   462  1982
0006:   50  231   48   74 3 |  1338  1288   474   583
0007:   15  321   66   72 3 |  2188  2173   447  1405
0008:   36  264   24   79 3 |  2856  2820   793  1763
0009:   24  476   22   32 1 |  6639  6615   754  5385
0010:   64  403   40   20 1 |  4857  4793   198  4192
0011:   73  328   71   52 3 |  3331  3258   317  2613
0012:   90  458   35   74 3 |  6506  6416  1043  4915
0013:   50  467   13   93 4 |  8855  8805  3006  5332
0014:   86  365   43   98 4 |  4297  4211   811  3035
0015:   74  251   77   60 2 |   870   796   123   422
0016:   49  379   12   55 2 |  6461  6412  1461  4572
0017:   89  259   69   93 2 |  1602  1513   388   866
0018:    2  332   72   65 4 |  1685  1683   275  1076
0019:   32  203   94   22 4 |   567   535    65   267
SUM: 8855 74.87 84.54 3558.85 2558.55 0.226
