PRIO 5
0000:   31  433   23   81 3 |  4156  4125  1299  2393
0001:   43  382   86   93 2 |  5112  5069   351  4336
0002:   59  262   18   10 1 |  5201  5142   126  4754
0003:   11  162   16   60 3 |  1629  1618   700   756
0004:   72  253   25   74 2 |  4186  4114   875  2986
0005:   24  426   97   13 3 |  4400  4376    52  3898
0006:   92  394   20   65 3 |  3788  3696  1011  2291
0007:    9  128   18   79 1 |  4364  4355   726  3501
0008:   52  128   92   16 3 |  2014  1962    23  1811
0009:   80  121   97   40 3 |  1601  1521    37  1363
0010:    7  102   38   50 1 |  3789  3782    94  3586
0011:   63  291   73   62 1 |  5397  5334   265  4778
0012:   70  290   30   19 2 |  4002  3932   184  3458
0013:   47  316   88   59 1 |  5426  5379   189  4874
0014:    4  154   90   81 3 |  2217  2213    46  2013
0015:   99  315   71   18 2 |  4685  4586    64  4207
0016:    5  178   92   70 1 |  4904  4899   116  4605
0017:   73  454   74   59 1 |  5729  5656   283  4919
0018:   16  383   60   95 3 |  4333  4317   635  3299
0019:   60  394   99   36 2 |  5006  4946   131  4421
SUM: 5729 97.15 72.07 4051.10 3412.45 0.349
