FCFS
0000:   54  427   46   42 2 |  5747  5693   345  4921
0001:   57  216   98   72 4 |  2056  1999   192  1591
0002:   76  159   92   11 2 |  2095  2019    11  1849
0003:   71  375   58   19 4 |  5454  5383   116  4892
0004:   86  470   91   61 4 |  4552  4466   199  3797
0005:   45  114   51   67 1 |  2218  2173    92  1967
0006:   48  260   54   50 3 |  4605  4557   283  4014
0007:   56  105   49   32 3 |  2351  2295    43  2147
0008:   69  377   56  100 3 |  5689  5620   703  4540
0009:   92  134   32   15 1 |  3026  2934    31  2769
0010:    6  461   64   69 1 |  5613  5607   674  4472
0011:   81  489   85   57 3 |  4358  4277   283  3505
0012:   90  240   39   75 3 |  4756  4666   298  4128
0013:   19  246   39   75 4 |  5357  5338   512  4580
0014:   60  418   25   65 4 |  6454  6394  1119  4857
0015:    5  263   37   99 2 |  5471  5466   789  4414
0016:   66  302   29   55 2 |  6082  6016   668  5046
0017:   51  137   20   49 2 |  5461  5410   418  4855
0018:   23  459   44   11 4 |  5961  5938   151  5328
0019:   48  442   85   30 4 |  3910  3862   123  3297
SUM: 6454 94.42 70.14 4505.65 3848.45 0.310
