RR 2
0000:   16  274   73   81 2 |  4468  4452   266  3912
0001:   22  297   70   70 4 |  4770  4748   340  4111
0002:    5  369   99   94 2 |  5182  5177   359  4449
0003:    8  195   55   67 4 |  3415  3407   177  3035
0004:   21  105   54   74 4 |  2150  2129   224  1800
0005:   72  447   60   41 1 |  5419  5347   266  4634
0006:   55  167   89   24 3 |  3007  2952    19  2766
0007:   74  366   96   95 3 |  5312  5238   433  4439
0008:   33  125   44   99 3 |  2622  2589   323  2141
0009:   96  103   87   99 1 |  2133  2037    84  1850
0010:   86  313   18   99 1 |  5414  5328  1325  3690
0011:   78  296   83   63 3 |  4698  4620   223  4101
0012:   18  188   46   55 3 |  3328  3310   120  3002
0013:   48  257   81   26 4 |  4137  4089    58  3774
0014:   62  304   56   48 4 |  4815  4753   300  4149
0015:   89  368   63   53 2 |  5264  5175   384  4423
0016:   82  385  100   25 2 |  5244  5162   118  4659
0017:   32  160   28   43 2 |  3081  3049   195  2694
0018:    8  485   14   85 4 |  7039  7031  3204  3342
0019:   88  413   79   15 4 |  5310  5222    70  4739
SUM: 7039 79.80 80.72 4290.75 3585.50 0.284
