PREPRIO 4
0000:   57  374   41  100 2 |  5592  5535   668  4493
0001:    9  393   60   46 4 |  4447  4438   311  3734
0002:   36  416   41   94 2 |  5907  5871   733  4722
0003:   20  410   29   59 4 |  4083  4063   794  2859
0004:   32  156   93   19 4 |  2158  2126    13  1957
0005:   18  486   56   56 1 |  6543  6525   537  5502
0006:   51  310   40   55 3 |  4549  4498   460  3728
0007:   13  104   67   60 3 |  2054  2041    45  1892
0008:   75  451   55   62 3 |  5182  5107   230  4426
0009:   55  300   13   31 1 |  5997  5942   571  5071
0010:    1  492   51  100 1 |  6730  6729   929  5308
0011:   58  348   65   34 3 |  4947  4889   166  4375
0012:   79  317   83   47 3 |  4764  4685   110  4258
0013:    6  336   66   70 4 |  4136  4130   345  3449
0014:   87  290   96   16 4 |  3564  3477    58  3129
0015:   62  303   75   82 2 |  5427  5365   310  4752
0016:   41  165   53   14 2 |  4311  4270    44  4061
0017:    0  116   63   61 2 |  3159  3159    61  2982
0018:   58  490   92   28 4 |  4992  4934   103  4341
0019:   96  135   66   92 4 |  1623  1527   158  1234
SUM: 6730 94.98 63.40 4465.55 3813.65 0.297
