PRIO 2
0000:   67  479   51   89 2 |  6194  6127   825  4823
0001:  100  414   92   50 4 |  4883  4783   251  4118
0002:   90  183   19   43 2 |  4433  4343   448  3712
0003:   41  295   88   26 4 |  3753  3712   135  3282
0004:   87  229   72   34 4 |  3466  3379   124  3026
0005:   53  314   98   39 1 |  6071  6018   102  5602
0006:   24  217   96   91 3 |  3880  3856   167  3472
0007:    3  370   86   70 3 |  5235  5232   371  4491
0008:   14  146   30   29 3 |  2591  2577   137  2294
0009:   14  310   93   37 1 |  6037  6023    91  5622
0010:   12  447   38   55 1 |  6485  6473   641  5385
0011:   14  286   32   51 3 |  4560  4546   263  3997
0012:   93  228   48   68 3 |  4082  3989   472  3289
0013:   67  498   75   83 4 |  5360  5293   718  4077
0014:   93  438   31   41 4 |  4771  4678   524  3716
0015:   25  363   54   20 2 |  5561  5536   198  4975
0016:   56  136   23   31 2 |  3603  3547    98  3313
0017:   96  286   44   50 2 |  5316  5220   179  4755
0018:   37  428   15   50 4 |  4488  4451  1129  2894
0019:   69  222   38   81 4 |  3139  3070   528  2320
SUM: 6485 96.98 72.29 4642.65 3958.15 0.308
