RR 5
0000:   86  212   38   94 2 |  4341  4255   402  3641
0001:   13  337   74   38 4 |  5336  5323   153  4833
0002:   94  354   79   97 2 |  6017  5923   468  5101
0003:   92  403   40   15 4 |  6235  6143   224  5516
0004:   95  231   23   95 4 |  5161  5066   951  3884
0005:   98  200   93   17 1 |  3780  3682    30  3452
0006:  100  181   46   97 3 |  3767  3667   305  3181
0007:   56  241   60   41 3 |  4504  4448   250  3957
0008:   24  478   20   41 3 |  6660  6636   832  5326
0009:   80  370   42   36 1 |  6075  5995   323  5302
0010:   60  460   98   28 1 |  6339  6279   155  5664
0011:   13  373   61   88 3 |  6086  6073   515  5185
0012:   59  174   67   25 3 |  3279  3220    43  3003
0013:   59  347   24   37 4 |  6279  6220   588  5285
0014:   69  419   34   79 4 |  6559  6490  1065  5006
0015:   17  202   52   13 2 |  3737  3720    55  3463
0016:   99  341   39   25 2 |  5970  5871   230  5300
0017:   85  369   62   54 2 |  6088  6003   362  5272
0018:   78  496   70   32 4 |  6467  6389   235  5658
0019:   75  357   39   51 4 |  6095  6020   427  5236
SUM: 6660 98.27 69.92 5371.15 4663.25 0.300
