PREPRIO 4
0000:   47  347  100   10 2 |  5309  5262    19  4896
0001:   52  423   11   13 4 |  1708  1656   523   710
0002:   23  114   85   98 2 |  3702  3679   261  3304
0003:   49  301   87   37 4 |  3912  3863    94  3468
0004:   58  449   72   13 4 |  4555  4497    62  3986
0005:   81  481   37   68 1 |  6275  6194   571  5142
0006:   49  430   70   62 3 |  5189  5140   426  4284
0007:    5  170   67   31 3 |  2991  2986    62  2754
0008:   97  191   39   83 3 |  3683  3586   387  3008
0009:   18  108   31   85 1 |  4839  4821   306  4407
0010:   66  439   71   58 1 |  6218  6152   558  5155
0011:   83  320   44   46 3 |  4450  4367   305  3742
0012:   46  297   92   22 3 |  4466  4420   100  4023
0013:   12  395   17   99 4 |  4161  4149  2330  1424
0014:    0  204   80   17 4 |  3030  3030    36  2790
0015:   73  274   99   98 2 |  5329  5256   385  4597
0016:   45  371   19   90 2 |  5815  5770  1321  4078
0017:   51  472  100   34 2 |  5608  5557   156  4929
0018:   43  149   18   21 4 |  1529  1486   140  1197
0019:   63  222   79   12 4 |  3042  2979    21  2736
SUM: 6275 98.12 77.45 4242.50 3531.50 0.319
