RR 2
0000:   27  109   20   63 2 |  2510  2483   545  1829
0001:   69  163   55   42 4 |  3133  3064   118  2783
0002:   29  301   31   12 2 |  4726  4697   126  4270
0003:   87  211   45   83 4 |  4118  4031   493  3327
0004:   96  154   59   41 4 |  3130  3034   204  2676
0005:   87  129   66   53 1 |  2582  2495   105  2261
0006:   33  453   11   85 3 |  6902  6869  3170  3246
0007:   84  413   44   49 3 |  5395  5311   512  4386
0008:   68  294   27   10 3 |  4743  4675   104  4277
0009:    6  251   28   98 1 |  4685  4679   794  3634
0010:   41  380   61   23 1 |  5130  5089    90  4619
0011:   14  385   93   26 3 |  5121  5107   152  4570
0012:    9  158  100   84 3 |  2946  2937   134  2645
0013:   54  370   29   22 4 |  5259  5205   322  4513
0014:  100  354   40   85 4 |  5423  5323   902  4067
0015:   73  482  100   32 2 |  5433  5360   153  4725
0016:   85  262   65   64 2 |  4472  4387   222  3903
0017:   42  287   96   33 2 |  4552  4510   103  4120
0018:   65  237   94   30 4 |  4077  4012    94  3681
0019:   98  216   23   42 4 |  4083  3985   220  3549
SUM: 6902 81.27 79.05 4362.65 3654.05 0.290
