FCFS
0000:   37  304   80   52 2 |  3891  3854   230  3320
0001:    2  172   37   42 4 |  3794  3792   162  3458
0002:   68  348   71   54 2 |  5397  5329   448  4533
0003:   58  496   81   52 4 |  5083  5025   339  4190
0004:    8  163   49   21 4 |  2834  2826    54  2609
0005:   26  244   92   51 1 |  1512  1486    32  1210
0006:   65  212   19   26 3 |  5762  5697   243  5242
0007:   34  414   32   18 3 |  6004  5970   285  5271
0008:   98  311   69   18 3 |  4560  4462    73  4078
0009:   22  176   65   15 1 |  2903  2881    30  2675
0010:    1  416   14   12 1 |  6355  6354   286  5652
0011:   94  449   27   44 3 |  6166  6072   685  4938
0012:   98  293   92   35 3 |  2947  2849    94  2462
0013:   26  345   42   96 4 |  5735  5709   893  4471
0014:   33  456   77   15 4 |  4405  4372    65  3851
0015:   62  312   42   29 2 |  5431  5369   201  4856
0016:   57  391   15   77 2 |  7485  7428  1963  5074
0017:   20  439   58   81 2 |  5093  5073   499  4135
0018:   29  372   91   63 4 |  4399  4370   280  3718
0019:    7  165   68   44 4 |  3411  3404   164  3075
SUM: 7485 86.55 68.15 4616.10 3940.90 0.267
