LCFS
0000:   16  274   73   81 2 |  4923  4907   390  4243
0001:   22  297   70   70 4 |  4935  4913   209  4407
0002:    5  369   99   94 2 |   958   953   204   380
0003:    8  195   55   67 4 |  5434  5426   302  4929
0004:   21  105   54   74 4 |  4319  4298   119  4074
0005:   72  447   60   41 1 |  3300  3228   292  2489
0006:   55  167   89   24 3 |  3072  3017    26  2824
0007:   74  366   96   95 3 |  2834  2760   517  1877
0008:   33  125   44   99 3 |  3873  3840   321  3394
0009:   96  103   87   99 1 |   259   163    32    28
0010:   86  313   18   99 1 |  4962  4876  1454  3109
0011:   78  296   83   63 3 |  2391  2313   179  1838
0012:   18  188   46   55 3 |  4906  4888   165  4535
0013:   48  257   81   26 4 |  3902  3854   117  3480
0014:   62  304   56   48 4 |  3799  3737   404  3029
0015:   89  368   63   53 2 |  1475  1386   179   839
0016:   82  385  100   25 2 |   960   878   104   389
0017:   32  160   28   43 2 |  4600  4568   205  4203
0018:    8  485   14   85 4 |  8687  8679  3197  4997
0019:   88  413   79   15 4 |  1847  1759    98  1248
SUM: 8687 64.66 73.65 3522.15 2815.60 0.230
