PREPRIO 2
0000:   39  422   76   85 2 |  5311  5272   662  4188
0001:    5  198   89   14 5 |  1857  1852    61  1593
0002:   78  415   79   86 3 |  4854  4776   457  3904
0003:   84  248   93   98 2 |  4620  4536   202  4086
0004:    7  411   85   83 5 |  3725  3718   311  2996
0005:   33  124   51   88 2 |  3197  3164   144  2896
0006:    7  304  100   47 2 |  4865  4858   121  4433
0007:   75  277   99   56 4 |  3335  3260   235  2748
0008:    6  142   71   66 2 |  3540  3534   200  3192
0009:   41  193   89   42 1 |  5043  5002    89  4720
0010:   15  189   88   16 4 |  2410  2395    28  2178
0011:   69  352   49   78 4 |  3824  3755   390  3013
0012:   22  129   69   76 1 |  4701  4679   115  4435
0013:    7  450   91   26 4 |  4377  4370   107  3813
0014:   53  351   76   88 1 |  5581  5528   372  4805
0015:   55  151   34   31 2 |  3420  3365   144  3070
0016:   87  409   34   38 2 |  5138  5051   459  4183
0017:   19  202   65   39 4 |  2589  2570   115  2253
0018:   93  207   75   39 2 |  4259  4166    74  3885
0019:   37  141   23   33 1 |  4661  4624   157  4326
SUM: 5581 95.23 55.64 4023.75 3535.85 0.358
