PRIO 2
0000:   88  367   66   51 2 |  5946  5858   279  5212
0001:   42  461   27   99 4 |  5221  5179  1308  3410
0002:   27  339   83   65 2 |  5869  5842   251  5252
0003:   35  407   19   24 4 |  4271  4236   512  3317
0004:   32  410   14   14 4 |  3698  3666   394  2862
0005:   66  223   63   39 1 |  6050  5984    70  5691
0006:   67  379   97   94 3 |  5398  5331   298  4654
0007:   25  486   44   43 3 |  5853  5828   570  4772
0008:   92  226  100   18 3 |  4120  4028    15  3787
0009:   48  351   28   40 1 |  6406  6358   497  5510
0010:   61  278   23   32 1 |  6171  6110   392  5440
0011:   81  218   94   38 3 |  4063  3982    61  3703
0012:   75  284   37   37 3 |  4404  4329   293  3752
0013:   91  147   69   42 4 |  2233  2142    44  1951
0014:   46  433   85   58 4 |  4981  4935   254  4248
0015:   55  394   96   61 2 |  6044  5989   230  5365
0016:   49  119   69   79 2 |  3601  3552    84  3349
0017:   49  140   57   16 2 |  3792  3743    42  3561
0018:   52  181   13   46 4 |  1955  1903   631  1091
0019:   30  379   62   58 4 |  4631  4601   338  3884
SUM: 6406 97.13 64.97 4679.80 4040.55 0.312
