SRTF
0000:   54  306   32   55 2 |  2911  2857   597  1954
0001:   20  217   51   57 4 |   948   928   142   569
0002:   70  197   85   72 2 |  1120  1050    79   774
0003:   25  340   39   79 4 |  2762  2737   463  1934
0004:   53  178   63   93 4 |   802   749   233   338
0005:    9  115   60   45 1 |   350   341    99   127
0006:   54  150   89   70 3 |   380   326   118    58
0007:   20  491   18   10 3 |  6620  6600   328  5781
0008:   60  176   39   97 3 |  1084  1024   346   502
0009:   99  215   31   80 1 |  1940  1841   502  1124
0010:   61  400   89   97 1 |  3900  3839   541  2898
0011:   18  457   65  100 3 |  5169  5151   817  3877
0012:   51  446   26   14 3 |  5382  5331   238  4647
0013:   56  364   94   59 4 |  2474  2418   152  1902
0014:   95  296   75   81 4 |  1740  1645   257  1092
0015:   35  497   46   32 2 |  6161  6126   317  5312
0016:   30  245   11   54 2 |  3546  3516   964  2307
0017:   64  490   82   71 2 |  5281  5217   454  4273
0018:   41  359   11   64 4 |  6270  6229  1750  4120
0019:   70  430   83   48 4 |  3589  3519   135  2954
SUM: 6620 96.21 74.80 3072.20 2327.15 0.302
