PRIO 2
0000:   39  370   41   26 2 |  5466  5427   267  4790
0001:   21  198   70   93 4 |  2677  2656   256  2202
0002:    9  397   80   51 2 |  5701  5692   231  5064
0003:   16  394   67   64 4 |  4363  4347   253  3700
0004:   11  174   57   97 4 |  2317  2306   142  1990
0005:    8  203   14   42 1 |  5657  5649   635  4811
0006:   25  379   39   83 3 |  4966  4941   798  3764
0007:   16  116   61   86 3 |  2167  2151   107  1928
0008:   33  156   87   11 3 |  2644  2611    15  2440
0009:   48  239   71   45 1 |  5778  5730    93  5398
0010:   88  479   57   72 1 |  6458  6370   720  5171
0011:   65  139   28   90 3 |  2318  2253   190  1924
0012:   10  346   90   89 3 |  4846  4836   251  4239
0013:   26  287   39   52 4 |  3543  3517   417  2813
0014:   95  349   89   50 4 |  4150  4055   156  3550
0015:   29  403   64   52 2 |  5693  5664   319  4942
0016:   95  401   87   67 2 |  5716  5621   228  4992
0017:    4  249   70   64 2 |  4896  4892   160  4483
0018:   31  408   38   75 4 |  4350  4319   489  3422
0019:   99  318   56   74 4 |  3914  3815   584  2913
SUM: 6458 92.99 64.57 4342.60 3726.80 0.310
