LCFS
0000:   88  328   26   79 2 |  2862  2774   768  1678
0001:    5  389   74   23 4 |  6611  6606   136  6081
0002:   16  134   29   54 2 |  4928  4912   167  4611
0003:    2  289   54   61 4 |   813   811   355   167
0004:   88  207   18   39 4 |  4168  4080   570  3303
0005:   28  235   42   49 1 |  4457  4429   206  3988
0006:   86  311   80   56 3 |  1456  1370   346   713
0007:    6  395   65   92 3 |  5688  5682   454  4833
0008:   45  276   73   81 3 |  4177  4132   208  3648
0009:   64  429   46   41 1 |  3170  3106   279  2398
0010:   23  327   16  100 1 |  7161  7138  1710  5101
0011:   76  399   98   73 3 |  3478  3402   258  2745
0012:   49  415   39   35 3 |  5188  5139   496  4228
0013:    9  386   28   27 4 |  6736  6727   360  5981
0014:   55  422   92  100 4 |  1088  1033   396   215
0015:   75  432   89   99 2 |  3432  3357   765  2160
0016:   14  400   17   21 2 |  6999  6985   463  6122
0017:   67  423   53   67 2 |  3000  2933   439  2071
0018:    5  416   86   51 4 |  6661  6656   199  6041
0019:   59  284   51   28 4 |  3052  2993   156  2553
SUM: 7161 96.31 74.43 4213.25 3431.85 0.279
