SRTF
0000:   97  391   88   35 2 |  3694  3597   201  3005
0001:   32  299   56   53 4 |  1444  1412   323   790
0002:   27  355   17   20 2 |  3886  3859   392  3112
0003:   90  372   51   98 4 |  4487  4397   656  3369
0004:   81  497   13   45 4 |  7403  7322  1762  5063
0005:   99  151   36   52 1 |  1127  1028   221   656
0006:   72  203   93   77 3 |  1002   930   160   567
0007:   58  115   25   28 3 |   554   496   107   274
0008:   74  273   17   96 3 |  3086  3012  1264  1475
0009:   55  374   45   16 1 |  3123  3068    97  2597
0010:   96  134   63   75 1 |   624   528   191   203
0011:  100  464   31   17 3 |  5291  5191   285  4442
0012:   72  146   44   92 3 |   709   637   248   243
0013:   58  116   86   91 4 |   292   234    67    51
0014:   56  439   90   53 4 |  4504  4448   203  3806
0015:   34  383   11   23 2 |  5799  5765   849  4533
0016:   97  358   60   26 2 |  2213  2116   195  1563
0017:   35  277   21   99 2 |  3542  3507  1504  1726
0018:   36  328   44   64 4 |  2371  2335   594  1413
0019:   61  480   12   17 4 |  6156  6095   628  4987
SUM: 7403 83.14 81.85 2998.85 2193.75 0.270
