PREPRIO 2
0000:   68  434   23   33 2 |  5555  5487   636  4417
0001:   46  233   86   96 5 |  2181  2135   176  1726
0002:    7  452   74  100 3 |  5021  5014   543  4019
0003:   70  458   24   52 2 |  5758  5688  1133  4097
0004:   57  100   84   21 5 |  1012   955    11   844
0005:   22  418   63   46 2 |  5439  5417   250  4749
0006:   33  229   96   17 2 |  4080  4047    35  3783
0007:   71  383   82   51 4 |  3558  3487   161  2943
0008:   37  312   32   56 2 |  4960  4923   590  4021
0009:   75  199   49   11 1 |  5288  5213    42  4972
0010:   79  330   60   57 4 |  3360  3281   144  2807
0011:   53  151   38   83 4 |  1912  1859   173  1535
0012:   69  168   57   17 1 |  4954  4885    50  4667
0013:   70  127   42   78 4 |  1740  1670   266  1277
0014:   73  445   43   17 1 |  6002  5929   155  5329
0015:   89  448   32   42 2 |  5600  5511   531  4532
0016:   15  124   51   42 2 |  2746  2731    23  2584
0017:   27  270   41   15 4 |  2782  2755    96  2389
0018:   96  375   26   83 2 |  5698  5602  1255  3972
0019:   51  352   40   86 1 |  6219  6168  1026  4790
SUM: 6219 96.61 70.59 4137.85 3472.65 0.322
