PRIO 5
0000:   40  388   65   74 3 |  4214  4174   424  3362
0001:   37  318   18   27 2 |  4014  3977   422  3237
0002:   33  264   95   92 1 |  5436  5403    78  5061
0003:   89  184   27   96 3 |  2492  2403   589  1630
0004:   99  322   87   53 2 |  4759  4660   165  4173
0005:   23  188   52   82 3 |  2753  2730   363  2179
0006:   79  407   64   37 3 |  4120  4041   227  3407
0007:   22  227   59   33 1 |  5262  5240   189  4824
0008:   68  269   75  100 3 |  3698  3630   223  3138
0009:   25  422   34   21 3 |  3800  3775   291  3062
0010:   17  241   34   13 1 |  5341  5324    87  4996
0011:   42  211   70   72 1 |  5313  5271   294  4766
0012:   63  139   46   46 2 |  3007  2944    88  2717
0013:   17  209   92   61 1 |  5216  5199   158  4832
0014:    0  264   72   16 3 |  3192  3192    76  2852
0015:   41  424   89   66 2 |  5265  5224   144  4656
0016:   85  358   67   44 1 |  5600  5515   154  5003
0017:   44  398   13   26 1 |  5912  5868   821  4649
0018:  100  151   19   88 3 |  2021  1921   787   983
0019:   15  280   85   99 2 |  4583  4568   468  3820
SUM: 5912 95.81 66.66 4252.95 3667.35 0.338
