SRTF
0000:   57  295   50   92 2 |  2640  2583   508  1780
0001:   16  222   12   63 4 |  3067  3051  1255  1574
0002:   36  190   89   81 2 |   433   397   110    97
0003:   53  259   29   78 4 |  2593  2540   701  1580
0004:   59  114   18   40 4 |   910   851   293   444
0005:   31  301   69   49 1 |  1677  1646   168  1177
0006:    0  376   26   69 3 |  4542  4542   980  3186
0007:   19  238   57   36 3 |  1235  1216   213   765
0008:   81  248   29   36 3 |  1642  1561   266  1047
0009:   37  328   62   95 1 |  3446  3409   552  2529
0010:   52  454   37   41 1 |  4423  4371   509  3408
0011:   85  479   37   26 3 |  6165  6080   246  5355
0012:   64  320   88   96 3 |  2392  2328   287  1721
0013:   91  490   62   60 4 |  6157  6066   362  5214
0014:   10  476   64   74 4 |  4922  4912   530  3906
0015:   56  466   98   11 2 |  5005  4949    43  4440
0016:   83  154   92   95 2 |   453   370   167    49
0017:   95  441   23   34 2 |  5186  5091   618  4032
0018:    2  494   35   60 4 |  7309  7307  1052  5761
0019:  100  181   68   55 4 |   720   620   106   333
SUM: 7309 89.29 73.99 3194.50 2419.90 0.274
