RR 2
0000:   65  117   25   42 2 |  2443  2378   196  2065
0001:   88  314   61   24 4 |  4516  4428   101  4013
0002:   48  252   94   14 2 |  3923  3875    27  3596
0003:   92  418   29   35 4 |  5321  5229   454  4357
0004:   31  189   27   75 4 |  3588  3557   325  3043
0005:   34  275   95   37 1 |  4172  4138   139  3724
0006:   13  155   77   66 3 |  2829  2816    78  2583
0007:   29  443   82   33 3 |  5252  5223   161  4619
0008:   27  318   18   33 3 |  4953  4926   687  3921
0009:   14  424   42   44 1 |  5315  5301   430  4447
0010:    8  366   44   64 1 |  5024  5016   515  4135
0011:   40  499   55   91 3 |  5584  5544   729  4316
0012:   68  141   74   93 3 |  2817  2749   174  2434
0013:   80  177   99   60 4 |  3290  3210   124  2909
0014:    5  151   12   74 4 |  3268  3263   624  2488
0015:   60  177   95   25 2 |  3160  3100    12  2911
0016:   44  431   28   91 2 |  5842  5798  1495  3872
0017:   37  117   15   38 2 |  2546  2509   274  2118
0018:   11  499   41   63 4 |  5585  5574   817  4258
0019:    0  154   36   74 4 |  2978  2978   319  2505
SUM: 5842 96.15 77.22 4080.60 3415.70 0.342
