PRIO 5
0000:   39  370   41   26 3 |  3934  3895   180  3345
0001:   21  198   70   93 2 |  3750  3729   227  3304
0002:    9  397   80   51 1 |  5882  5873   244  5232
0003:   16  394   67   64 3 |  4420  4404   305  3705
0004:   11  174   57   97 2 |  3461  3450   366  2910
0005:    8  203   14   42 3 |  2300  2292   508  1581
0006:   25  379   39   83 3 |  3965  3940   892  2669
0007:   16  116   61   86 1 |  4414  4398   148  4134
0008:   33  156   87   11 3 |  2265  2232    13  2063
0009:   48  239   71   45 3 |  3050  3002   107  2656
0010:   88  479   57   72 1 |  6229  6141   579  5083
0011:   65  139   28   90 1 |  4768  4703   430  4134
0012:   10  346   90   89 2 |  5045  5035   363  4326
0013:   26  287   39   52 1 |  5564  5538   294  4957
0014:   95  349   89   50 3 |  4302  4207   196  3662
0015:   29  403   64   52 2 |  5160  5131   195  4533
0016:   95  401   87   67 1 |  5894  5799   171  5227
0017:    4  249   70   64 1 |  5419  5415   255  4911
0018:   31  408   38   75 3 |  4622  4591   595  3588
0019:   99  318   56   74 2 |  4944  4845   432  4095
SUM: 6229 96.40 65.45 4431.00 3805.75 0.321
