SRTF
0000:   43  263   30   58 2 |  2074  2031   349  1419
0001:   53  147   66   69 4 |   633   580   175   258
0002:    4  421   26   79 2 |  6528  6524  1086  5017
0003:   10  401   47   14 4 |  2428  2418    85  1932
0004:  100  198   13   66 4 |  2536  2436   950  1288
0005:   60  473   48  100 1 |  6190  6130   975  4682
0006:   56  381   56   33 3 |  3021  2965   171  2413
0007:    7  369   32   70 3 |  4310  4303   873  3061
0008:   16  202   55   36 3 |  1075  1059   115   742
0009:   99  477   11   53 1 |  8051  7952  2042  5433
0010:   88  185   62   61 1 |   687   599   107   307
0011:   28  262   78   51 3 |  1248  1220   142   816
0012:   11  116   71   35 3 |   303   292    34   142
0013:   35  404   41   81 4 |  4661  4626   731  3491
0014:    2  428   99   79 4 |  5041  5039   339  4272
0015:   16  422   97   95 2 |  4138  4122   280  3420
0016:    0  157   63   38 2 |   308   308    80    71
0017:   25  344   35   64 2 |  3601  3576   765  2467
0018:   91  335   70  100 4 |  2006  1915   487  1093
0019:   95  417   38   94 4 |  5902  5807  1047  4343
SUM: 8051 79.52 81.79 3195.10 2333.35 0.248
