SRTF
0000:   67  390   68   12 2 |  3679  3612    83  3139
0001:   63  381   88   20 4 |  2950  2887   104  2402
0002:   96  491   81   30 2 |  6242  6146   149  5506
0003:   87  327   52   33 4 |  1441  1354   228   799
0004:   48  459   82   23 4 |  5445  5397   154  4784
0005:   95  213   57   48 1 |   583   488   150   125
0006:   89  441   62   95 3 |  5291  5202   548  4213
0007:   37  341   46   41 3 |  2657  2620   296  1983
0008:   16  429   76   49 3 |  4675  4659   247  3983
0009:   59  492   94   17 1 |  6474  6415    91  5832
0010:   73  414   58   30 1 |  4390  4317   243  3660
0011:   38  357   42   63 3 |  3421  3383   455  2571
0012:   88  216   34   55 3 |  1169  1081   397   468
0013:   63  230   20   19 4 |  1377  1314   220   864
0014:   16  354   39   11 4 |  1848  1832   103  1375
0015:   33  118   47  100 2 |   447   414   214    82
0016:   45  457   34   74 2 |  6956  6911   825  5629
0017:   75  477   10   63 2 |  9506  9431  2762  6192
0018:    2  206   15   73 4 |  2113  2111  1244   661
0019:   84  353   97   54 4 |  2439  2355   263  1739
SUM: 9506 75.17 69.41 3596.45 2800.35 0.210
