PREPRIO 4
0000:    8  276   96   59 2 |  4841  4833   307  4250
0001:   62  315   87   78 4 |  3847  3785   209  3261
0002:    7  293   46   40 2 |  4803  4796   184  4319
0003:   51  219   97   65 4 |  2933  2882   157  2506
0004:   31  425   75   80 4 |  4266  4235   349  3461
0005:   31  187   29   78 1 |  5039  5008   475  4346
0006:   75  386   79   65 3 |  4688  4613   407  3820
0007:   49  158   84   94 3 |  3290  3241   135  2948
0008:   14  179   72   45 3 |  3047  3033    90  2764
0009:   40  355   56   86 1 |  5508  5468   648  4465
0010:   13  210   77   10 1 |  4901  4888    19  4659
0011:   63  331   94   30 3 |  4352  4289    77  3881
0012:    7  350   13  100 3 |  4748  4741  2265  2126
0013:   10  348   48   38 4 |  3939  3929   226  3355
0014:   36  127   28   76 4 |  1425  1389   464   798
0015:   34  203   88   98 2 |  4548  4514   346  3965
0016:   90  147   73   14 2 |  3864  3774    27  3600
0017:   73  156   44   44 2 |  3872  3799   142  3501
0018:   77  318   17   44 4 |  2900  2823   754  1751
0019:   73  166   13   86 4 |  1658  1585   981   438
SUM: 5508 93.48 81.26 3881.25 3210.70 0.363
