PRIO 5
0000:   55  441   46   74 3 |  4293  4238   711  3086
0001:   47  483   13   28 2 |  4796  4749  1106  3160
0002:   63  145   21   74 1 |  4332  4269   429  3695
0003:   28  302   75   15 3 |  3491  3463    43  3118
0004:   96  348   77   17 2 |  4539  4443    88  4007
0005:   81  118   87   71 3 |  1781  1700    58  1524
0006:   40  406   19   44 3 |  3600  3560   769  2385
0007:   70  233   88   40 1 |  4850  4780    95  4452
0008:   22  127   39   81 3 |  1679  1657   154  1376
0009:   10  174   89   52 3 |  2453  2443    17  2252
0010:   19  485   36   67 1 |  5730  5711   814  4412
0011:   45  181   47   27 1 |  4633  4588   117  4290
0012:   65  166   80   42 2 |  3371  3306    51  3089
0013:   22  239   47   81 1 |  4995  4973   388  4346
0014:   70  209   46   33 3 |  2540  2470    82  2179
0015:   64  250   26   52 2 |  3739  3675   428  2997
0016:   62  207   19   82 1 |  4977  4915   942  3766
0017:   59  109   51   26 1 |  3764  3705    42  3554
0018:   93  246  100   26 3 |  3295  3202    29  2927
0019:   11  289   69   34 2 |  4232  4221   139  3793
SUM: 5730 90.02 68.73 3803.40 3220.40 0.349
