RR 5
0000:   94  229   58   41 2 |  3990  3896    95  3572
0001:   97  418   30   80 4 |  6103  6006  1000  4588
0002:   38  167   50   68 2 |  3157  3119   231  2721
0003:   68  414   86   91 4 |  5676  5608   358  4836
0004:   96  441   56   36 4 |  5887  5791   295  5055
0005:   81  156   47   51 1 |  2956  2875   138  2581
0006:   14  334   33   24 3 |  5018  5004   190  4480
0007:   77  261   40   57 3 |  4813  4736   500  3975
0008:   11  141   94   88 3 |  2417  2406    89  2176
0009:   94  217   62   83 1 |  4008  3914   247  3450
0010:   55  247   36   89 1 |  4628  4573   637  3689
0011:    0  115   58   61 3 |  1897  1897    95  1687
0012:   74  259   52   55 3 |  4417  4343   188  3896
0013:   81  311   22   66 4 |  5672  5591   949  4331
0014:   25  441   16   11 4 |  5975  5950   322  5187
0015:   61  403   55   86 2 |  5872  5811   733  4675
0016:   75  348   74   68 2 |  5321  5246   325  4573
0017:   30  449   64   56 2 |  5870  5840   276  5115
0018:   15  377   17   20 4 |  5799  5784   379  5028
0019:   22  238   29   66 4 |  4512  4490   393  3859
SUM: 6103 97.76 73.73 4644.00 3973.70 0.328
