RR 5
0000:   45  331   79   11 2 |  4798  4753    71  4351
0001:   22  482   86   48 4 |  5345  5323   202  4639
0002:   28  331   88   32 2 |  4788  4760   134  4295
0003:   79  183   49   21 4 |  3257  3178    53  2942
0004:   59  296   56   88 4 |  4878  4819   611  3912
0005:  100  281   80   74 1 |  4484  4384   269  3834
0006:   40  175   88   79 3 |  3059  3019   129  2715
0007:   13  496   11   68 3 |  6639  6626  2312  3818
0008:    3  121   43   65 3 |  2209  2206   222  1863
0009:   71  125   27   89 1 |  3172  3101   685  2291
0010:    0  229   80   26 1 |  3526  3526    34  3263
0011:   75  233   11   77 3 |  5340  5265  1534  3498
0012:   53  394   82   64 3 |  5200  5147   288  4465
0013:   86  257   23   48 4 |  4660  4574   477  3840
0014:   14  104   46   43 4 |  1810  1796    75  1617
0015:   47  443   36   65 2 |  5542  5495   632  4420
0016:   54  226   27   26 2 |  4060  4006   204  3576
0017:   56  491  100   93 2 |  5536  5480   542  4447
0018:   64  344   42   15 4 |  4887  4823   103  4376
0019:  100  155   92   79 4 |  2956  2856   131  2570
SUM: 6639 85.81 79.77 4256.85 3536.60 0.301
