RR 5
0000:   30  167   79   65 2 |  2900  2870   163  2540
0001:   30  496   54   65 4 |  5254  5224   733  3995
0002:   95  131   13   22 2 |  3167  3072   241  2700
0003:   68  269   34   52 4 |  4406  4338   547  3522
0004:   84  197   59   12 4 |  3229  3145    32  2916
0005:   47  125   42   31 1 |  2433  2386    91  2170
0006:   70  252   10   12 3 |  4524  4454   299  3903
0007:   33  278   31   33 3 |  4382  4349   393  3678
0008:   40  307   17   53 3 |  4974  4934   914  3713
0009:   95  119   21   19 1 |  2582  2487   165  2203
0010:   48  340   21   59 1 |  5109  5061   960  3761
0011:   45  169   70   33 3 |  3030  2985    95  2721
0012:    9  239   62   78 3 |  3829  3820   258  3323
0013:   49  269   77   52 4 |  3972  3923   196  3458
0014:   51  329   87   22 4 |  4317  4266    46  3891
0015:   42  443   93   73 2 |  4950  4908   240  4225
0016:   76  119   46   38 2 |  2235  2159    88  1952
0017:   94  355   26   99 2 |  5167  5073  1054  3664
0018:   80  456   99   57 4 |  5100  5020   302  4262
0019:   50  120   78   10 4 |  2096  2046    11  1915
SUM: 5254 98.59 74.13 3826.00 3225.60 0.381
