PRIO 2
0000:   59  125   95   38 2 |  3652  3593    22  3446
0001:   64  348   28   98 4 |  4295  4231   868  3015
0002:   94  496   25   51 2 |  6288  6194   966  4732
0003:   69  468   30   22 4 |  4922  4853   344  4041
0004:   55  465   15   69 4 |  5156  5101  2214  2422
0005:   68  159   32   29 1 |  5674  5606   132  5315
0006:   39  275   50   63 3 |  4450  4411   511  3625
0007:   81  403   62   54 3 |  5431  5350   224  4723
0008:   62  167   64   13 3 |  3128  3066    29  2870
0009:   90  280   11   87 1 |  7133  7043  2223  4540
0010:   57  410   13   50 1 |  6787  6730  1210  5110
0011:   80  267   12   89 3 |  4670  4590  1877  2446
0012:   45  466   49   31 3 |  5669  5624   266  4892
0013:    1  307   78   42 4 |  3982  3981   155  3519
0014:   66  156   27   63 4 |  2140  2074   225  1693
0015:   83  373   71   90 2 |  5879  5796   395  5028
0016:   52  301   50   51 2 |  5623  5571   265  5005
0017:   98  297   79   50 2 |  5604  5506   186  5023
0018:   99  260   90   83 4 |  3672  3573   251  3062
0019:   83  275   60   83 4 |  3705  3622   257  3090
SUM: 7133 88.29 87.30 4825.75 3879.85 0.280
