PRIO 2
0000:   23  495   41   40 2 |  6211  6188   495  5198
0001:   33  313   67   33 4 |  4140  4107   115  3679
0002:   84  164   50   33 2 |  4496  4412   101  4147
0003:   86  427   82   21 4 |  5198  5112    37  4648
0004:   95  340   79   73 4 |  4490  4395   475  3580
0005:   41  186   88   38 1 |  5663  5622   102  5334
0006:   20  322   97   59 3 |  5251  5231   151  4758
0007:   79  308   55   80 3 |  5162  5083   498  4277
0008:   48  156   53   61 3 |  2960  2912   163  2593
0009:   63  484   74   69 1 |  6494  6431   347  5600
0010:   32  281   47   56 1 |  6177  6145   278  5586
0011:   55  174   16   88 3 |  3481  3426   889  2363
0012:   30  359   27   38 3 |  5219  5189   558  4272
0013:   56  475   71   61 4 |  5292  5236   470  4291
0014:   38  266   28   27 4 |  3204  3166   209  2691
0015:   20  118   69   63 2 |  3498  3478   125  3235
0016:    9  423   17   52 2 |  6010  6001  1113  4465
0017:   77  193   26   30 2 |  4499  4422   271  3958
0018:   59  379   94   44 4 |  4781  4722   217  4126
0019:   17  473   42   33 4 |  5233  5216   322  4421
SUM: 6494 97.57 67.66 4824.70 4161.10 0.308
