PRIO 2
0000:   36  187   78   93 2 |  4300  4264   133  3944
0001:   50  446   89   50 4 |  4811  4761   262  4053
0002:   33  233   54   85 2 |  4916  4883   419  4231
0003:   65  261   54   86 4 |  3448  3383   232  2890
0004:   15  269   63   95 4 |  3571  3556   283  3004
0005:    3  447   93   13 1 |  5621  5618    50  5121
0006:   98  320   27   11 3 |  4337  4239   112  3807
0007:    3  441   64   13 3 |  5031  5028    70  4517
0008:   91  199   24   75 3 |  3502  3411   707  2505
0009:   66  326   29   52 1 |  5747  5681   478  4877
0010:   62  110   41   22 1 |  4610  4548    76  4362
0011:   60  500   47   47 3 |  5307  5247   566  4181
0012:   82  275   32   42 3 |  4041  3959   434  3250
0013:    9  215   89   64 4 |  2957  2948   132  2601
0014:   98  499   64   80 4 |  5103  5005   681  3825
0015:   58  238   87   74 2 |  4895  4837   207  4392
0016:   63  194   28   21 2 |  4304  4241   108  3939
0017:   21  101   28   80 2 |  2728  2707   175  2431
0018:    7  223   42   95 4 |  3057  3050   407  2420
0019:   87  155   38   35 4 |  2143  2056    50  1851
SUM: 5747 98.12 64.21 4171.10 3610.05 0.348
