LCFS
0000:   75  134   51   45 2 |  2189  2114    92  1888
0001:   48  211   38   98 4 |  4875  4827   681  3935
0002:   70  101   77   19 2 |  2831  2761    19  2641
0003:   91  360   56   74 4 |  2294  2203   456  1387
0004:   19  143   16   52 4 |  4813  4794   442  4209
0005:   57  411   62   94 1 |  1708  1651   648   592
0006:   82  228   95   86 3 |  1012   930   140   562
0007:   15  499   75   17 3 |  3856  3841    95  3247
0008:   58  309   99   11 3 |   545   487    28   150
0009:   42  131   54   68 1 |  3304  3262   120  3011
0010:   64  108   84   35 1 |  2718  2654    33  2513
0011:   71  198   29   41 3 |  3007  2936   269  2469
0012:    8  239  100   13 3 |  2868  2860    38  2583
0013:   24  116  100   91 4 |  4491  4467    93  4258
0014:   79  187   72   19 4 |  1219  1140    72   881
0015:   75  314   65   72 2 |  2324  2249   335  1600
0016:   40  463   23   18 2 |  5309  5269   364  4442
0017:   37  171   16   82 2 |  4837  4800   799  3830
0018:   95  311   47   47 4 |  2269  2174   334  1529
0019:   55  445   44   55 4 |  4409  4354   478  3431
SUM: 5309 95.67 68.15 2988.65 2457.90 0.377
