PRIO 5
0000:   42  221   93   54 3 |  2763  2721   101  2399
0001:   59  279   55   35 2 |  4102  4043   126  3638
0002:   98  274   11   48 1 |  4826  4728  1116  3338
0003:   22  407   44   30 3 |  3920  3898   213  3278
0004:   61  221   12   71 2 |  3760  3699  1318  2160
0005:   83  343   44   69 3 |  3712  3629   658  2628
0006:   99  119   95   90 3 |  1611  1512   176  1217
0007:   15  306  100   21 1 |  4605  4590   101  4183
0008:   33  171   78   11 3 |  2195  2162    45  1946
0009:   81  202   76   90 3 |  2865  2784   257  2325
0010:   86  235   74   42 1 |  4481  4395    76  4084
0011:   82  129   58   19 1 |  4081  3999    27  3843
0012:   61  154   76   34 2 |  3106  3045    68  2823
0013:    8  253   38   81 1 |  4596  4588   421  3914
0014:   18  174   64   24 3 |  2465  2447    44  2229
0015:   78  139   89   80 2 |  2980  2902   190  2573
0016:   47  114   47   66 1 |  3955  3908   126  3668
0017:    3  164   47   64 1 |  4214  4211   170  3877
0018:   36  365   86   28 3 |  3602  3566   159  3042
0019:   48  348   16   14 2 |  4014  3966   347  3271
SUM: 4826 95.69 71.76 3539.65 3021.80 0.414
