LCFS
0000:   25  478   12   47 2 |  6972  6947  1996  4473
0001:   69  468   81   62 4 |  2786  2717   143  2106
0002:   37  157   78   50 2 |  4071  4034   106  3771
0003:    0  372   43   63 4 |  5432  5432   519  4541
0004:   76  300   71   72 4 |  1696  1620   261  1059
0005:   12  159   94   95 1 |  4612  4600   125  4316
0006:   12  357   49   98 3 |  5628  5616   833  4426
0007:   58  265   92   97 3 |  2573  2515   182  2068
0008:    1  241   66   50 3 |   564   563   151   171
0009:   69  396   76   88 1 |  2629  2560   442  1722
0010:   62  251   59   32 1 |  1949  1887   167  1469
0011:   60  349   13   51 3 |  5152  5092  1138  3605
0012:   88  370   87   23 3 |  1018   930    69   491
0013:    0  240   39   32 4 |  4237  4237   196  3801
0014:   63  121   37   39 4 |   477   414   138   155
0015:   50  331   27   56 2 |  5173  5123   763  4029
0016:   12  341   16   45 2 |  5855  5843   980  4522
0017:   40  106   38   33 2 |  3263  3223    83  3034
0018:   57  343   72   21 4 |  3290  3233    91  2799
0019:  100  150   56   73 4 |   545   445   158   137
SUM: 6972 83.12 74.64 3351.55 2634.75 0.287
