PRIO 2
0000:   14  188   39   11 2 |  4245  4231    51  3992
0001:   16  188   63   89 4 |  2720  2704   263  2253
0002:   51  286   16   54 2 |  5076  5025   908  3831
0003:   70  389   79   14 4 |  4380  4310    53  3868
0004:   67  199   54   69 4 |  2840  2773   111  2463
0005:   95  164   84   95 1 |  5228  5133   102  4867
0006:   86  146   59   27 3 |  2846  2760    67  2547
0007:   92  221   58   16 3 |  3670  3578    73  3284
0008:   80  358   57   93 3 |  4987  4907   565  3984
0009:   94  330   12   38 1 |  6054  5960  1102  4528
0010:   86  358   10   95 1 |  7882  7796  3609  3829
0011:   70  269   39   33 3 |  4145  4075   152  3654
0012:   43  183   77   88 3 |  3425  3382   287  2912
0013:   73  349   43   94 4 |  4208  4135   746  3040
0014:    7  475   40   24 4 |  4641  4634   274  3885
0015:   77  477   14   36 2 |  5694  5617  1189  3951
0016:    7  295   83   88 2 |  5204  5197   282  4620
0017:   81  353   85   47 2 |  5255  5174   175  4646
0018:    3  263   12   14 4 |  2644  2641   344  2034
0019:    4  279   86   65 4 |  3693  3689   218  3192
SUM: 7882 73.20 81.11 4386.05 3569.00 0.254
