PRIO 2
0000:   88  345   69   96 2 |  5657  5569   402  4822
0001:   25  272   29   43 4 |  3210  3185   342  2571
0002:   90  164   86   71 2 |  4304  4214   113  3937
0003:   98  487   29   88 4 |  5379  5281  1653  3141
0004:  100  125   59   46 4 |  1742  1642   100  1417
0005:   99  402   52   40 1 |  6122  6023   328  5293
0006:   29  165   18   21 3 |  2297  2268   176  1927
0007:   66  272   82   88 3 |  4674  4608   374  3962
0008:   31  329   35   98 3 |  5144  5113  1010  3774
0009:   18  107   40   17 1 |  4892  4874    39  4728
0010:   99  114   15   84 1 |  5149  5050   520  4416
0011:   37  313   38   31 3 |  4712  4675   191  4171
0012:   15  420   57   89 3 |  5513  5498   685  4393
0013:    0  368   57   42 4 |  4459  4459   195  3896
0014:   23  466   69   63 4 |  5130  5107   309  4332
0015:   66  269   71   22 2 |  5382  5316    59  4988
0016:   68  333   65   39 2 |  5573  5505    82  5090
0017:   49  407   16   94 2 |  6333  6284  2134  3743
0018:   69  335   37   73 4 |  4116  4047   377  3335
0019:  100  285   68   50 4 |  3485  3385   200  2900
SUM: 6333 94.39 80.55 4605.15 3841.80 0.316
