FCFS
0000:   64  500   23   11 2 |  5502  5438   229  4709
0001:   33  172   58   59 4 |  2761  2728   209  2347
0002:   79  306   27   46 2 |  4930  4851   416  4129
0003:   82  378   97   56 4 |  3870  3788   243  3167
0004:   79  364   73   91 4 |  3691  3612   328  2920
0005:   87  176   56   71 1 |  2796  2709   214  2319
0006:   22  100   32   79 3 |  2282  2260   150  2010
0007:    5  387   81   60 3 |  3748  3743   279  3077
0008:    3  162   62   90 3 |  3492  3489   299  3028
0009:   68  268   44   81 1 |  4630  4562   618  3676
0010:   65  282   42   95 1 |  4553  4488   624  3582
0011:   74  212   38   93 3 |  4054  3980   409  3359
0012:    9  352   41   73 3 |  5117  5108   741  4015
0013:   74  300   13   96 4 |  6301  6227  1788  4139
0014:   27  215   84   80 4 |  3081  3054   185  2654
0015:   56  154   72   80 2 |  1581  1525   119  1252
0016:    8  378   44  100 2 |  5062  5054   900  3776
0017:   73  321   28   71 2 |  5023  4950   738  3891
0018:   69  499   29   88 4 |  6088  6019  1574  3946
0019:    5  177   32   39 4 |  3875  3870   206  3487
SUM: 6301 90.51 86.51 4072.75 3274.15 0.317
