LCFS
0000:    6  313   38   23 2 |  5456  5450   195  4942
0001:   15  327   36   79 4 |  6174  6159   911  4921
0002:   74  440   56   50 2 |  2214  2140   462  1238
0003:   66  344   34   25 4 |  3945  3879   344  3191
0004:   76  106   87   52 4 |  1989  1913    13  1794
0005:   47  350   53   73 1 |  4707  4660   503  3807
0006:   56  368   41   19 3 |  3127  3071   130  2573
0007:   93  404   97   10 3 |   697   604    58   142
0008:   26  271   36   37 3 |  4793  4767   220  4276
0009:   25  341   57   42 1 |  4719  4694   208  4145
0010:   57  415   42   21 1 |  3333  3276   176  2685
0011:   35  306   80   36 3 |  3823  3788    93  3389
0012:   59  110   58   59 3 |  1292  1233    54  1069
0013:   32  137   23   94 4 |  5293  5261   800  4324
0014:   91  239   44   66 4 |  1654  1563   284  1040
0015:   97  149   38   40 2 |  1082   985   165   671
0016:    0  455   67   30 2 |  2090  2090   198  1437
0017:   63  116   69   75 2 |   704   641   229   296
0018:   83  273   73   90 4 |  2880  2797   261  2263
0019:   18  365   23   82 4 |  6743  6725  1397  4963
SUM: 6743 86.45 67.66 3284.80 2658.30 0.297
