RR 2
0000:   98  244   47   53 2 |  4510  4412   251  3917
0001:   89  354   57   68 4 |  5662  5573   470  4749
0002:   89  218   18   68 2 |  4621  4532   738  3576
0003:   39  340   13   73 4 |  6218  6179  1605  4234
0004:   31  433   21   72 4 |  6457  6426  1455  4538
0005:   60  215   42   75 1 |  4214  4154   348  3591
0006:   76  472   85   75 3 |  6257  6181   436  5273
0007:   20  255   91   26 3 |  4374  4354    55  4044
0008:    7  251   94   94 3 |  4189  4182   132  3799
0009:   15  400   22   13 1 |  5796  5781   235  5146
0010:   90  229   52   87 1 |  4297  4207   242  3736
0011:   42  146   48   60 3 |  2795  2753   152  2455
0012:   17  493   10   67 3 |  7481  7464  2859  4112
0013:   67  413   11   19 4 |  6184  6117   642  5062
0014:   76  282   69   73 4 |  4832  4756   206  4268
0015:   34  172   29   53 2 |  3306  3272   229  2871
0016:   29  435   19   14 2 |  6060  6031   308  5288
0017:   67  426   29   91 2 |  6368  6301  1135  4740
0018:   93  454   45   79 4 |  6462  6369   985  4930
0019:   99  333   34   75 4 |  5562  5463   567  4563
SUM: 7481 87.76 83.80 5225.35 4244.60 0.267
