SRTF
0000:   41  119   72   61 2 |   429   388   137   132
0001:   47  479   68   99 4 |  6014  5967   848  4640
0002:   69  332   67   58 2 |  3254  3185   301  2552
0003:   29  275   27   16 4 |  2953  2924   165  2484
0004:   50  386   14   14 4 |  5628  5578   420  4772
0005:   77  443   51   88 1 |  4712  4635   742  3450
0006:   63  199   46   43 3 |   976   913   177   537
0007:    2  482   98   60 3 |  4380  4378   177  3719
0008:   16  301   79   56 3 |  2547  2531   151  2079
0009:   50  146   98   14 1 |   447   397    10   241
0010:   28  465   72   83 1 |  5126  5098   473  4160
0011:   34  347   30   54 3 |  4286  4252   594  3311
0012:   19  231   87   97 3 |  1359  1340    47  1062
0013:   45  253   75   84 4 |  2272  2227   435  1539
0014:   29  163   27   80 4 |  1430  1401   443   795
0015:    5  225   37   71 2 |  1897  1892   689   978
0016:    8  129   83   16 2 |   146   138     1     8
0017:   75  117   76   88 2 |   521   446    57   272
0018:   63  264   91   83 4 |  2158  2095   235  1596
0019:   21  219   29   12 4 |  1607  1586   113  1254
SUM: 6014 92.70 70.73 2568.55 1979.05 0.333
