PRIO 2
0000:   41  381   15   91 2 |  6155  6114  2032  3701
0001:   82  190   39   22 4 |  2417  2335   146  1999
0002:   49  274   13   49 2 |  4813  4764   920  3570
0003:    5  355   53   56 4 |  4093  4088   436  3297
0004:    9  136   57   55 4 |  1749  1740    91  1513
0005:   69  303   51   82 1 |  5840  5771   510  4958
0006:   29  202   82   87 3 |  3440  3411   159  3050
0007:   85  362   18   50 3 |  4743  4658  1002  3294
0008:   62  365   57   26 3 |  4702  4640   173  4102
0009:   51  167   30   42 1 |  5169  5118   267  4684
0010:   53  256   15   16 1 |  5472  5419   257  4906
0011:   40  357   44   18 3 |  4677  4637   261  4019
0012:   78  396   99   64 3 |  5021  4943   301  4246
0013:   79  265   70   86 4 |  3451  3372   398  2709
0014:   43  412   88   11 4 |  4367  4324    37  3875
0015:   61  115   59   99 2 |  3299  3238   190  2933
0016:   25  388   12   40 2 |  5465  5440  1300  3752
0017:   87  399   34   87 2 |  5569  5482   829  4254
0018:   70  184   68   53 4 |  2404  2334   149  2001
0019:   57  154   66   75 4 |  2269  2212   173  1885
SUM: 6155 91.97 81.20 4202.00 3437.40 0.325
