PRIO 2
0000:   57  295   50   92 2 |  5667  5610   628  4687
0001:   16  222   12   63 4 |  2712  2696  1100  1374
0002:   36  190   89   81 2 |  4606  4570   125  4255
0003:   53  259   29   78 4 |  3323  3270   475  2536
0004:   59  114   18   40 4 |  1610  1551   203  1234
0005:   31  301   69   49 1 |  6374  6343   234  5808
0006:    0  376   26   69 3 |  5433  5433  1002  4055
0007:   19  238   57   36 3 |  3861  3842   137  3467
0008:   81  248   29   36 3 |  3942  3861   257  3356
0009:   37  328   62   95 1 |  6417  6380   351  5701
0010:   52  454   37   41 1 |  6593  6541   470  5617
0011:   85  479   37   26 3 |  5525  5440   277  4684
0012:   64  320   88   96 3 |  5088  5024   427  4277
0013:   91  490   62   60 4 |  5250  5159   472  4197
0014:   10  476   64   74 4 |  5327  5317   453  4388
0015:   56  466   98   11 2 |  6061  6005    57  5482
0016:   83  154   92   95 2 |  4044  3961   124  3683
0017:   95  441   23   34 2 |  6107  6012   706  4865
0018:    2  494   35   60 4 |  5182  5180   738  3948
0019:  100  181   68   55 4 |  2504  2404   140  2083
SUM: 6593 98.98 70.29 4729.95 3984.85 0.303
