PRIO 5
0000:   38  120   18   82 3 |  1326  1288   604   564
0001:   49  201   88   26 2 |  3915  3866    51  3614
0002:   33  115   57   57 1 |  4134  4101   221  3765
0003:   35  475   89   81 3 |  4736  4701   266  3960
0004:   25  212   68   59 2 |  4064  4039   144  3683
0005:   37  477   23   22 3 |  3733  3696   413  2806
0006:   15  251   53   16 3 |  2968  2953    85  2617
0007:   39  494   98   82 1 |  6003  5964   365  5105
0008:    4  423   25   26 3 |  3842  3838   487  2928
0009:   26  360   55   90 3 |  4245  4219   444  3415
0010:    5  107   17   52 1 |  3909  3904   303  3494
0011:   91  256   36   66 1 |  5561  5470   415  4799
0012:   89  467   56   86 2 |  5560  5471   859  4145
0013:   54  342   75   91 1 |  5752  5698   511  4845
0014:   34  106   64   30 3 |   933   899    83   710
0015:   23  430   30   85 2 |  5530  5507  1456  3621
0016:   19  174   84   88 1 |  4890  4871   171  4526
0017:   51  294   35   12 1 |  5484  5433    74  5065
0018:   67  212   75   38 3 |  2601  2534    44  2278
0019:   46  323   86   71 2 |  4816  4770   241  4206
SUM: 6003 97.27 70.53 4161.10 3507.30 0.333
