PREPRIO 4
0000:   10  445   89   27 2 |  6135  6125   139  5541
0001:    2  462   30   97 4 |  5165  5163  1306  3395
0002:   13  151   75   85 2 |  4197  4184   100  3933
0003:   75  467   62   70 4 |  4987  4912   376  4069
0004:   19  130   12   86 4 |  1431  1412  1116   166
0005:   93  171   98   78 1 |  5976  5883   169  5543
0006:   61  193  100   21 3 |  3979  3918    53  3672
0007:   51  234   60   31 3 |  4154  4103    59  3810
0008:   91  473   60   85 3 |  5771  5680   528  4679
0009:   61  421   94   13 1 |  6643  6582    75  6086
0010:    9  422  100   54 1 |  6728  6719   231  6066
0011:   11  260   94   17 3 |  4524  4513    65  4188
0012:   56  233   84   60 3 |  4065  4009   139  3637
0013:    3  471   81   17 4 |  5061  5058    67  4520
0014:   74  437   38   30 4 |  4796  4722   370  3915
0015:   45  152   75   19 2 |  4223  4178    20  4006
0016:   45  468   45   31 2 |  6238  6193   452  5273
0017:   80  455   45   89 2 |  6575  6495   819  5221
0018:   44  348   19   23 4 |  2879  2835   467  2020
0019:   83  276   96   96 4 |  3863  3780   231  3273
SUM: 6728 99.12 65.70 4823.20 4150.65 0.297
