FCFS
0000:   61  197   92   58 2 |  2058  1997    74  1726
0001:   68  379   43   63 4 |  5695  5627   828  4420
0002:   22  432   72   26 2 |  4903  4881   122  4327
0003:   99  133   49   23 4 |  4148  4049    99  3817
0004:   12  120   30   82 4 |  2702  2690   185  2385
0005:   62  334   63   92 1 |  3977  3915   369  3212
0006:    8  144   19   40 3 |  4475  4467   205  4118
0007:   41  120   28   97 3 |  4995  4954   661  4173
0008:   18  157   78   83 3 |  1026  1008   115   736
0009:   88  465   12   92 1 |  8522  8434  3515  4454
0010:   59  355   67   31 1 |  4620  4561   204  4002
0011:   93  360   44   85 3 |  5486  5393   693  4340
0012:   70  386   43   43 3 |  5131  5061   274  4401
0013:   12  361   30   81 4 |  5522  5510   747  4402
0014:   32  422   90   46 4 |  4848  4816   277  4117
0015:   56  332   46   78 2 |  5272  5216   739  4145
0016:   68  393   67   55 2 |  5201  5133   484  4256
0017:   33  134   19   40 2 |  4800  4767   206  4427
0018:   40  434   65   79 4 |  5258  5218   514  4270
0019:   77  185   64   68 4 |  3834  3757   191  3381
SUM: 8522 68.56 82.86 4572.70 3755.45 0.235
