PRIO 5
0000:   43  100   52   68 3 |  1547  1504   150  1254
0001:   58  236   86   32 2 |  3788  3730    60  3434
0002:   73  395   73   33 1 |  6396  6323   141  5787
0003:   98  168   61   51 3 |  1972  1874    89  1617
0004:   21  450   22   56 2 |  4919  4898   916  3532
0005:    0  427   35   14 3 |  3423  3423   237  2759
0006:   83  132   12   25 3 |   975   892   299   461
0007:   33  475   43   34 1 |  6746  6713   376  5862
0008:   62  370   54   84 3 |  3888  3826   684  2772
0009:   46  488   42   35 3 |  4351  4305   507  3310
0010:   63  317   34   36 1 |  5882  5819   323  5179
0011:   60  463   67   21 1 |  6699  6639   135  6041
0012:   51  451   93   71 2 |  5441  5390   196  4743
0013:   26  453   96   65 1 |  6722  6696   388  5855
0014:   56  100   47   77 3 |  1380  1324   141  1083
0015:   66  432   19   41 2 |  4934  4868   972  3464
0016:   45  472   37   23 1 |  6683  6638   232  5934
0017:   68  386   49   20 1 |  6443  6375   210  5779
0018:   70  122   33   58 3 |  1435  1365   219  1024
0019:   88  301   71   82 2 |  4598  4510   435  3774
SUM: 6746 99.88 62.47 4355.60 3683.20 0.296
