PREPRIO 2
0000:   49  325   52   96 2 |  4715  4666   602  3739
0001:   10  212   64   27 5 |  1954  1944    62  1670
0002:  100  109   94  100 3 |  1938  1838    44  1685
0003:   76  200   62   31 2 |  3787  3711    61  3450
0004:   93  264   99   33 5 |  2553  2460   114  2082
0005:   64  385   60   88 2 |  5024  4960   750  3825
0006:   51  401   48   95 2 |  5110  5059   897  3761
0007:   18  102   53   32 4 |  1179  1161    55  1004
0008:   66  248   79   37 2 |  4122  4056   116  3692
0009:   72  299   23   53 1 |  5260  5188   588  4301
0010:  100  266   56   45 4 |  2877  2777   248  2263
0011:   31  445   47   76 4 |  3996  3965   853  2667
0012:   20  196   69   24 1 |  4753  4733    50  4487
0013:   53  338   53   84 4 |  3458  3405   521  2546
0014:   32  269   95   52 1 |  5074  5042   206  4567
0015:    0  398   79   53 2 |  4816  4816   159  4259
0016:   78  111   33   50 2 |  2567  2489   141  2237
0017:    5  297   11   92 4 |  3822  3817  2628   892
0018:   55  104   74   32 2 |  2476  2421    36  2281
0019:   24  167   49   64 1 |  4624  4600   360  4073
SUM: 5260 97.64 83.99 3655.40 2974.05 0.380
