PREPRIO 4
0000:   10  143   66   77 2 |  3704  3694   269  3282
0001:   64  339   14   22 4 |  1861  1797   399  1059
0002:   27  127   48   27 2 |  3628  3601    33  3441
0003:   49  472   28   21 4 |  3745  3696   253  2971
0004:   65  277   85   59 4 |  3705  3640    78  3285
0005:   32  180   42   61 1 |  4966  4934   219  4535
0006:   97  213   38   78 3 |  3853  3756   407  3136
0007:   23  441   78   81 3 |  4880  4857   402  4014
0008:   85  453   63   79 3 |  4891  4806   614  3739
0009:    0  483   41  100 1 |  6007  6007   991  4533
0010:   94  217   77   50 1 |  5136  5042   221  4604
0011:   70  274   67   66 3 |  4181  4111   258  3579
0012:   38  307   59   46 3 |  4313  4275   147  3821
0013:   13  198   18   62 4 |  2217  2204   630  1376
0014:    0  259   82   53 4 |  3475  3475   249  2967
0015:   61  141   39   67 2 |  3742  3681   150  3390
0016:   49  145   78   48 2 |  3898  3849   124  3580
0017:   50  446   68   53 2 |  5203  5153   307  4400
0018:   70  169   71   64 4 |  2506  2436   149  2118
0019:   27  127   32   43 4 |  2115  2088   157  1804
SUM: 6007 90.08 63.64 3855.10 3281.70 0.333
