SRTF
0000:   93  309   85   76 2 |  2578  2485   290  1886
0001:   24  489   67   54 4 |  5528  5504   448  4567
0002:   95  419   82   25 2 |  4391  4296   164  3713
0003:   97  225   52   56 4 |  1527  1430   272   933
0004:   88  490   26   77 4 |  7678  7590  1661  5439
0005:   22  385   44   18 1 |  4247  4225   176  3664
0006:   56  333   52   14 3 |  3467  3411    80  2998
0007:   78  263   75   25 3 |  1741  1663    84  1316
0008:   99  224   87   47 3 |  1071   972   173   575
0009:   61  153   77   35 1 |   390   329    35   141
0010:   96  328   51   46 1 |  2644  2548   255  1965
0011:   67  419   85   93 3 |  3799  3732   265  3048
0012:   85  290   87   65 3 |  1945  1860   194  1376
0013:   76  214   46   40 4 |   826   750   149   387
0014:    5  456   20   64 4 |  6951  6946  1347  5143
0015:   88  330   86   41 2 |  3246  3158   254  2574
0016:   19  483   17   20 2 |  6564  6545   550  5512
0017:   56  218   20   74 2 |  1742  1686   672   796
0018:    8  224   72   72 4 |   541   533   145   164
0019:   40  499   97   26 4 |  5615  5575   147  4929
SUM: 7678 87.93 65.68 3261.90 2556.30 0.260
