PRIO 5
0000:   72  350   92   50 3 |  4649  4577   149  4078
0001:   67  265   70   91 2 |  5096  5029   305  4459
0002:   64  334   82   28 1 |  6698  6634   128  6172
0003:   79  247  100   52 3 |  3711  3632   151  3234
0004:   93  264   20   16 2 |  3586  3493   169  3060
0005:   53  333   90   24 3 |  4615  4562    83  4146
0006:   68  493   56   88 3 |  5541  5473   839  4141
0007:   41  239   70   48 1 |  6307  6266   114  5913
0008:   71  472   84   13 3 |  5414  5343    90  4781
0009:   34  376   92   54 3 |  5149  5115   119  4620
0010:   15  332   22   48 1 |  6973  6958   803  5823
0011:    5  188   76   67 1 |  5884  5879   121  5570
0012:   72  285   69   29 2 |  5306  5234   123  4826
0013:   69  490   59   28 1 |  7099  7030   213  6327
0014:   52  366   92   18 3 |  4939  4887    43  4478
0015:   54  429   16   90 2 |  7106  7052  3014  3609
0016:   26  361   90   71 1 |  6883  6857   180  6316
0017:    4  458   32   75 1 |  7234  7230   837  5935
0018:   23  474   83   88 3 |  5628  5605   715  4416
0019:   66  382   48   42 2 |  5803  5737   430  4925
SUM: 7234 98.67 72.89 5629.65 4841.45 0.276
