PREPRIO 2
0000:   18  205   76   24 2 |  4039  4021    54  3762
0001:   90  314   62   67 5 |  2895  2805   297  2194
0002:    4  307   74   18 3 |  3876  3872   151  3414
0003:   45  475   63   47 2 |  5432  5387   454  4458
0004:   24  101   15   11 5 |   549   525    90   334
0005:   34  170   67   47 2 |  3716  3682    95  3417
0006:   27  168   50   32 2 |  3597  3570    72  3330
0007:   84  372   24   47 4 |  3702  3618   905  2341
0008:   10  482   61   23 2 |  5301  5291   163  4646
0009:   70  281   82   16 1 |  5461  5391    53  5057
0010:   11  256   14   91 4 |  3281  3270  1683  1331
0011:   49  157   48   38 4 |  1761  1712   125  1430
0012:   75  428   76   87 1 |  6030  5955   567  4960
0013:   12  190   34   86 4 |  2191  2179   428  1561
0014:    2  297   70   98 1 |  5649  5647   503  4847
0015:   71  324   61   20 2 |  4737  4666   149  4193
0016:   14  172   18   26 2 |  3361  3347   303  2872
0017:   21  416   93   69 4 |  4079  4058   250  3392
0018:    0  330   54   11 2 |  4696  4696    58  4308
0019:   92  423   64   61 1 |  5927  5835   534  4878
SUM: 6030 97.31 67.78 3976.35 3336.25 0.332
