PRIO 5
0000:    6  493   87   53 3 |  5151  5145   191  4461
0001:   91  414   14   99 2 |  6300  6209  2989  2806
0002:   27  410   29   25 1 |  6506  6479   307  5762
0003:   26  345   85   50 3 |  4500  4474    47  4082
0004:   53  371   83   47 2 |  5581  5528    99  5058
0005:   71  291   79   42 3 |  3945  3874   112  3471
0006:   20  283   75   81 3 |  3667  3647   190  3174
0007:   62  439   38   79 1 |  6738  6676   759  5478
0008:   18  282   31   84 3 |  3298  3280   979  2019
0009:   76  187   35   10 3 |  2110  2034    52  1795
0010:   84  440   52   79 1 |  6679  6595   503  5652
0011:    0  483   25   45 1 |  6850  6850   836  5531
0012:   86  210   24   99 2 |  4054  3968   946  2812
0013:   47  338   70   73 1 |  6301  6254   156  5760
0014:   14  473   29   80 3 |  4470  4456   792  3191
0015:    3  401   60   56 2 |  5536  5533   365  4767
0016:    8  116   58   95 1 |  4733  4725   167  4442
0017:   46  131   79   38 1 |  4897  4851    76  4644
0018:   63  272   91   94 3 |  3958  3895   310  3313
0019:   52  380   17   45 2 |  5107  5055   770  3905
SUM: 6850 98.67 81.39 4976.40 4106.15 0.292
