PRIO 5
0000:   55  378   39   76 3 |  4091  4036   679  2979
0001:   69  101   51   21 2 |  1966  1897    52  1744
0002:   21  179   54   33 1 |  4611  4590    88  4323
0003:   68  305   44   80 3 |  3611  3543   731  2507
0004:   23  192   41   54 2 |  3839  3816   139  3485
0005:   46  287   63   63 3 |  3918  3872   147  3438
0006:   27  465   44   21 3 |  4240  4213   176  3572
0007:   83  398   44   81 1 |  5626  5543   803  4342
0008:   29  114   73   19 3 |  1678  1649    13  1522
0009:   12  422   27   64 3 |  4004  3992   715  2855
0010:   24  157   88   52 1 |  4558  4534    25  4352
0011:   72  292   11   37 1 |  5305  5233  1062  3879
0012:   40  177   62   48 2 |  3747  3707    75  3455
0013:   21  442   26   91 1 |  6265  6244  1737  4065
0014:   78  249   23   15 3 |  2386  2308   210  1849
0015:   46  222   40   99 2 |  4080  4034   406  3406
0016:   70  457   39   53 1 |  5532  5462   534  4471
0017:   16  150   50   41 1 |  4471  4455    95  4210
0018:   57  275   39   43 3 |  3426  3369   303  2791
0019:   32  291   56   63 2 |  4384  4352   307  3754
SUM: 6265 88.64 73.57 4042.45 3349.95 0.319
