RR 5
0000:   23  426   53   67 2 |  5446  5423   385  4612
0001:   33  137   47   32 4 |  2386  2353    76  2140
0002:   39  308   92   52 2 |  4545  4506   182  4016
0003:   27  323   54   55 4 |  4671  4644   248  4073
0004:   70  338   13   12 4 |  5273  5203   265  4600
0005:   74  104   94   88 1 |  2018  1944    76  1764
0006:   48  142   68   64 3 |  2683  2635   188  2305
0007:   42  178   11   98 3 |  5087  5045  1769  3098
0008:   42  437   35   47 3 |  5640  5598   580  4581
0009:   96  180   74   10 1 |  3049  2953    20  2753
0010:   51  340   33   97 1 |  5512  5461  1134  3987
0011:    2  441   29   66 3 |  5657  5655   934  4280
0012:   33  276   24   81 3 |  5000  4967  1013  3678
0013:   59  465   17   45 4 |  6036  5977  1162  4350
0014:   16  230   22   32 4 |  3968  3952   248  3474
0015:   39  328   47   81 2 |  4741  4702   212  4162
0016:   46  403   70   96 2 |  5359  5313   432  4478
0017:   60  422   80   62 2 |  5410  5350   326  4602
0018:   47  124   68   17 4 |  2311  2264    38  2102
0019:   51  104   82   80 4 |  2050  1999   124  1771
SUM: 6036 94.53 81.26 4297.20 3541.30 0.331
