PRIO 2
0000:   47  347  100   10 2 |  5294  5247    28  4872
0001:   52  423   11   13 4 |  3553  3501   551  2527
0002:   23  114   85   98 2 |  3195  3172    68  2990
0003:   49  301   87   37 4 |  3763  3714   127  3286
0004:   58  449   72   13 4 |  4694  4636    83  4104
0005:   81  481   37   68 1 |  6504  6423   880  5062
0006:   49  430   70   62 3 |  5188  5139   335  4374
0007:    5  170   67   31 3 |  2945  2940   115  2655
0008:   97  191   39   83 3 |  3483  3386   266  2929
0009:   18  108   31   85 1 |  4647  4629   324  4197
0010:   66  439   71   58 1 |  6372  6306   674  5193
0011:   83  320   44   46 3 |  4591  4508   394  3794
0012:   46  297   92   22 3 |  4538  4492    70  4125
0013:   12  395   17   99 4 |  5053  5041  2490  2156
0014:    0  204   80   17 4 |  2769  2769    45  2520
0015:   73  274   99   98 2 |  5108  5035   226  4535
0016:   45  371   19   90 2 |  6182  6137  1930  3836
0017:   51  472  100   34 2 |  5596  5545   144  4929
0018:   43  149   18   21 4 |  1484  1441   154  1138
0019:   63  222   79   12 4 |  3046  2983    15  2746
SUM: 6504 94.66 76.71 4352.20 3598.40 0.308
