PREPRIO 2
0000:   54  178   38   52 2 |  3665  3611   114  3319
0001:   47  294   55   62 5 |  2867  2820   165  2361
0002:   34  453   99   56 3 |  4679  4645   432  3760
0003:   42  168   69   68 2 |  3651  3609    74  3367
0004:   50  278   98   76 5 |  2958  2908   229  2401
0005:   72  454   92   49 2 |  5365  5293   226  4613
0006:   20  135   32   41 2 |  3181  3161   227  2799
0007:   57  384   21   44 4 |  3539  3482   781  2317
0008:   34  111   80   24 2 |  2895  2861    36  2714
0009:    5  235   43   44 1 |  5383  5378   360  4783
0010:    8  132   61   22 4 |  1704  1696    44  1520
0011:   85  379   19   13 4 |  3314  3229   227  2623
0012:   63  393   69   66 1 |  5650  5587   312  4882
0013:   21  174   99   76 4 |  2293  2272   138  1960
0014:   97  238   88   15 1 |  5325  5228    20  4970
0015:   93  255   87   57 2 |  4346  4253    95  3903
0016:   11  389   28   44 2 |  5063  5052   602  4061
0017:   98  142   42   98 4 |  2078  1980   141  1697
0018:    4  494   37   28 2 |  5357  5353   282  4577
0019:   15  273   76   35 1 |  5452  5437   144  5020
SUM: 5650 98.39 58.57 3892.75 3382.35 0.354
