LCFS
0000:   67  479   51   89 2 |  4439  4372   553  3340
0001:  100  414   92   50 4 |  1728  1628   288   926
0002:   90  183   19   43 2 |  2289  2199   455  1561
0003:   41  295   88   26 4 |   448   407    50    62
0004:   87  229   72   34 4 |  2278  2191   114  1848
0005:   53  314   98   39 1 |  3539  3486    67  3105
0006:   24  217   96   91 3 |  4648  4624   188  4219
0007:    3  370   86   70 3 |  2599  2596   262  1964
0008:   14  146   30   29 3 |  5946  5932   139  5647
0009:   14  310   93   37 1 |  5353  5339   140  4889
0010:   12  447   38   55 1 |  6713  6701   693  5561
0011:   14  286   32   51 3 |  5510  5496   484  4726
0012:   93  228   48   68 3 |  1712  1619   333  1058
0013:   67  498   75   83 4 |  3994  3927   477  2952
0014:   93  438   31   41 4 |  1987  1894   419  1037
0015:   25  363   54   20 2 |  5454  5429   132  4934
0016:   56  136   23   31 2 |  4569  4513   145  4232
0017:   96  286   44   50 2 |  1714  1618   407   925
0018:   37  428   15   50 4 |  6381  6344  1029  4887
0019:   69  222   38   81 4 |  3725  3656   383  3051
SUM: 6713 93.68 66.94 3698.55 3046.20 0.298
