PRIO 2
0000:   42  262   98   88 2 |  5779  5737   342  5133
0001:   69  178   51   70 4 |  2489  2420   157  2085
0002:   22  442   42   46 2 |  6194  6172   329  5401
0003:   43  327   21   20 4 |  3607  3564   371  2866
0004:   83  373   54   22 4 |  4794  4711   138  4200
0005:   51  223   38   64 1 |  6195  6144   257  5664
0006:   26  404   32   70 3 |  5725  5699   715  4580
0007:   12  338   45   86 3 |  5400  5388   583  4467
0008:   87  185   33   54 3 |  3362  3275   271  2819
0009:    8  152   61   10 1 |  5818  5810    22  5636
0010:   84  279   92   44 1 |  6227  6143   112  5752
0011:   59  339   92   96 3 |  5522  5463   206  4918
0012:   60  388   89   19 3 |  5679  5619    77  5154
0013:   92  299   90  100 4 |  4217  4125   194  3632
0014:   81  422   36   13 4 |  4853  4772   110  4240
0015:   54  315   13   63 2 |  6163  6109  1262  4532
0016:    6  220   50   92 2 |  5410  5404   385  4799
0017:   42  230   85   70 2 |  5534  5492   132  5130
0018:   94  450   37   48 4 |  5259  5165   494  4221
0019:   34  387   73   85 4 |  4962  4928   274  4267
SUM: 6227 99.78 64.28 5107.00 4474.80 0.321
