PRIO 5
0000:   75  371   96   28 3 |  4500  4425    98  3956
0001:   81  112   22   92 2 |  2418  2337   413  1812
0002:   94  360   31   20 1 |  5935  5841   214  5267
0003:   49  460   30   54 3 |  4573  4524   777  3287
0004:    5  409   66   92 2 |  5441  5436   671  4356
0005:   37  138   21   98 3 |  1985  1948   502  1308
0006:   45  151   86   23 3 |  2228  2183    55  1977
0007:   80  383   26   43 1 |  6100  6020   548  5089
0008:   58  484   19   69 3 |  4606  4548  2046  2018
0009:   77  341   83   42 3 |  4333  4256    75  3840
0010:   46  291   55   61 1 |  5914  5868   298  5279
0011:   44  328   50   69 1 |  5955  5911   360  5223
0012:   15  367   41   26 2 |  4919  4904   239  4298
0013:   15  249   31   97 1 |  5760  5745   896  4600
0014:    3  243  100   37 3 |  3415  3412    71  3098
0015:   67  222   54   57 2 |  3971  3904   166  3516
0016:   92  129   33   19 1 |  4467  4375   121  4125
0017:   90  270   95   83 1 |  5807  5717   219  5228
0018:   24  498   52   11 3 |  4712  4688   100  4090
0019:   47  183   49   38 2 |  3320  3273   169  2921
SUM: 6100 98.18 76.93 4465.75 3764.40 0.328
