PREPRIO 2
0000:   12  459   64   12 2 |  5666  5654   124  5071
0001:   32  397   85   30 5 |  3484  3452   100  2955
0002:   69  426   68   19 3 |  4932  4863   114  4323
0003:   84  382   34   70 2 |  5536  5452   472  4598
0004:   77  467   44   58 5 |  3966  3889   622  2800
0005:    7  264   85   70 2 |  4850  4843   172  4407
0006:   72  308   27   49 2 |  5164  5092   519  4265
0007:    8  383   32   39 4 |  3815  3807   443  2981
0008:   87  485   75   54 2 |  5850  5763   283  4995
0009:   44  487   73   79 1 |  6727  6683   724  5472
0010:   62  237   37   91 4 |  2853  2791   493  2061
0011:   77  139   22   21 4 |  1443  1366   112  1115
0012:   67  120   45   15 1 |  4541  4474    38  4316
0013:   85  151   13   66 4 |  2016  1931   858   922
0014:   20  492   68   70 1 |  6539  6519   541  5486
0015:   45  356   96   51 2 |  5349  5304   232  4716
0016:   24  210   14   21 2 |  4052  4028   227  3591
0017:    8  106   29   18 4 |  1137  1129    67   956
0018:   36  190   91   79 2 |  4187  4151   203  3758
0019:   85  426   69   28 1 |  6212  6127   140  5561
SUM: 6727 96.40 62.06 4365.90 3717.45 0.297
