LCFS
0000:   87  311   35   91 2 |  1976  1889   936   642
0001:    4  180   70   53 4 |  6107  6103   188  5735
0002:   63  391   78   20 2 |  2817  2754    96  2267
0003:   21  327   35   25 4 |  5646  5625   221  5077
0004:   55  191   69   85 4 |   824   769   234   344
0005:   25  153   28   62 1 |  4359  4334   280  3901
0006:   68  416   16   30 3 |  6184  6116   770  4930
0007:   67  236   20   67 3 |  2910  2843   625  1982
0008:   69  436   93   10 3 |  2096  2027    65  1526
0009:   21  221   79   15 1 |  4736  4715    50  4444
0010:   47  391   58   34 1 |  3519  3472   202  2879
0011:    1  312   73   53 3 |  1421  1420   175   933
0012:   31  484   35   12 3 |  4337  4306   153  3669
0013:   81  243   44   31 4 |  1286  1205   214   748
0014:   77  216   48   30 4 |   784   707   119   372
0015:   17  192   64   79 2 |  5600  5583   262  5129
0016:   99  385   18   53 2 |  3121  3022  1203  1434
0017:   19  451   12   36 2 |  7008  6989  1164  5374
0018:   52  346   15   69 4 |  6125  6073  1495  4232
0019:   39  476   26   92 4 |  5763  5724  1205  4043
SUM: 7008 90.72 81.54 3783.80 2983.05 0.285
