RR 2
0000:   45  263   81   12 2 |  4335  4290    26  4001
0001:   58  379   50   20 4 |  5219  5161   138  4644
0002:   43  176   17   25 2 |  3521  3478   273  3029
0003:    2  136   81   45 4 |  2457  2455    70  2249
0004:   51  237   45   13 4 |  4137  4086    51  3798
0005:   22  338   63   82 1 |  5209  5187   512  4337
0006:   72  121   53   45 3 |  2503  2431   124  2186
0007:   66  425   65   50 3 |  5471  5405   289  4691
0008:   15  235   99   11 3 |  3949  3934    10  3689
0009:   84  475  100   23 1 |  5520  5436    86  4875
0010:    3  409   93   60 1 |  5407  5404   273  4722
0011:   86  156   40   41 3 |  3097  3011   126  2729
0012:   25  246   38   84 3 |  4398  4373   314  3813
0013:   77  257   28   50 4 |  4631  4554   435  3862
0014:   12  256  100   86 4 |  4406  4394   293  3845
0015:   22  330   65   52 2 |  5018  4996   306  4360
0016:   94  175   25   93 2 |  3779  3685   583  2927
0017:   32  375   74   68 2 |  5439  5407   553  4479
0018:   78  112   98   38 4 |  2184  2106    12  1982
0019:   10  493   56   96 4 |  5649  5639   564  4582
SUM: 5649 99.03 58.51 4271.60 3740.00 0.354
