LCFS
0000:   71  228   97   66 2 |  2445  2374   169  1977
0001:   68  476   35   43 4 |  5495  5427   557  4394
0002:   89  100   22   86 2 |   886   797   382   315
0003:   88  480   78   62 4 |  1730  1642   287   875
0004:    4  121   32   89 4 |  2725  2721   353  2247
0005:   11  496   65   39 1 |  6214  6203   214  5493
0006:   30  494   63   79 3 |  1573  1543   566   483
0007:   14  485   72   77 3 |  2882  2868   537  1846
0008:   80  234   57   23 3 |   665   585    93   258
0009:   25  313   79   13 1 |  5300  5275    73  4889
0010:   67  137   99   55 1 |  3165  3098    59  2902
0011:    9  127   19   21 3 |  5988  5979   131  5721
0012:   65  187   28   32 3 |  4019  3954   240  3527
0013:   66  397   31   41 4 |  4525  4459   515  3547
0014:   95  301   44   91 4 |  2166  2071   688  1082
0015:   20  104   96   32 2 |  5441  5421    23  5294
0016:   77  243   32   26 2 |  2526  2449   171  2035
0017:   42  360   27   80 2 |  5352  5310   893  4057
0018:   60  451   61   79 4 |  5115  5055   558  4046
0019:   26  349   64   18 4 |  4524  4498   142  4007
SUM: 6214 97.89 71.00 3586.45 2949.75 0.322
