RR 5
0000:   35  467   80   38 2 |  5974  5939   250  5222
0001:   14  115   94   39 4 |  1875  1861    39  1707
0002:   68  432   51   39 2 |  5939  5871   305  5134
0003:   88  229   18   68 4 |  4994  4906   751  3926
0004:    9  293   28   90 4 |  5495  5486   975  4218
0005:   79  422   46   33 1 |  5905  5826   343  5061
0006:    5  374   42   25 3 |  5481  5476   233  4869
0007:   84  198   84   77 3 |  4024  3940   493  3249
0008:   93  408   16   68 3 |  6618  6525  1917  4200
0009:    4  259   31   98 1 |  4967  4963   722  3982
0010:    4  225   84   41 1 |  3596  3592    52  3315
0011:   34  248   34   16 3 |  4162  4128   102  3778
0012:   19  362   57   50 3 |  5505  5486   385  4739
0013:   63  329   15   82 4 |  6158  6095  1456  4310
0014:   27  400   83   44 4 |  5692  5665   277  4988
0015:   39  310   91   65 2 |  4815  4776   155  4311
0016:   67  439   23   28 2 |  6157  6090   524  5127
0017:   94  161   96   49 2 |  2861  2767    43  2563
0018:   28  463   11   78 4 |  7478  7450  2793  4194
0019:   64  256   52   38 4 |  4430  4366   198  3912
SUM: 7478 85.45 84.15 5060.40 4140.25 0.267
