RR 5
0000:   55  349   65   26 2 |  5505  5450   100  5001
0001:   21  396   70   17 4 |  5867  5846    91  5359
0002:   89  426   68   64 2 |  6244  6155   380  5349
0003:   75  291   32   18 4 |  5076  5001   149  4561
0004:   12  316   24   83 4 |  6177  6165  1146  4703
0005:   19  428   54   27 1 |  6176  6157   242  5487
0006:   30  199   31   17 3 |  3847  3817    94  3524
0007:   42  420   83   72 3 |  6183  6141   521  5200
0008:    5  110   13   43 3 |  3066  3061   347  2604
0009:    6  425   72   52 1 |  6133  6127   323  5379
0010:    9  177   85   69 1 |  3301  3292   165  2950
0011:   62  277   58   34 3 |  4811  4749   170  4302
0012:   11  212   34   26 3 |  3863  3852   147  3493
0013:   81  442   71   51 4 |  6203  6122   229  5451
0014:   89  142   36   16 4 |  2920  2831    63  2626
0015:   18  394   14   84 2 |  6883  6865  1826  4645
0016:   86  375   66   41 2 |  5847  5761   195  5191
0017:   37  351   70   45 2 |  5533  5496   200  4945
0018:   98  416   75   18 4 |  5959  5861   101  5344
0019:   59  164   87   18 4 |  3076  3017    43  2810
SUM: 6883 91.68 64.56 5088.30 4446.20 0.291
