SRTF
0000:   78  493   29   99 2 |  7700  7622  1773  5356
0001:   82  448   44   81 4 |  5647  5565   637  4480
0002:   96  251   57   60 2 |  1892  1796   171  1374
0003:   35  265   83   65 4 |  2205  2170   271  1634
0004:   74  492   76   12 4 |  5533  5459    96  4871
0005:   92  225   60   48 1 |  1336  1244   175   844
0006:   75  462   70   66 3 |  4730  4655   333  3860
0007:   57  397   63   94 3 |  3568  3511   608  2506
0008:   18  215   38   59 3 |  1387  1369   288   866
0009:   11  358   71   58 1 |  3098  3087   405  2324
0010:   41  309   19   15 1 |  3665  3624   218  3097
0011:   96  129   98   33 3 |   417   321    68   124
0012:   82  163   99   73 3 |   379   297    29   105
0013:   52  418   50   91 4 |  4665  4613   756  3439
0014:   17  283   86   26 4 |   673   656    50   323
0015:   97  433   10   71 2 |  7995  7898  2260  5205
0016:   18  215   53   97 2 |  1931  1913   413  1285
0017:   84  301   71   21 2 |  2343  2259   102  1856
0018:   47  377   19   32 4 |  4513  4466   533  3556
0019:   32  162   21   69 4 |  1313  1281   556   563
SUM: 7995 80.00 78.05 3190.30 2383.40 0.250
