PREPRIO 2
0000:   69  331   41   67 2 |  5667  5598   500  4767
0001:   75  206   14   75 5 |  1941  1866   850   810
0002:   88  264   87   50 3 |  4294  4206   133  3809
0003:   19  249   18  100 2 |  5315  5296  1302  3745
0004:   42  358   43   87 5 |  3560  3518   679  2481
0005:   32  296   94   33 2 |  5471  5439   111  5032
0006:   80  177   27   53 2 |  4382  4302   290  3835
0007:    0  444   42   72 4 |  4802  4802   529  3829
0008:   48  446   53   14 2 |  5901  5853   137  5270
0009:   38  290   51   78 1 |  6190  6152   522  5340
0010:   82  463   19   41 4 |  4555  4473   983  3027
0011:   48  289   53   84 4 |  3722  3674   532  2853
0012:   41  397   19   47 1 |  6738  6697  1029  5271
0013:    3  332   24   42 4 |  3358  3355   540  2483
0014:   15  194   67   19 1 |  5794  5779    20  5565
0015:   35  213   81   47 2 |  4816  4781   135  4433
0016:    5  384   69   13 2 |  5745  5740    72  5284
0017:   40  304   85   81 4 |  3851  3811   141  3366
0018:   69  332   39   74 2 |  5668  5599   370  4897
0019:   84  440   96   90 1 |  6359  6275   275  5560
SUM: 6738 95.12 75.38 4860.80 4082.85 0.297
