PREPRIO 4
0000:   41  381   15   91 2 |  5832  5791  1974  3436
0001:   82  190   39   22 4 |  2467  2385   102  2093
0002:   49  274   13   49 2 |  4843  4794  1173  3347
0003:    5  355   53   56 4 |  3675  3670   479  2836
0004:    9  136   57   55 4 |  2149  2140    40  1964
0005:   69  303   51   82 1 |  5916  5847   712  4832
0006:   29  202   82   87 3 |  3807  3778   220  3356
0007:   85  362   18   50 3 |  3964  3879   975  2542
0008:   62  365   57   26 3 |  4690  4628   216  4047
0009:   51  167   30   42 1 |  5409  5358   205  4986
0010:   53  256   15   16 1 |  5472  5419   311  4852
0011:   40  357   44   18 3 |  4659  4619   164  4098
0012:   78  396   99   64 3 |  5029  4951   156  4399
0013:   79  265   70   86 4 |  3531  3452   281  2906
0014:   43  412   88   11 4 |  4683  4640    37  4191
0015:   61  115   59   99 2 |  3512  3451   164  3172
0016:   25  388   12   40 2 |  5341  5316  1315  3613
0017:   87  399   34   87 2 |  5769  5682   842  4441
0018:   70  184   68   53 4 |  2726  2656   124  2348
0019:   57  154   66   75 4 |  2002  1945   152  1639
SUM: 5916 95.69 82.45 4220.05 3454.90 0.338
