PREPRIO 2
0000:   14  382   94   71 2 |  4790  4776   337  4057
0001:   32  389   17   99 5 |  3567  3535  2253   893
0002:   97  321   82   36 3 |  3844  3747    90  3336
0003:   87  468  100   69 2 |  5055  4968   388  4112
0004:   13  162   77   61 5 |  1597  1584   116  1306
0005:   85  158   33   94 2 |  3525  3440   373  2909
0006:   39  182   16   18 2 |  3317  3278   193  2903
0007:   64  219   83   21 4 |  2631  2567    53  2295
0008:   60  114   38   70 2 |  2750  2690   213  2363
0009:    0  324   17  100 1 |  5972  5972  1816  3832
0010:   78  149   52   61 4 |  1840  1762   136  1477
0011:   12  306   73   61 4 |  3387  3375   252  2817
0012:   11  492   46   27 1 |  5674  5663   351  4820
0013:   79  111   62   26 4 |  1409  1330    16  1203
0014:   91  474   49   12 1 |  5543  5452    99  4879
0015:   44  456   39   86 2 |  5377  5333  1022  3855
0016:   73  197   82  100 2 |  3808  3735   205  3333
0017:   67  350   69   54 4 |  3649  3582   252  2980
0018:   48  177   82   24 2 |  3573  3525    16  3332
0019:   81  260   61   22 1 |  4993  4912   109  4543
SUM: 5972 95.29 83.62 3761.30 3062.25 0.335
