FCFS
0000:   98  101   56   75 2 |  3027  2929   208  2620
0001:   16  108   20   20 4 |  3523  3507   101  3298
0002:   19  267   69   87 2 |  3704  3685   461  2957
0003:   72  423   33   47 4 |  4912  4840   529  3888
0004:   37  185   99   69 4 |  1611  1574    84  1305
0005:   35  331   58   82 1 |  4055  4020   522  3167
0006:   46  370   88   22 3 |  2735  2689    41  2278
0007:   40  137   16   47 3 |  4393  4353   441  3775
0008:   87  328   53   71 3 |  3761  3674   238  3108
0009:   26  255   44   28 1 |  4043  4017   170  3592
0010:   52  137   22   68 1 |  4305  4253   426  3690
0011:   18  155   92   90 3 |  1625  1607   243  1209
0012:   10  314   73   42 3 |  3224  3214   164  2736
0013:   48  436   11   66 4 |  6395  6347  1907  4004
0014:   19  163   76   79 4 |  1571  1552   122  1267
0015:   37  462   10   28 2 |  5915  5878  1036  4380
0016:   55  290   42   17 2 |  4071  4016   111  3615
0017:   80  500   79   92 2 |  4281  4201   331  3370
0018:   26  157   44   31 4 |  3384  3358   135  3066
0019:   83  477   14   83 4 |  6571  6488  2193  3818
SUM: 6571 85.16 81.48 3810.10 3057.15 0.304
