PRIO 5
0000:   22  352   48   13 3 |  4294  4272    89  3831
0001:   95  475   36   84 2 |  6420  6325   979  4871
0002:   29  495   26   58 1 |  7392  7363  1067  5801
0003:   11  375   89   88 3 |  5246  5235   277  4583
0004:   88  459   17   30 2 |  5884  5796   853  4484
0005:   45  356   38   39 3 |  4401  4356   297  3703
0006:   70  450   63   43 3 |  5245  5175   299  4426
0007:   66  438   50   18 1 |  6900  6834   133  6263
0008:   80  102   90   10 3 |  1401  1321    13  1206
0009:   80  498   12   46 3 |  4648  4568  1722  2348
0010:   45  148   95   23 1 |  5626  5581    31  5402
0011:   22  124   38   21 1 |  5230  5208    55  5029
0012:   62  264   25   80 2 |  4851  4789   735  3790
0013:   29  411   16   37 1 |  7144  7115   951  5753
0014:   94  427   27   54 3 |  4831  4737   776  3534
0015:   67  225   51   65 2 |  4357  4290   257  3808
0016:   30  449   42   82 1 |  7376  7346   818  6079
0017:   51  319   59   62 1 |  6744  6693   340  6034
0018:   26  401   14   78 3 |  4569  4543  2063  2079
0019:   51  440   98   92 2 |  6322  6271   459  5372
SUM: 7392 97.51 82.09 5390.90 4419.80 0.271
