PREPRIO 2
0000:   18  474   98   12 2 |  6772  6754    59  6221
0001:   64  273   85   58 5 |  3119  3055   137  2645
0002:   81  377   88   87 3 |  5477  5396   356  4663
0003:   62  246   90   79 2 |  5464  5402   166  4990
0004:   63  450   35   10 5 |  3897  3834   142  3242
0005:   71  344   84   17 2 |  6153  6082    72  5666
0006:    0  456   23   29 2 |  6595  6595   572  5567
0007:   75  361   35   35 4 |  3927  3852   406  3085
0008:    9  334   32   29 2 |  5939  5930   331  5265
0009:   95  186   27   25 1 |  6300  6205   148  5871
0010:   54  211   97   61 4 |  3066  3012   111  2690
0011:   11  296   14   32 4 |  2917  2906   555  2055
0012:   47  417   20   19 1 |  7363  7316   396  6503
0013:   34  390   76   20 4 |  4511  4477   114  3973
0014:   56  448   57   47 1 |  7579  7523   482  6593
0015:   14  447   27   46 2 |  6833  6819   902  5470
0016:   55  473   42   95 2 |  7085  7030   861  5696
0017:   32  471   79   48 4 |  5196  5164   371  4322
0018:   42  373   79   37 2 |  6361  6319   187  5759
0019:   96  477   53   41 1 |  7457  7361   260  6624
SUM: 7579 99.01 59.73 5551.60 4845.00 0.264
