PRIO 5
0000:   81  228   57   52 3 |  2904  2823   205  2390
0001:   85  338   46   37 2 |  4563  4478   286  3854
0002:   68  252   39   71 1 |  5195  5127   550  4325
0003:    2  210   32   68 3 |  2449  2447   309  1928
0004:    2  271   35   19 2 |  3954  3952   139  3542
0005:   28  488   54   89 3 |  4608  4580  1303  2789
0006:   12  253   52   85 3 |  3067  3055   414  2388
0007:   24  240   27   11 1 |  4898  4874   106  4528
0008:   70  202   18   50 3 |  2381  2311   601  1508
0009:   22  214   41   28 3 |  2411  2389   102  2073
0010:   48  479   21   63 1 |  6357  6309  1480  4350
0011:   63  466   15   54 1 |  6314  6251  1806  3979
0012:   88  419   51   91 2 |  5324  5236   974  3843
0013:   37  366  100   91 1 |  5700  5663   343  4954
0014:   79  377   32   33 3 |  3566  3487   438  2672
0015:   89  241   77   74 2 |  4038  3949   116  3592
0016:   77  208   48   89 1 |  5029  4952   346  4398
0017:   22  391   94   13 1 |  5567  5545    58  5096
0018:   38  141   70   78 3 |  1949  1911   220  1550
0019:   83  157   57   86 2 |  3178  3095   207  2731
SUM: 6357 93.46 80.73 4121.70 3324.50 0.315
