PRIO 2
0000:   90  329   22   45 2 |  5337  5247   918  4000
0001:   29  298   78   31 4 |  3624  3595   122  3175
0002:   37  419   71   79 2 |  5640  5603   354  4830
0003:   50  153   41   13 4 |  1874  1824    24  1647
0004:   22  260   70   74 4 |  3286  3264   378  2626
0005:   93  239   43   88 1 |  5749  5656   543  4874
0006:   94  120   99   12 3 |  2247  2153     3  2030
0007:   20  320   56   17 3 |  4299  4279    76  3883
0008:   48  303   96   78 3 |  4434  4386   286  3797
0009:   52  450   35   36 1 |  6131  6079   402  5227
0010:   76  348   28   77 1 |  6465  6389  1110  4931
0011:   40  137   58   72 3 |  2536  2496   161  2198
0012:   30  296   71   34 3 |  4166  4136   143  3697
0013:   78  215   52   76 4 |  2886  2808   422  2171
0014:   38  361   70   24 4 |  3959  3921    94  3466
0015:   68  409   54   93 2 |  5826  5758   734  4615
0016:   47  341   93   35 2 |  5214  5167    94  4732
0017:   94  413   80   88 2 |  5665  5571   467  4691
0018:   93  429   65   96 4 |  4468  4375   551  3395
0019:   26  206   22   62 4 |  2482  2456   605  1645
SUM: 6465 93.52 71.88 4258.15 3581.50 0.309
