FCFS
0000:   49  407   91   95 2 |  4075  4026   417  3202
0001:   36  417   15   69 4 |  7651  7615  1832  5366
0002:   71  327   89   27 2 |  4881  4810   129  4354
0003:   76  158   13   67 4 |  6608  6532   881  5493
0004:    1  179   42   17 4 |  3900  3899    48  3672
0005:    1  167   60   81 1 |  2120  2119   125  1827
0006:   73  267   27   45 3 |  6128  6055   398  5390
0007:   78  464   66   37 3 |  5743  5665   237  4964
0008:   19  209   86   13 3 |  2442  2423    17  2197
0009:   80  439   59   81 1 |  5828  5748   476  4833
0010:   30  392   85   10 1 |  5064  5034    39  4603
0011:   66  206   73   87 3 |  3581  3515   305  3004
0012:   42  164   73   53 3 |  4178  4136   158  3814
0013:   70  475   49   82 4 |  6476  6406   824  5107
0014:   99  241   94   34 4 |  4076  3977   128  3608
0015:   55  390   33   39 2 |  6427  6372   422  5560
0016:   62  483   66   86 2 |  5902  5840   525  4832
0017:   45  371   36   55 2 |  6339  6294   654  5269
0018:   38  460   99   37 4 |  4500  4462   158  3844
0019:   51  491   83   13 4 |  5406  5355    67  4797
SUM: 7651 87.66 70.10 5014.15 4286.80 0.261
