RR 2
0000:   69  328   76   19 2 |  4537  4468    82  4058
0001:   31  180   82   16 4 |  3116  3085    33  2872
0002:   68  111   94   42 2 |  2185  2117    37  1969
0003:   73  120   14   22 4 |  2598  2525   241  2164
0004:   36  210   68   83 4 |  3563  3527   169  3148
0005:   21  289   34   16 1 |  4284  4263   154  3820
0006:   20  131   95   25 3 |  2448  2428    57  2240
0007:   16  338   88   10 3 |  4550  4534    45  4151
0008:   98  300   88   56 3 |  4402  4304   180  3824
0009:   67  354   16   76 1 |  5399  5332  1747  3231
0010:   97  423   91   44 1 |  5032  4935   185  4327
0011:   12  201   60   28 3 |  3343  3331    92  3038
0012:   70  123   22   20 3 |  2641  2571   182  2266
0013:   69  100   17   15 4 |  2090  2021    73  1848
0014:    9  174   82   86 4 |  3101  3092   179  2739
0015:   55  416   73   34 2 |  5001  4946   218  4312
0016:    5  459   74   93 2 |  5143  5138   471  4208
0017:   56  383   37   96 2 |  5078  5022   718  3921
0018:   20  383   62   57 4 |  4994  4974   466  4125
0019:    9  163   31   43 4 |  3125  3116   264  2689
SUM: 5399 96.05 65.35 3786.45 3247.50 0.370
