RR 2
0000:   63  223   69   93 2 |  4224  4161   232  3706
0001:   51  158   44   14 4 |  3053  3002    43  2801
0002:   62  244   82   59 2 |  4449  4387   156  3987
0003:   72  420   26   27 4 |  5690  5618   412  4786
0004:   51  343   93   89 4 |  5434  5383   315  4725
0005:   13  340   84   38 1 |  5315  5302   205  4757
0006:   88  328   94   44 3 |  5276  5188   150  4710
0007:   90  291   52   32 3 |  5010  4920   188  4441
0008:   95  348   87   71 3 |  5449  5354   248  4758
0009:   33  269   25   76 1 |  5146  5113   791  4053
0010:   16  166   80   57 1 |  3061  3045    83  2796
0011:   56  361   54   54 3 |  5553  5497   298  4838
0012:   48  254   17   81 3 |  5412  5364  1311  3799
0013:   83  254   97   49 4 |  4482  4399    48  4097
0014:   19  197  100   88 4 |  3548  3529   106  3226
0015:   86  307   67   23 2 |  5126  5040    82  4651
0016:   96  136   90   26 2 |  2688  2592    14  2442
0017:    3  363   25   65 2 |  5578  5575   776  4436
0018:   42  222   65   31 4 |  4031  3989    71  3696
0019:   68  494   57   17 4 |  5731  5663   156  5013
SUM: 5731 99.77 65.28 4656.05 4085.90 0.349
