PREPRIO 4
0000:   23  166   99   30 2 |  4102  4079    70  3843
0001:   76  306   90   13 4 |  3364  3288    29  2953
0002:   42  194   92   85 2 |  4567  4525    78  4253
0003:   30  293   68   67 4 |  3693  3663   169  3201
0004:   63  112   52   92 4 |  1497  1434   188  1134
0005:   88  158   65   62 1 |  5106  5018   212  4648
0006:   34  295   43   28 3 |  4129  4095   179  3621
0007:   16  324   94   85 3 |  4701  4685   283  4078
0008:   57  494   15   15 3 |  4413  4356   441  3421
0009:   47  173   33   24 1 |  5111  5064   115  4776
0010:   85  215   93   68 1 |  5263  5178   153  4810
0011:   70  357   33   62 3 |  4508  4438   794  3287
0012:   58  257   21   50 3 |  3054  2996   569  2170
0013:   33  153   37   55 4 |  2177  2144   247  1744
0014:   49  183   57   56 4 |  2460  2411    91  2137
0015:   12  397   86   75 2 |  5334  5322   354  4571
0016:   31  295   83   79 2 |  5058  5027   153  4579
0017:   46  313   66   22 2 |  5077  5031    70  4648
0018:   94  392   78   53 4 |  4442  4348   135  3821
0019:   56  171   73   14 4 |  1796  1740    48  1521
SUM: 5334 98.39 57.22 3942.10 3460.80 0.375
