PRIO 5
0000:   11  438   15   46 3 |  4053  4042  1166  2438
0001:   82  304   86   32 2 |  4802  4720    77  4339
0002:    6  140   91   96 1 |  4502  4496   197  4159
0003:   86  341   25   25 3 |  3368  3282   408  2533
0004:   70  329   14   82 2 |  4681  4611  1417  2865
0005:   58  206   81   67 3 |  3220  3162   106  2850
0006:   34  281   55   95 3 |  3753  3719   339  3099
0007:   65  242   92   86 1 |  5630  5565   233  5090
0008:   78  114   47   23 3 |  1626  1548    75  1359
0009:   43  280   10   55 3 |  2385  2342  1476   586
0010:    4  233   24   28 1 |  5306  5302   222  4847
0011:   48  283   76   95 1 |  5791  5743   305  5155
0012:   51  190   54   22 2 |  3482  3431    90  3151
0013:   80  435   47   17 1 |  6020  5940   154  5351
0014:   37  323   70   55 3 |  3969  3932   277  3332
0015:   76  491   58   33 2 |  5496  5420   146  4783
0016:   91  422   99   25 1 |  5984  5893    97  5374
0017:   32  189   59   92 1 |  5196  5164   140  4835
0018:   94  270   33   25 3 |  3031  2937   193  2474
0019:    8  489   62   64 2 |  5650  5642   622  4531
SUM: 6020 99.67 74.34 4344.55 3657.55 0.332
