FCFS
0000:   78  297   20   93 2 |  5549  5471  1472  3702
0001:   68  444   29   44 4 |  5316  5248   667  4137
0002:   78  426   38   77 2 |  4982  4904   855  3623
0003:   40  279   97   97 4 |  3201  3161   293  2589
0004:   93  236   16   65 4 |  5294  5201   987  3978
0005:   97  224   12   17 1 |  4986  4889   227  4438
0006:   36  170   19   23 3 |  4615  4579   211  4198
0007:   66  209   20   65 3 |  4715  4649   496  3944
0008:   30  221   66   99 3 |  2849  2819   302  2296
0009:   45  254   81   82 1 |  2643  2598   213  2131
0010:   97  293   34   57 1 |  4428  4331   476  3562
0011:   63  246   73   23 3 |  3209  3146    91  2809
0012:   46  371   86   77 3 |  3672  3626   244  3011
0013:   18  178   26   65 4 |  3974  3956   313  3465
0014:   32  293   37   58 4 |  4552  4520   567  3660
0015:    5  237   59   54 2 |  2999  2994   186  2571
0016:   61  169   85   43 2 |  1461  1400    72  1159
0017:   47  124   84   49 2 |  1398  1351    40  1187
0018:   35  150   24   44 4 |  4185  4150   211  3789
0019:   95  402   78   64 4 |  3787  3692   288  3002
SUM: 5549 94.13 79.85 3834.25 3162.55 0.360
