FCFS
0000:   17  374   39   41 2 |  4689  4672   369  3929
0001:   74  257   45   18 4 |  3627  3553    29  3267
0002:   36  194   37   35 2 |  3854  3818   138  3486
0003:   30  481   49   96 4 |  5089  5059   744  3834
0004:    9  140   82   91 4 |  2290  2281   199  1942
0005:   18  199   63   65 1 |  3145  3127   207  2721
0006:   95  143   69   25 3 |  2239  2144    24  1977
0007:    2  114   17   50 3 |  3399  3397   200  3083
0008:   59  392   45   95 3 |  4914  4855   756  3707
0009:   33  428   79   87 1 |  4508  4475   622  3425
0010:   64  144   70   34 1 |  2139  2075    59  1872
0011:   55  448   25   53 3 |  6004  5949   941  4560
0012:   23  481   31   13 3 |  5542  5519   269  4769
0013:   58  152   52   94 4 |  2660  2602   156  2294
0014:   72  453   24   62 4 |  6081  6009  1078  4478
0015:    2  336   81   44 2 |  3565  3563   217  3010
0016:   78  188   54   92 2 |  3423  3345   341  2816
0017:   58  457   35   95 2 |  5818  5760  1364  3939
0018:   21  240   95   82 4 |  2448  2427   121  2066
0019:    9  285   75   81 4 |  3489  3480   295  2900
SUM: 6081 97.12 77.80 3905.50 3203.75 0.329
