FCFS
0000:   50  218   32   79 2 |  4266  4216   569  3429
0001:   70  307   79   68 4 |  3416  3346   294  2745
0002:   21  497   22   21 2 |  5385  5364   457  4410
0003:   55  170   86   17 4 |  1200  1145    14   961
0004:   63  416   27   10 4 |  5051  4988   173  4399
0005:   90  213   23   51 1 |  4770  4680   493  3974
0006:   39  232   10   30 3 |  5308  5269   596  4441
0007:   75  256   25   62 3 |  4432  4357   520  3581
0008:   84  253   90   89 3 |  2817  2733   251  2229
0009:   94  298   80   34 1 |  3265  3171   155  2718
0010:   17  186   44   61 1 |  3672  3655   235  3234
0011:    6  233   45   88 3 |  3448  3442   412  2797
0012:   26  435   52   33 3 |  4655  4629   322  3872
0013:   46  139   56   43 4 |  2291  2245   112  1994
0014:    1  317   94   31 4 |  3336  3335   143  2875
0015:   63  258   58   74 2 |  3466  3403   405  2740
0016:   58  111   84   80 2 |  1258  1200    62  1027
0017:    3  191   21   14 2 |  4546  4543   154  4198
0018:   16  307   22   49 4 |  5135  5119   620  4192
0019:   73  276   23   45 4 |  4948  4875   568  4031
SUM: 5385 98.66 73.61 3785.75 3192.35 0.371
