PREPRIO 4
0000:   58  469   31   45 2 |  6005  5947   754  4724
0001:   14  198   88   34 4 |  3047  3033    54  2781
0002:   28  265   31   44 2 |  5182  5154   468  4421
0003:   69  321   58   79 4 |  4291  4222   431  3470
0004:   55  486   16   79 4 |  4328  4273  2192  1595
0005:   16  185   87   19 1 |  5700  5684    57  5442
0006:   98  177   70   37 3 |  3161  3063   133  2753
0007:   80  308   18   14 3 |  3881  3801   226  3267
0008:   93  345   44   93 3 |  5104  5011   484  4182
0009:   99  497   30   45 1 |  6811  6712   886  5329
0010:   29  272   84   41 1 |  6052  6023   156  5595
0011:    6  420   66   40 3 |  5254  5248   251  4577
0012:   69  188   95   74 3 |  3916  3847   113  3546
0013:   28  455   18   66 4 |  4437  4409  1677  2277
0014:    3  101   17   89 4 |  1481  1478   247  1130
0015:   62  344   18   58 2 |  5500  5438   986  4108
0016:   22  399   83   82 2 |  5853  5831   316  5116
0017:   51  199   59   84 2 |  4854  4803   142  4462
0018:   76  237   17   69 4 |  2746  2670  1050  1383
0019:   56  365   80   88 4 |  4533  4477   276  3836
SUM: 6811 91.48 83.04 4556.20 3699.70 0.294
