PRIO 5
0000:   32  111   93   54 3 |  1529  1497    69  1317
0001:   82  205   70   67 2 |  3685  3603   161  3237
0002:   17  204   99   81 1 |  5373  5356   179  4973
0003:   33  364   94   93 3 |  4287  4254   163  3727
0004:   82  410   93   62 2 |  5351  5269   217  4642
0005:   48  412   41   61 3 |  4293  4245   762  3071
0006:   68  450   72   43 3 |  4385  4317   361  3506
0007:   92  217   28   79 1 |  5612  5520   680  4623
0008:   98  234   93   80 3 |  3107  3009   263  2512
0009:   64  200   59   83 3 |  2884  2820   321  2299
0010:   26  320   40   21 1 |  5674  5648   110  5218
0011:   37  131   89   20 1 |  4546  4509    18  4360
0012:   38  465   83   97 2 |  5730  5692   563  4664
0013:   67  232   46   14 1 |  5416  5349    54  5063
0014:   64  426   82   91 3 |  4511  4447   561  3460
0015:   46  424   26   82 2 |  5389  5343  1196  3723
0016:   55  421   68   22 1 |  5817  5762    92  5249
0017:   78  197   71   90 1 |  5344  5266    75  4994
0018:   41  241   70   33 3 |  3096  3055   117  2697
0019:   48  104   73   39 2 |  2138  2090    43  1943
SUM: 5817 99.16 64.36 4352.55 3763.90 0.344
