SRTF
0000:    0  315   38   36 2 |  2681  2681   396  1970
0001:   60  429   77   81 4 |  4446  4386   532  3425
0002:   17  204   90   73 2 |   913   896    67   625
0003:   96  108   38   31 4 |   512   416    55   253
0004:   58  141   26   18 4 |  1139  1081    85   855
0005:   57  100   19   95 1 |  1394  1337   842   395
0006:   54  465   91   86 3 |  5393  5339   592  4282
0007:   90  312   65   39 3 |  2210  2120   162  1646
0008:   52  387   95   48 3 |  3873  3821   250  3184
0009:   53  114   55   26 1 |   278   225    33    78
0010:   20  217   66   90 1 |  1575  1555   219  1119
0011:   46  489   16   82 3 |  7450  7404  2277  4638
0012:    8  402   66   33 3 |  3033  3025   161  2462
0013:   98  135   35   34 4 |  1280  1182   146   901
0014:   67  145   50   34 4 |   494   427    12   270
0015:   34  320   80   72 2 |  2553  2519   214  1985
0016:   97  367   37   75 2 |  4158  4061   698  2996
0017:   34  255   67   88 2 |  1819  1785   225  1305
0018:   94  102   15   44 4 |   937   843   271   470
0019:    5  465   82   63 4 |  4800  4795   245  4085
SUM: 7450 73.45 76.27 2494.90 1847.20 0.268
