FCFS
0000:   14  224   89   87 2 |  3076  3062   254  2584
0001:   82  203   92   14 4 |  3627  3545    39  3303
0002:   90  269   86   65 2 |  4063  3973   130  3574
0003:   55  266   70   16 4 |  3857  3802    61  3475
0004:   75  153   95   51 4 |  1905  1830    95  1582
0005:  100  306   63   41 1 |  4637  4537   177  4054
0006:   60  237   87   83 3 |  3382  3322   232  2853
0007:   32  455   14   69 3 |  7118  7086  2113  4518
0008:   12  426   34   37 3 |  5428  5416   523  4467
0009:   23  356   78   46 1 |  4449  4426   288  3782
0010:   54  221   80   70 1 |  2257  2203   130  1852
0011:   13  215   65   17 3 |  2930  2917    46  2656
0012:   51  481   40   77 3 |  5559  5508   930  4097
0013:   12  388   83   58 4 |  4229  4217   270  3559
0014:   80  159   33   14 4 |  4166  4086    54  3873
0015:   15  259   19   47 2 |  5562  5547   731  4557
0016:   34  401   51   78 2 |  5277  5243   595  4247
0017:   70  338   73   23 2 |  4571  4501   130  4033
0018:  100  214   97   49 4 |  3458  3358   100  3044
0019:   30  195   72   31 4 |  2574  2544    72  2277
SUM: 7118 81.01 68.25 4056.15 3419.35 0.281
