LCFS
0000:   25  235   67   40 2 |  4070  4045    90  3720
0001:    4  111   16   48 4 |  2989  2985   302  2572
0002:   62  116   70   53 2 |  2516  2454   203  2135
0003:   49  326   57   72 4 |  3624  3575   209  3040
0004:   69  406   18   88 4 |  5790  5721  2064  3251
0005:   54  360   65   64 1 |  1098  1044   436   248
0006:    7  391   53   26 3 |  3513  3506   174  2941
0007:   91  168   45   48 3 |   912   821   110   543
0008:   23  147   44   63 3 |  4342  4319   198  3974
0009:    5  123   72   35 1 |  4906  4901    40  4738
0010:   25  248   41   84 1 |  5221  5196   636  4312
0011:   96  395   81   72 3 |  1438  1342   371   576
0012:   37  301   15   67 3 |  2563  2526  1290   935
0013:   70  346   38   38 4 |  2625  2555   300  1909
0014:   21  312   56   59 4 |  5185  5164   308  4544
0015:   83  232   69   67 2 |  1515  1432   233   967
0016:   96  225   18   82 2 |  2550  2454   850  1379
0017:   18  111   80   53 2 |  4591  4573    35  4427
0018:   82  292   29   10 4 |  2026  1944    98  1554
0019:   19  376   30   16 4 |  4431  4412   158  3878
SUM: 5790 90.17 81.87 3248.45 2582.15 0.345
