PREPRIO 4
0000:   84  191   41   54 2 |  4301  4217   141  3885
0001:    2  273   93   22 4 |  3662  3660    92  3295
0002:   71  438   24   83 2 |  5656  5585  1287  3860
0003:    4  296   26   24 4 |  2659  2655   208  2151
0004:    3  310   82   29 4 |  3769  3766   108  3348
0005:   44  344   58   69 1 |  5812  5768   388  5036
0006:   24  411   80   32 3 |  4656  4632   152  4069
0007:   97  436   23   11 3 |  4118  4021   200  3385
0008:   16  182   75   66 3 |  3520  3504   100  3222
0009:   97  290   52   50 1 |  5596  5499    94  5115
0010:   11  411   71   41 1 |  5880  5869   376  5082
0011:   60  190   48   34 3 |  3323  3263   152  2921
0012:   58  284   46   98 3 |  4202  4144   514  3346
0013:   90  111   60   95 4 |  1949  1859   204  1544
0014:   88  323   23   41 4 |  3387  3299   558  2418
0015:   73  379   14   99 2 |  6064  5991  2585  3027
0016:   11  446   74   88 2 |  5499  5488   533  4509
0017:   39  132   76   15 2 |  3856  3817    42  3643
0018:   22  263   75   93 4 |  3507  3485   178  3044
0019:   35  172   54   21 4 |  2064  2029    93  1764
SUM: 6064 97.00 75.10 4127.55 3433.20 0.330
