RR 2
0000:   62  245   14   82 2 |  4723  4661  1200  3216
0001:   82  418   18   87 4 |  5908  5826  1709  3699
0002:   96  134   77   34 2 |  2561  2465    58  2273
0003:   86  330   71   69 4 |  4938  4852   463  4059
0004:   32  110   11   14 4 |  2265  2233   138  1985
0005:   88  247   87   66 1 |  4013  3925   183  3495
0006:   83  436   82   55 3 |  5389  5306   312  4558
0007:   67  109   29   93 3 |  2290  2223   217  1897
0008:   61  149  100   78 3 |  2734  2673    86  2438
0009:   38  461   76   53 1 |  5434  5396   299  4636
0010:   30  443   53   39 1 |  5413  5383   325  4615
0011:   43  202   89   37 3 |  3371  3328    65  3061
0012:   76  404   79   27 3 |  5127  5051   137  4510
0013:   10  347   68   51 4 |  4714  4704   170  4187
0014:   54  191   74   94 4 |  3354  3300   128  2981
0015:   19  413   25   92 2 |  6009  5990  1602  3975
0016:   21  296   25   81 2 |  4754  4733   682  3755
0017:   18  100   57   53 2 |  1752  1734    64  1570
0018:   62  457   65   98 4 |  5630  5568   854  4257
0019:   69  167   51   64 4 |  3185  3116   276  2673
SUM: 6009 94.18 77.93 4123.35 3392.00 0.333
