PREPRIO 4
0000:   74  187   75   62 2 |  4616  4542    84  4271
0001:   88  363   71   88 4 |  4165  4077   172  3542
0002:   41  492   23   32 2 |  5831  5790   549  4749
0003:   85  160   19   36 4 |  1326  1241   310   771
0004:   15  456   93   41 4 |  4968  4953   245  4252
0005:   33  107   78   44 1 |  5011  4978    67  4804
0006:   33  422   61   34 3 |  5281  5248   214  4612
0007:   41  128   47   32 3 |  2275  2234    90  2016
0008:   94  179   46   94 3 |  3287  3193   317  2697
0009:   15  363   63   72 1 |  6036  6021   351  5307
0010:   58  354   91   54 1 |  5985  5927   199  5374
0011:   15  468   22   86 3 |  5299  5284  1336  3480
0012:   84  408   57   78 3 |  5234  5150   397  4345
0013:   83  403   56   49 4 |  4489  4406   234  3769
0014:   15  154   89   56 4 |  2264  2249   120  1975
0015:   72  256   17   44 2 |  4945  4873   716  3901
0016:   97  118   24   70 2 |  3081  2984   406  2460
0017:    5  243   60   17 2 |  4932  4927    52  4632
0018:   33  435   68   91 4 |  4938  4905   850  3620
0019:   82  251   37   38 4 |  2942  2860   164  2445
SUM: 6036 98.53 68.16 4292.10 3651.10 0.331
