PREPRIO 4
0000:   78  355   90   32 2 |  5423  5345   178  4812
0001:   17  409   90   68 4 |  4539  4522   285  3828
0002:   70  145   92   69 2 |  4175  4105    43  3917
0003:   40  286   64   49 4 |  3389  3349   264  2799
0004:   24  500   70   59 4 |  5003  4979   344  4135
0005:   99  331   72   47 1 |  5837  5738   121  5286
0006:   28  273   38   15 3 |  4194  4166   124  3769
0007:   61  450   92   39 3 |  5272  5211   252  4509
0008:   71  193   73   26 3 |  3443  3372    78  3101
0009:   18  447   55   99 1 |  6367  6349   937  4965
0010:   41  457   55   64 1 |  6371  6330   502  5371
0011:   67  477   58   18 3 |  5241  5174   225  4472
0012:   89  117   23   22 3 |  1581  1492    59  1316
0013:   92  240   46   12 4 |  2959  2867    67  2560
0014:   35  175   58   55 4 |  3077  3042   304  2563
0015:   31  212   24   59 2 |  4184  4153   389  3552
0016:   91  169   97   29 2 |  4427  4336    45  4122
0017:   32  389   50   21 2 |  5545  5513    90  5034
0018:   46  348   54   55 4 |  3923  3877   295  3234
0019:   85  240   77   90 4 |  3523  3438   467  2731
SUM: 6371 97.52 56.79 4367.90 3803.80 0.314
