PREPRIO 2
0000:   12  318   74   39 2 |  4975  4963   201  4444
0001:   10  329   99   73 5 |  3277  3267   160  2778
0002:   50  318   53   65 3 |  4492  4442   388  3736
0003:   55  226   90   52 2 |  4578  4523   122  4175
0004:   67  481   69   33 5 |  4010  3943   163  3299
0005:   60  222   47   23 2 |  4461  4401    98  4081
0006:   21  182   59   58 2 |  4134  4113   142  3789
0007:   83  329   86   67 4 |  3788  3705   227  3149
0008:   49  461   78   36 2 |  5517  5468   137  4870
0009:   93  434   55   28 1 |  5882  5789   236  5119
0010:   83  193   23   68 4 |  2715  2632   769  1670
0011:   30  394   78   69 4 |  4274  4244   504  3346
0012:   20  120   23   85 1 |  4701  4681   373  4188
0013:   36  119   58   35 4 |  1490  1454    59  1276
0014:   75  348   61   52 1 |  5812  5737   288  5101
0015:   83  404   49   39 2 |  5330  5247   228  4615
0016:   62  135   26   46 2 |  3255  3193   233  2825
0017:    9  267   69   17 4 |  3188  3179    73  2839
0018:   34  416   11   78 2 |  6401  6367  3003  2948
0019:   79  238   57   37 1 |  5509  5430   105  5087
SUM: 6401 92.70 74.38 4338.90 3666.75 0.312
