SRTF
0000:   15  444   76   80 2 |  4404  4389   445  3500
0001:   50  352   43   52 4 |  4129  4079   286  3441
0002:   60  148   28   82 2 |  1042   982   258   576
0003:    0  149   18   31 4 |  1052  1052   339   564
0004:   73  112   93   16 4 |   206   133     7    14
0005:   27  448   21   60 1 |  6106  6079  1266  4365
0006:   86  203   23   73 3 |  2590  2504   717  1584
0007:   61  117   21   35 3 |   687   626   190   319
0008:   29  219   95   61 3 |  1546  1517   144  1154
0009:   58  134   75   23 1 |   527   469    65   270
0010:   29  344   83   57 1 |  3676  3647   329  2974
0011:   56  322   54   64 3 |  3080  3024   358  2344
0012:   66  286   59   29 3 |  2025  1959   130  1543
0013:   62  455   16   52 4 |  6416  6354  1301  4598
0014:   21  333   84   46 4 |  2732  2711   134  2244
0015:   67  322   75   17 2 |  1919  1852    79  1451
0016:   15  237   75   10 2 |  1000   985    49   699
0017:   76  334   72   33 2 |  3281  3205   127  2744
0018:   37  446   42   93 4 |  5340  5303   961  3896
0019:   38  130   70   67 4 |   543   505   132   243
SUM: 6416 86.27 73.94 2568.75 1926.15 0.312
