LCFS
0000:   68  327   23   76 2 |  2697  2629   879  1423
0001:   50  265   80   71 4 |  4160  4110   340  3505
0002:    0  111   52  100 2 |  5158  5158   135  4912
0003:   13  433   95   96 4 |  5685  5672   465  4774
0004:   55  128   92   89 4 |  2858  2803   135  2540
0005:   84  367   90   79 1 |   846   762   270   125
0006:   88  396   28   57 3 |  3996  3908   791  2721
0007:   81  366   12   24 3 |  4885  4804   629  3809
0008:   18  116   67   85 3 |  3502  3484   152  3216
0009:   14  420   91   32 1 |  4948  4934   187  4327
0010:   91  385   81   53 1 |  1717  1626   206  1035
0011:    4  188   80   99 3 |   437   433   167    78
0012:   44  299   64   22 3 |  1047  1003    85   619
0013:   17  469   45   14 4 |  4506  4489   134  3886
0014:   38  324   10   90 4 |  7207  7169  2694  4151
0015:   57  130   25   44 2 |  3009  2952   233  2589
0016:   90  445   11   32 2 |  5653  5563  1227  3891
0017:   41  442   14   90 2 |  7243  7202  2731  4029
0018:   93  224   24   12 4 |  2209  2116   138  1754
0019:   79  141   84   94 4 |  2677  2598   216  2241
SUM: 7243 82.51 84.23 3670.75 2781.25 0.276
