RR 2
0000:    6  396   67   52 2 |  5397  5391   463  4532
0001:   68  166   51   95 4 |  3107  3039   136  2737
0002:   99  153   59   58 2 |  2960  2861   181  2527
0003:    8  276   12   77 4 |  5375  5367  1527  3564
0004:   73  430   82   15 4 |  5408  5335    78  4827
0005:   38  129   51   71 1 |  2648  2610   314  2167
0006:   91  255   22   42 3 |  4381  4290   259  3776
0007:   98  329   95   73 3 |  4975  4877   292  4256
0008:   21  205   37   13 3 |  3435  3414    65  3144
0009:   35  477   67   55 1 |  5621  5586   290  4819
0010:   84  317   54   38 1 |  4861  4777   231  4229
0011:   27  370   30   61 3 |  5588  5561   871  4320
0012:    5  101   63   83 3 |  1784  1779   123  1555
0013:   59  243   29   60 4 |  4303  4244   407  3594
0014:   34  255   84   82 4 |  4169  4135   139  3741
0015:   77  468   69  100 2 |  5812  5735   825  4442
0016:    9  178   58   92 2 |  3391  3382   362  2842
0017:   90  113   79  100 2 |  2316  2226   135  1978
0018:   23  441   37   39 4 |  5598  5575   467  4667
0019:   99  490   37   86 4 |  5965  5866  1065  4311
SUM: 5965 97.10 73.88 4302.50 3601.40 0.335
