PREPRIO 2
0000:   60  380   80   68 2 |  5491  5431   295  4756
0001:   87  430   32   62 5 |  3514  3427   856  2141
0002:   91  198   85   15 3 |  3031  2940    23  2719
0003:   19  386   40   18 2 |  5327  5308   217  4705
0004:   15  312   99   86 5 |  2935  2920   361  2247
0005:   37  210   85   78 2 |  4194  4157   181  3766
0006:   54  476   77   69 2 |  5921  5867   646  4745
0007:   69  149   21   31 4 |  1570  1501   311  1041
0008:   35  345   86   36 2 |  5287  5252   190  4717
0009:   23  267   33   15 1 |  5888  5865   135  5463
0010:   36  144   25   92 4 |  1798  1762   390  1228
0011:   79  173   51   87 4 |  2271  2192   228  1791
0012:   69  419   63   21 1 |  6276  6207   131  5657
0013:   25  176   37   82 4 |  2148  2123   307  1640
0014:   86  471   93   24 1 |  6302  6216    87  5658
0015:   54  317   24   78 2 |  5325  5271   954  4000
0016:   90  368   61   96 2 |  5643  5553   800  4385
0017:    3  485   63   45 4 |  4320  4317   354  3478
0018:   49  300   64   91 2 |  5130  5081   421  4360
0019:    3  293   62   84 1 |  6104  6101   311  5497
SUM: 6302 99.95 70.01 4374.55 3699.70 0.317
