RR 5
0000:   71  473   81   79 2 |  4720  4649   443  3733
0001:   61  338   74   41 4 |  4326  4265   249  3678
0002:   85  444   52   57 2 |  4749  4664   507  3713
0003:   25  111   76   26 4 |  1748  1723    27  1585
0004:   27  272   73   72 4 |  3869  3842   319  3251
0005:   96  230   36   41 1 |  3652  3556   255  3071
0006:   89  476   11   91 3 |  7164  7075  3766  2833
0007:    6  308   15  100 3 |  4909  4903  1561  3034
0008:   91  374   53   73 3 |  4487  4396   315  3707
0009:   91  193   66   50 1 |  3235  3144   108  2843
0010:   65  163   22   33 1 |  3138  3073   202  2708
0011:   70  153   76   83 3 |  2755  2685   159  2373
0012:   58  132   49   24 3 |  2328  2270    54  2084
0013:   45  121   14   67 4 |  2872  2827   553  2153
0014:   62  128   80   21 4 |  2284  2222    38  2056
0015:   56  281   65   10 2 |  3826  3770    39  3450
0016:   87  225   32   40 2 |  3738  3651   309  3117
0017:   80  447   11   62 2 |  5875  5795  2381  2967
0018:   39  158   75   46 4 |  2591  2552    52  2342
0019:   50  159   30   74 4 |  2976  2926   276  2491
SUM: 7164 72.39 86.99 3699.40 2859.45 0.279
