RR 5
0000:    6  313   38   23 2 |  5020  5014   208  4493
0001:   15  327   36   79 4 |  5476  5461   587  4547
0002:   74  440   56   50 2 |  5845  5771   498  4833
0003:   66  344   34   25 4 |  5462  5396   285  4767
0004:   76  106   87   52 4 |  2169  2093    87  1900
0005:   47  350   53   73 1 |  5639  5592   628  4614
0006:   56  368   41   19 3 |  5523  5467   172  4927
0007:   93  404   97   10 3 |  5577  5484    32  5048
0008:   26  271   36   37 3 |  4525  4499   167  4061
0009:   25  341   57   42 1 |  5269  5244   172  4731
0010:   57  415   42   21 1 |  5703  5646   164  5067
0011:   35  306   80   36 3 |  4764  4729   115  4308
0012:   59  110   58   59 3 |  2092  2033    68  1855
0013:   32  137   23   94 4 |  2960  2928   380  2411
0014:   91  239   44   66 4 |  4452  4361   438  3684
0015:   97  149   38   40 2 |  2996  2899   157  2593
0016:    0  455   67   30 2 |  5734  5734   202  5077
0017:   63  116   69   75 2 |  2387  2324   104  2104
0018:   83  273   73   90 4 |  4859  4776   484  4019
0019:   18  365   23   82 4 |  6074  6056  1493  4198
SUM: 6074 95.97 65.44 4575.35 3961.85 0.329
