PREPRIO 2
0000:   39  471   25   65 2 |  6344  6305  1295  4539
0001:   52  368   99   67 5 |  3597  3545   234  2943
0002:   54  318   93   96 3 |  4710  4656   281  4057
0003:   47  322   13   58 2 |  5413  5366  1128  3916
0004:   58  327   75   50 5 |  3140  3082   241  2514
0005:    8  308   75   35 2 |  5182  5174   130  4736
0006:   19  363   48   77 2 |  5699  5680   446  4871
0007:   17  360   81   50 4 |  4119  4102   199  3543
0008:   57  491   23   31 2 |  5827  5770   410  4869
0009:   29  460   94   23 1 |  6646  6617   119  6038
0010:   27  383   16   87 4 |  4645  4618  2270  1965
0011:    4  103   54   76 4 |  1455  1451   185  1163
0012:    7  409   41   19 1 |  6543  6536   202  5925
0013:   87  364   80  100 4 |  4209  4122   404  3354
0014:   56  427   44   68 1 |  6724  6668   481  5760
0015:   26  244   20   67 2 |  4902  4876   883  3749
0016:   16  154   68   52 2 |  3779  3763    95  3514
0017:   58  239   87   40 4 |  2926  2868   101  2528
0018:   60  228   88   54 2 |  4722  4662   183  4251
0019:    9  308   17   65 1 |  6606  6597  1119  5170
SUM: 6724 98.85 82.67 4822.90 3970.25 0.297
