FCFS
0000:   29  454   23   52 2 |  6272  6243   876  4913
0001:   58  249   16   11 4 |  5939  5881   218  5414
0002:  100  125   60   43 2 |  2213  2113    79  1909
0003:   19  330   41   83 4 |  5369  5350   581  4439
0004:  100  489   23   77 4 |  7182  7082  1897  4696
0005:   41  337   69   23 1 |  4239  4198   107  3754
0006:   39  417   86   71 3 |  4592  4553   323  3813
0007:   99  178   30   19 3 |  4813  4714   123  4413
0008:   32  107   42   95 3 |  3316  3284   454  2723
0009:   59  277   53   44 1 |  4042  3983   176  3530
0010:   29  490   64   53 1 |  4928  4899   231  4178
0011:   65  484   79   73 3 |  4920  4855   409  3962
0012:   10  250   94   50 3 |  2200  2190    88  1852
0013:   56  195   13   65 4 |  6088  6032   825  5012
0014:   24  436   83   44 4 |  4451  4427   183  3808
0015:   94  170   17   37 2 |  5518  5424   336  4918
0016:   28  478   72   34 2 |  5260  5232   232  4522
0017:  100  454   30   94 2 |  6722  6622  1655  4513
0018:   17  236   53   54 4 |  4082  4065   208  3621
0019:   67  270   30   25 4 |  5521  5454   223  4961
SUM: 7182 89.47 75.49 4830.05 4047.55 0.278
