RR 5
0000:   12  318   74   39 2 |  4995  4983   198  4467
0001:   10  329   99   73 4 |  4940  4930   136  4465
0002:   50  318   53   65 2 |  5269  5219   396  4505
0003:   55  226   90   52 4 |  4086  4031   120  3685
0004:   67  481   69   33 4 |  5760  5693   197  5015
0005:   60  222   47   23 1 |  3971  3911    84  3605
0006:   21  182   59   58 3 |  3360  3339   135  3022
0007:   83  329   86   67 3 |  5176  5093   149  4615
0008:   49  461   78   36 3 |  5789  5740   248  5031
0009:   93  434   55   28 1 |  5720  5627   244  4949
0010:   83  193   23   68 1 |  4256  4173   513  3467
0011:   30  394   78   69 3 |  5602  5572   385  4793
0012:   20  120   23   85 3 |  2658  2638   365  2153
0013:   36  119   58   35 4 |  2261  2225    54  2052
0014:   75  348   61   52 4 |  5423  5348   367  4633
0015:   83  404   49   39 2 |  5605  5522   246  4872
0016:   62  135   26   46 2 |  2763  2701   188  2378
0017:    9  267   69   17 2 |  4323  4314    67  3980
0018:   34  416   11   78 4 |  7012  6978  2757  3805
0019:   79  238   57   37 4 |  4351  4272   179  3855
SUM: 7012 84.63 69.41 4615.45 3967.35 0.285
