FCFS
0000:   58  346   57   58 2 |  4099  4041   283  3412
0001:    9  367   66   26 4 |  3309  3300   104  2829
0002:   65  227   69   20 2 |  3124  3059    68  2764
0003:   31  129   61   36 4 |  2955  2924    79  2716
0004:   72  116   88   77 4 |  1729  1657    92  1449
0005:   61  158   84   26 1 |  1540  1479    25  1296
0006:   10  193   86   35 3 |  1351  1341    38  1110
0007:    5  418   23   42 3 |  5218  5213   837  3958
0008:   73  116   11   54 3 |  4580  4507   556  3835
0009:   99  198   43   16 1 |  4027  3928    89  3641
0010:   61  308   28   60 1 |  4880  4819   749  3762
0011:   81  190   13   75 3 |  5148  5067   923  3954
0012:   75  255   83  100 3 |  2654  2579   294  2030
0013:   66  437   16   73 4 |  6395  6329  1938  3954
0014:   25  392   77   54 4 |  3881  3856   226  3238
0015:   16  193   29   16 2 |  4203  4187    94  3900
0016:   56  464   89   51 2 |  4065  4009   318  3227
0017:   65  325   97   18 2 |  3149  3084    64  2695
0018:   52  157   29   10 4 |  3908  3856    56  3643
0019:    1  426   18   64 4 |  5644  5643  1365  3852
SUM: 6395 84.68 73.42 3743.90 3063.25 0.313
