RR 2
0000:   30  368   73   16 2 |  5646  5616   102  5146
0001:   64  481   43   82 4 |  6508  6444   757  5206
0002:   98  434   71   10 2 |  6165  6067    49  5584
0003:   23  400   94   14 4 |  5893  5870    70  5400
0004:   98  165   76   23 4 |  3138  3040    22  2853
0005:   19  110   60   52 1 |  2153  2134   167  1857
0006:   78  457   34   59 3 |  6446  6368   614  5297
0007:   34  452   40   32 3 |  6339  6305   389  5464
0008:   16  444   35   25 3 |  6279  6263   398  5421
0009:   51  237   66   64 1 |  4254  4203   192  3774
0010:    8  394   91   17 1 |  5816  5808    87  5327
0011:   45  420   82   29 3 |  6097  6052   165  5467
0012:   93  161   24   85 3 |  3750  3657   692  2804
0013:   52  123   56   56 4 |  2521  2469   200  2146
0014:   69  144   40   80 4 |  2924  2855   214  2497
0015:   98  225   98   35 2 |  4010  3912    48  3639
0016:   16  224   89   93 2 |  4054  4038   319  3495
0017:   85  497   72   71 2 |  6471  6386   544  5345
0018:   73  355   66   87 4 |  5872  5799   508  4936
0019:   81  386   46   28 4 |  5974  5893   266  5241
SUM: 6508 99.52 62.51 4958.95 4344.95 0.307
