RR 2
0000:   39  457   89   73 2 |  6769  6730   316  5957
0001:   22  169   98   95 4 |  3360  3338   252  2917
0002:   84  387   66   70 2 |  6413  6329   379  5563
0003:    3  168   87   23 4 |  2948  2945    61  2716
0004:   20  471   42   67 4 |  6997  6977   793  5713
0005:    7  404   58   51 1 |  6384  6377   296  5677
0006:   38  315   22   63 3 |  5834  5796   702  4779
0007:   80  369   51   28 3 |  6160  6080   310  5401
0008:   33  497   30   16 3 |  6948  6915   255  6163
0009:   74  274   59   80 1 |  4917  4843   326  4243
0010:   60  406   24   11 1 |  6470  6410   223  5781
0011:   20  397   78   89 3 |  6398  6378   372  5609
0012:   82  200   87   79 3 |  3796  3714   174  3340
0013:  100  119   72   96 4 |  2397  2297    51  2127
0014:    8  482   29   26 4 |  6952  6944   407  6055
0015:   88  495   87  100 2 |  6977  6889   458  5936
0016:   35  481   39   76 2 |  7046  7011   757  5773
0017:   58  341   12   49 2 |  6716  6658  1313  5004
0018:   52  182   95   27 4 |  3397  3345    53  3110
0019:   99  403   60   36 4 |  6492  6393   284  5706
SUM: 7046 99.59 65.13 5618.45 4878.50 0.284
