FCFS
0000:   95  143   81  100 2 |  1640  1545    85  1317
0001:   78  328   72   36 4 |  3977  3899   204  3367
0002:   53  185   67   56 2 |  2324  2271   103  1983
0003:   55  277   58   12 4 |  3454  3399    31  3091
0004:   80  476   37   95 4 |  6287  6207  1329  4402
0005:   11  103   56   24 1 |  1441  1430    40  1287
0006:   90  297   28   56 3 |  5535  5445   619  4529
0007:   79  299   40   66 3 |  5071  4992   390  4303
0008:   60  199   21   14 3 |  5073  5013   126  4688
0009:   53  282   98   95 1 |  2474  2421   326  1813
0010:   49  215   58   86 1 |  3536  3487   353  2919
0011:   60  445   37   46 3 |  5492  5432   569  4418
0012:   48  410   36   96 3 |  5526  5478   974  4094
0013:   44  235   30   70 4 |  4838  4794   514  4045
0014:   95  436   18   45 4 |  6442  6347  1038  4873
0015:   59  398   79   20 2 |  4407  4348   149  3801
0016:   68  447   28   39 2 |  5899  5831   511  4873
0017:   30  259   60   58 2 |  3066  3036   183  2594
0018:   49  207   82   95 4 |  3194  3145   317  2621
0019:   76  473   39   69 4 |  5909  5833   880  4480
SUM: 6442 94.91 81.19 4217.65 3474.90 0.310
