RR 2
0000:    8  437   12   93 2 |  7238  7230  2700  4093
0001:   22  184   25   56 4 |  3647  3625   387  3054
0002:   24  440   20   30 2 |  6086  6062   572  5050
0003:   46  208   41   16 4 |  3771  3725    92  3425
0004:   89  191   32   39 4 |  3814  3725   251  3283
0005:   15  474   52   34 1 |  6120  6105   304  5327
0006:  100  178   72   25 3 |  3512  3412   155  3079
0007:   36  127   51   80 3 |  2584  2548   201  2220
0008:   67  471   48   31 3 |  6145  6078   322  5285
0009:   84  178   99   27 1 |  3357  3273    59  3036
0010:    7  288   43   73 1 |  4746  4739   475  3976
0011:   87  459  100   77 3 |  6032  5945   226  5260
0012:   54  450   91   64 3 |  5984  5930   192  5288
0013:    6  144   49   89 4 |  2788  2782   208  2430
0014:   95  406   92   90 4 |  5808  5713   392  4915
0015:   10  347   70  100 2 |  5292  5282   465  4470
0016:   66  169   57   45 2 |  3284  3218   162  2887
0017:   76  191  100   27 2 |  3565  3489    71  3227
0018:   29  496   71   77 4 |  6238  6209   522  5191
0019:   79  473   56   64 4 |  6225  6146   607  5066
SUM: 7238 87.19 73.29 4761.80 4028.10 0.276
