LCFS
0000:   63  212   38   14 2 |  2927  2864    96  2556
0001:   80  229   98   92 4 |  2548  2468   174  2065
0002:   93  295   58   42 2 |  1567  1474   198   981
0003:   69  273   98   34 4 |   817   748    57   418
0004:   51  162   33   60 4 |  3875  3824   325  3337
0005:   98  328   75   48 1 |   966   868   139   401
0006:   62  278   31   36 3 |  3939  3877   443  3156
0007:   20  222   81   62 3 |  4700  4680   123  4335
0008:   36  413   10   85 3 |  8392  8356  3279  4664
0009:   11  263   99   83 1 |  5587  5576   205  5108
0010:   79  274  100   12 1 |  2209  2130    44  1812
0011:   90  204   46   74 3 |  2535  2445   296  1945
0012:    3  295   88   94 3 |   700   697   298   104
0013:    5  448   62   24 4 |  5870  5865   134  5283
0014:   71  365   19   57 4 |  3892  3821  1078  2378
0015:   54  387   49   64 2 |  4095  4041   553  3101
0016:   36  305   45   27 2 |  3768  3732   218  3209
0017:   91  393   64   38 2 |  1864  1773   179  1201
0018:   23  373   67   83 4 |  5421  5398   426  4599
0019:   33  381   90   79 4 |  5015  4982   241  4360
SUM: 8392 72.69 75.48 3480.95 2750.65 0.238
