RR 2
0000:   34  487   67   15 2 |  6142  6108   134  5487
0001:   86  304   80   90 4 |  5494  5408   544  4560
0002:   86  388   71   82 2 |  6016  5930   449  5093
0003:   79  469   24   26 4 |  6255  6176   488  5219
0004:   29  304   30   72 4 |  5473  5444   548  4592
0005:   76  168   26   48 1 |  3450  3374   196  3010
0006:   89  212   71   31 3 |  4012  3923    76  3635
0007:   16  448   11   84 3 |  7698  7682  3484  3750
0008:   86  276   92   70 3 |  4827  4741    84  4381
0009:   49  454   74   51 1 |  6146  6097   277  5366
0010:   93  355   54   10 1 |  5665  5572    56  5161
0011:   41  247   51   84 3 |  4751  4710   469  3994
0012:   17  429   63   40 3 |  6013  5996   162  5405
0013:    8  348   16   10 4 |  5647  5639   281  5010
0014:   12  137   76   60 4 |  2518  2506   120  2249
0015:   74  304   23   16 2 |  5339  5265   225  4736
0016:   77  270   68   68 2 |  5003  4926   325  4331
0017:   83  187   39   33 2 |  3845  3762   288  3287
0018:   46  353   27   54 4 |  6049  6003   865  4785
0019:   88  228   76   52 4 |  4250  4162    90  3844
SUM: 7698 82.72 76.49 5171.20 4394.75 0.260
