SRTF
0000:   93  118   34   62 2 |   921   828   270   440
0001:    8  405   71   45 4 |  4309  4301   326  3570
0002:   96  296   43   98 2 |  2622  2526   677  1553
0003:   13  167   54   45 4 |   890   877   118   592
0004:   43  436   91   34 4 |  4827  4784   193  4155
0005:   95  165   54   96 1 |  1244  1149   414   570
0006:   18  403   55   39 3 |  4016  3998   347  3248
0007:   30  152   84   79 3 |   286   256    44    60
0008:   86  392   29   62 3 |  3694  3608   728  2488
0009:    9  329   28   94 1 |  4068  4059  1190  2540
0010:   67  294   50   47 1 |  2311  2244   338  1612
0011:   89  425   11   58 3 |  7226  7137  2062  4650
0012:   74  129   61   79 3 |   492   418    69   220
0013:   69  216   92   86 4 |  1397  1328   264   848
0014:   67  149   64   34 4 |   529   462    45   268
0015:   46  376   39   41 2 |  3375  3329   509  2444
0016:   75  439   48   98 2 |  5752  5677   902  4336
0017:    8  312   50   64 2 |  1938  1930   395  1223
0018:   79  456   25   82 4 |  6721  6642  1370  4816
0019:   47  208   49   39 4 |  1628  1581   219  1154
SUM: 7226 81.19 83.06 2856.70 2039.35 0.277
