PRIO 2
0000:   90  345   48   68 2 |  5216  5126   501  4280
0001:   19  104   52   24 4 |  1479  1460    35  1321
0002:   33  340   45   88 2 |  5316  5283   558  4385
0003:   76  247   57   94 4 |  3023  2947   364  2336
0004:   88  295   36   75 4 |  3490  3402   381  2726
0005:   61  166   72   28 1 |  5125  5064    51  4847
0006:   91  101   41   32 3 |  1921  1830    66  1663
0007:   15  358   50   45 3 |  4617  4602   328  3916
0008:   30  308   63   84 3 |  4229  4199   416  3475
0009:   72  386   98   20 1 |  5575  5503    43  5074
0010:   58  454   26   67 1 |  6384  6326  1254  4618
0011:   54  403   54   87 3 |  5090  5036   850  3783
0012:   41  495   52   48 3 |  5151  5110   511  4104
0013:   46  172   16   40 4 |  1869  1823   294  1357
0014:   73  346   77   88 4 |  3882  3809   321  3142
0015:   66  253   34   66 2 |  4698  4632   348  4031
0016:   16  227   73   96 2 |  4482  4466   214  4025
0017:   86  367   58   95 2 |  5474  5388   768  4253
0018:   83  215   55   94 4 |  2797  2714   250  2249
0019:   64  188   94   89 4 |  2472  2408    60  2160
SUM: 6384 90.38 73.59 4056.40 3387.25 0.313
