RR 5
0000:   57  374   41  100 2 |  6083  6026   821  4831
0001:    9  393   60   46 4 |  5886  5877   254  5230
0002:   36  416   41   94 2 |  6286  6250   844  4990
0003:   20  410   29   59 4 |  6352  6332   888  5034
0004:   32  156   93   19 4 |  2842  2810    33  2621
0005:   18  486   56   56 1 |  6372  6354   461  5407
0006:   51  310   40   55 3 |  5422  5371   432  4629
0007:   13  104   67   60 3 |  1914  1901    32  1765
0008:   75  451   55   62 3 |  6197  6122   323  5348
0009:   55  300   13   31 1 |  5876  5821   682  4839
0010:    1  492   51  100 1 |  6460  6459   851  5116
0011:   58  348   65   34 3 |  5473  5415   147  4920
0012:   79  317   83   47 3 |  5302  5223   294  4612
0013:    6  336   66   70 4 |  5413  5407   429  4642
0014:   87  290   96   16 4 |  4597  4510    26  4194
0015:   62  303   75   82 2 |  5250  5188   427  4458
0016:   41  165   53   14 2 |  2992  2951    34  2752
0017:    0  116   63   61 2 |  2031  2031    73  1842
0018:   58  490   92   28 4 |  6229  6171   111  5570
0019:   96  135   66   92 4 |  2682  2586   194  2257
SUM: 6460 98.95 68.08 4940.25 4252.85 0.310
