RR 5
0000:   37  274   79   75 2 |  4737  4700   220  4206
0001:   48  420   58   93 4 |  6119  6071   710  4941
0002:   35  180   65   35 2 |  3425  3390    89  3121
0003:    1  225   93   10 4 |  3695  3694    22  3447
0004:   83  456   51   60 4 |  6287  6204   619  5129
0005:   30  297   75   32 1 |  4860  4830   115  4418
0006:   15  395   90   54 3 |  5577  5562   208  4959
0007:   94  138   61   48 3 |  2689  2595   103  2354
0008:   50  256   29   52 3 |  4810  4760   363  4141
0009:   59  150   26   64 1 |  3270  3211   357  2704
0010:   44  263   37   58 1 |  5030  4986   528  4195
0011:   98  185   25   67 3 |  4078  3980   508  3287
0012:   94  475   83   67 3 |  6177  6083   415  5193
0013:    3  259   41   66 4 |  4574  4571   337  3975
0014:   32  445   58   51 4 |  5998  5966   263  5258
0015:   77  215   72   13 2 |  3952  3875    64  3596
0016:   10  461   75   82 2 |  6220  6210   558  5191
0017:  100  307   42   53 2 |  5250  5150   273  4570
0018:   34  370   13   34 4 |  6187  6153   812  4971
0019:   29  443   69   82 4 |  6093  6064   426  5195
SUM: 6287 98.84 70.24 4902.75 4242.55 0.318
