RR 5
0000:   28  143   32   40 2 |  2758  2730   106  2481
0001:    5  367   35   36 4 |  4966  4961   340  4254
0002:   54  100   38   26 2 |  1881  1827    36  1691
0003:   34  109   19   70 4 |  2868  2834   474  2251
0004:   20  421   41   23 4 |  5266  5246   294  4531
0005:    8  174   83   97 1 |  3067  3059   205  2680
0006:   80  446   87   35 3 |  5232  5152   164  4542
0007:   10  261   13   91 3 |  5206  5196  1562  3373
0008:   43  429   61   11 3 |  5170  5127    91  4607
0009:   95  163   72   23 1 |  2944  2849    35  2651
0010:   38  454   80   92 1 |  5376  5338   606  4278
0011:   94  132   61   33 3 |  2514  2420    38  2250
0012:   87  168   62   50 3 |  3113  3026   129  2729
0013:   14  356   22   57 4 |  5328  5314   876  4082
0014:   12  281   64   13 4 |  3979  3967    37  3649
0015:   17  350   49   33 2 |  4845  4828   295  4183
0016:   27  111   24   93 2 |  2751  2724   521  2092
0017:   15  159   87   23 2 |  2809  2794    45  2590
0018:   65  281  100   87 4 |  4317  4252   382  3589
0019:   70  458   68   43 4 |  5324  5254   261  4535
SUM: 5376 99.76 72.27 3944.90 3351.90 0.372
