PREPRIO 2
0000:   24  432   59   27 2 |  5876  5852   168  5252
0001:   15  178   24   88 5 |  1837  1822   613  1031
0002:   76  341   13   93 3 |  4944  4868  2139  2388
0003:   11  322   98   78 2 |  5476  5465   215  4928
0004:   97  387   28   19 5 |  3119  3022   262  2373
0005:   65  299   36   38 2 |  5266  5201   337  4565
0006:   22  342   19   41 2 |  5546  5524   697  4485
0007:   48  461   71   85 4 |  4827  4779   749  3569
0008:   99  390   26   81 2 |  6057  5958  1163  4405
0009:   32  257   59   24 1 |  6035  6003    72  5674
0010:   85  230   59   94 4 |  3042  2957   373  2354
0011:   20  338   49   40 4 |  3522  3502   274  2890
0012:    8  150   64   70 1 |  5359  5351   184  5017
0013:   90  197   28   19 4 |  2167  2077   115  1765
0014:   21  262   46   19 1 |  6017  5996   101  5633
0015:   87  407   52   10 2 |  5797  5710    88  5215
0016:   11  330   82   29 2 |  5510  5499   166  5003
0017:   38  144   44   77 4 |  1971  1933   180  1609
0018:   66  333   54   64 2 |  5561  5495   333  4829
0019:    2  489   96   50 1 |  6446  6444   251  5704
SUM: 6446 97.56 74.82 4672.90 3934.45 0.310
