PRIO 2
0000:   29  477   31   81 2 |  6116  6087   926  4684
0001:   37  469   63   62 4 |  4890  4853   421  3963
0002:   36  356   10   82 2 |  6068  6032  2551  3125
0003:   14  315   41   94 4 |  4063  4049  1025  2709
0004:  100  362   52   72 4 |  4318  4218   507  3349
0005:   93  441   10   60 1 |  7419  7326  2308  4577
0006:   81  350   10   75 3 |  5093  5012  2375  2287
0007:   12  479   78   41 3 |  5459  5447   276  4692
0008:  100  113   33   77 3 |  2186  2086   279  1694
0009:    5  158   21   94 1 |  5541  5536   778  4600
0010:   12  166   36   94 1 |  5566  5554   523  4865
0011:   45  328   22   92 3 |  4952  4907  1178  3401
0012:   35  282   88   65 3 |  4555  4520    95  4143
0013:   63  188   48   85 4 |  2640  2577   325  2064
0014:   39  140   36   11 4 |  1823  1784    44  1600
0015:   52  394   65   74 2 |  5728  5676   321  4961
0016:   54  184   75   72 2 |  4470  4416   330  3902
0017:   73  370   27   43 2 |  5628  5555   502  4683
0018:   41  327   41   18 4 |  4019  3978   119  3532
0019:   79  225  100   92 4 |  3153  3074   295  2554
SUM: 7419 82.54 91.76 4634.35 3569.25 0.270
