SRTF
0000:   17  207   81   60 2 |   796   779    74   498
0001:   85  310   87   58 4 |  3215  3130   217  2603
0002:   13  160   85   13 2 |   490   477    21   296
0003:   35  416  100   71 4 |  4252  4217   388  3413
0004:   38  135   91   57 4 |   256   218    37    46
0005:   35  267   29   30 1 |  2723  2688   328  2093
0006:   47  251   33   54 3 |  1485  1438   310   877
0007:   40  278   18   38 3 |  4327  4287   621  3388
0008:   51  326   50   40 3 |  3669  3618   261  3031
0009:   12  442   66   78 1 |  6016  6004   639  4923
0010:   68  455   34   35 1 |  6332  6264   431  5378
0011:   83  269   87   18 3 |  1818  1735    45  1421
0012:   17  169   79   46 3 |   617   600   117   314
0013:   11  390   21   68 4 |  5687  5676   958  4328
0014:    8  473   92   79 4 |  4558  4550   306  3771
0015:   28  205   32   76 2 |  1294  1266   413   648
0016:   56  473   67   17 2 |  5295  5239   101  4665
0017:   97  291   75   53 2 |  2589  2492   176  2025
0018:   39  274   68   60 4 |  1739  1700   277  1149
0019:   69  304  100   30 4 |  2478  2409    83  2022
SUM: 6332 96.26 65.70 2939.35 2344.45 0.316
