LCFS
0000:   70  170   78   26 2 |  1530  1460    60  1230
0001:   11  268   75   72 4 |  4968  4957   224  4465
0002:   78  266   60   15 2 |  1860  1782    69  1447
0003:    0  277   67   90 4 |   780   780   251   252
0004:    6  403   89   15 4 |  4570  4564    52  4109
0005:   83  329   67   78 1 |  1527  1444   357   758
0006:   41  200   52   77 3 |  2843  2802   182  2420
0007:   42  117   15   96 3 |  3285  3243   326  2800
0008:   30  159   36   83 3 |  3158  3128   543  2426
0009:   18  183   16   62 1 |  5433  5415   631  4601
0010:   22  471   92   55 1 |  4602  4580   338  3771
0011:   29  175   61   23 3 |  2783  2754    56  2523
0012:   25  205   85   20 3 |  3147  3122    52  2865
0013:   91  397   73   39 4 |  2116  2025   183  1445
0014:   67  125   93   70 4 |   622   555    89   341
0015:   64  193   45   12 2 |   534   470    48   229
0016:    7  220   21   95 2 |  5544  5537   831  4486
0017:   49  447   33   55 2 |  3857  3808   926  2435
0018:   99  328   17   21 4 |  3424  3325   349  2648
0019:   24  213   58   24 4 |  3778  3754    93  3448
SUM: 5544 92.82 67.26 2975.25 2434.95 0.361
