PRIO 5
0000:  100  278   57   17 3 |  3363  3263   136  2849
0001:   52  203   50   35 2 |  4095  4043    89  3751
0002:   45  431   21   84 1 |  6334  6289  1512  4346
0003:   19  485   23   85 3 |  4961  4942  1835  2622
0004:   31  172   31   51 2 |  3379  3348   326  2850
0005:    0  321   28   84 3 |  3818  3818  1053  2444
0006:   83  457   52   77 3 |  4966  4883   669  3757
0007:   11  137   70   11 1 |  4771  4760    30  4593
0008:   58  343   96   18 3 |  4369  4311    61  3907
0009:   96  402   34   49 3 |  3730  3634   712  2520
0010:   60  273   25   25 1 |  5462  5402   207  4922
0011:   52  233   49   91 1 |  5524  5472   371  4868
0012:   29  306   61   55 2 |  4972  4943   163  4474
0013:   22  126   84   11 1 |  4767  4745    19  4600
0014:   93  342   60   21 3 |  4240  4147    74  3731
0015:   84  209   24   14 2 |  3921  3837   116  3512
0016:   92  147   23   85 1 |  5084  4992   770  4075
0017:   27  396   30   65 1 |  5968  5941   686  4859
0018:   99  167   44   88 3 |  2265  2166   264  1735
0019:   98  415   39   97 2 |  5503  5405  1008  3982
SUM: 6334 92.25 84.40 4517.05 3719.85 0.316
