RR 5
0000:   94  202   64   92 2 |  3796  3702   268  3232
0001:   35  127   75   42 4 |  2398  2363    35  2201
0002:   25  368   88   33 2 |  5086  5061   140  4553
0003:   61  195   27   13 4 |  3744  3683    84  3404
0004:   89  443   81   99 4 |  5625  5536   457  4636
0005:   70  442   55   51 1 |  5574  5504   466  4596
0006:   33  486   27   85 3 |  6050  6017  1387  4144
0007:   35  239   74   30 3 |  4054  4019   132  3648
0008:   47  262   65   56 3 |  4392  4345   195  3888
0009:   44  480   87   79 1 |  5542  5498   320  4698
0010:   17  121   59   47 1 |  2218  2201   125  1955
0011:   43  322   22   32 3 |  5185  5142   406  4414
0012:   65  177   90   31 3 |  3189  3124    52  2895
0013:   25  402   95  100 4 |  5325  5300   386  4512
0014:   92  336   59   58 4 |  5122  5030   276  4418
0015:   28  262   60   74 2 |  4391  4363   242  3859
0016:    9  352   28   14 2 |  5104  5095   130  4613
0017:   99  143   33   17 2 |  2893  2794    67  2584
0018:   78  226   37   71 4 |  4253  4175   354  3595
0019:   29  116   82   46 4 |  2162  2133    60  1957
SUM: 6050 94.23 62.03 4254.25 3690.10 0.331
