FCFS
0000:   90  365   93   49 2 |  3524  3434   100  2969
0001:   59  260   29   81 4 |  5277  5218   574  4384
0002:   26  174   90   34 2 |  2185  2159    50  1935
0003:   37  247   11   66 4 |  6608  6571  1279  5045
0004:   57  317   84   95 4 |  4069  4012   321  3374
0005:   13  421   65   73 1 |  4890  4877   500  3956
0006:   24  132   56   65 3 |  2052  2028    74  1822
0007:    6  405   25   30 3 |  6001  5995   416  5174
0008:   90  432   93   10 3 |  4875  4785    55  4298
0009:   26  365   75   71 1 |  5003  4977   303  4309
0010:   10  272   92   14 1 |  3369  3359    45  3042
0011:   83  460   45   91 3 |  5794  5711   750  4501
0012:   73  383   31   48 3 |  5882  5809   490  4936
0013:   19  128   93   79 4 |  1480  1461    86  1247
0014:   27  229   32   73 4 |  5636  5609   551  4829
0015:   21  224   61   93 2 |  4033  4012   434  3354
0016:   51  241   69   48 2 |  3309  3258   133  2884
0017:   97  443   71   84 2 |  5247  5150   423  4284
0018:   42  322   65   43 4 |  5212  5170   322  4526
0019:   66  216   42   59 4 |  4605  4539   206  4117
SUM: 6608 91.34 69.88 4406.70 3749.30 0.303
