PRIO 5
0000:   63  212   38   14 3 |  2261  2198    80  1906
0001:   80  229   98   92 2 |  4279  4199   271  3699
0002:   93  295   58   42 1 |  5877  5784   187  5302
0003:   69  273   98   34 3 |  3406  3337   133  2931
0004:   51  162   33   60 2 |  3382  3331   247  2922
0005:   98  328   75   48 3 |  4220  4122   189  3605
0006:   62  278   31   36 3 |  3378  3316   346  2692
0007:   20  222   81   62 1 |  5591  5571   302  5047
0008:   36  413   10   85 3 |  4828  4792  3481   898
0009:   11  263   99   83 3 |  3555  3544   442  2839
0010:   79  274  100   12 1 |  5763  5684    26  5384
0011:   90  204   46   74 1 |  5462  5372   311  4857
0012:    3  295   88   94 2 |  4845  4842   217  4330
0013:    5  448   62   24 1 |  6085  6080    82  5550
0014:   71  365   19   57 3 |  3652  3581   967  2249
0015:   54  387   49   64 2 |  5350  5296   446  4463
0016:   36  305   45   27 1 |  5854  5818   196  5317
0017:   91  393   64   38 1 |  6107  6016   254  5369
0018:   23  373   67   83 3 |  4517  4494   383  3738
0019:   33  381   90   79 2 |  5335  5302   259  4662
SUM: 6107 99.89 80.92 4633.95 3888.00 0.327
