RR 2
0000:   42  262   98   88 2 |  4745  4703   236  4205
0001:   69  178   51   70 4 |  3568  3499   165  3156
0002:   22  442   42   46 2 |  6212  6190   447  5301
0003:   43  327   21   20 4 |  5629  5586   312  4947
0004:   83  373   54   22 4 |  5815  5732   101  5258
0005:   51  223   38   64 1 |  4525  4474   479  3772
0006:   26  404   32   70 3 |  6162  6136   706  5026
0007:   12  338   45   86 3 |  5859  5847   674  4835
0008:   87  185   33   54 3 |  3822  3735   310  3240
0009:    8  152   61   10 1 |  2667  2659    30  2477
0010:   84  279   92   44 1 |  4883  4799    59  4461
0011:   59  339   92   96 3 |  5670  5611   281  4991
0012:   60  388   89   19 3 |  5870  5810    61  5361
0013:   92  299   90  100 4 |  5331  5239   407  4533
0014:   81  422   36   13 4 |  6126  6045   171  5452
0015:   54  315   13   63 2 |  6085  6031  1338  4378
0016:    6  220   50   92 2 |  4082  4076   312  3544
0017:   42  230   85   70 2 |  4316  4274   233  3811
0018:   94  450   37   48 4 |  6330  6236   712  5074
0019:   34  387   73   85 4 |  6043  6009   480  5142
SUM: 6330 98.15 74.20 5134.55 4448.20 0.316
