RR 5
0000:  100  278   57   17 2 |  4430  4330    67  3985
0001:   52  203   50   35 4 |  3575  3523   125  3195
0002:   45  431   21   84 2 |  5900  5855  1391  4033
0003:   19  485   23   85 4 |  6238  6219  1842  3892
0004:   31  172   31   51 4 |  3556  3525   382  2971
0005:    0  321   28   84 1 |  5109  5109   815  3973
0006:   83  457   52   77 3 |  5720  5637   719  4461
0007:   11  137   70   11 3 |  2156  2145    22  1986
0008:   58  343   96   18 3 |  4935  4877   100  4434
0009:   96  402   34   49 1 |  5512  5416   641  4373
0010:   60  273   25   25 1 |  4591  4531   210  4048
0011:   52  233   49   91 3 |  4036  3984   254  3497
0012:   29  306   61   55 3 |  4672  4643   250  4087
0013:   22  126   84   11 4 |  2110  2088     1  1961
0014:   93  342   60   21 4 |  4938  4845   100  4403
0015:   84  209   24   14 2 |  3853  3769   111  3449
0016:   92  147   23   85 2 |  3588  3496   641  2708
0017:   27  396   30   65 2 |  5566  5539  1004  4139
0018:   99  167   44   88 4 |  3384  3285   359  2759
0019:   98  415   39   97 4 |  5590  5492   737  4340
SUM: 6238 93.67 81.66 4415.40 3634.70 0.321
