PREPRIO 2
0000:   32  111   93   54 2 |  2826  2794    85  2598
0001:   82  205   70   67 5 |  1937  1855   262  1388
0002:   17  204   99   81 3 |  3216  3199   130  2865
0003:   33  364   94   93 2 |  4938  4905   214  4327
0004:   82  410   93   62 5 |  3464  3382   192  2780
0005:   48  412   41   61 2 |  5208  5160   504  4244
0006:   68  450   72   43 2 |  5196  5128   164  4514
0007:   92  217   28   79 4 |  2772  2680   720  1743
0008:   98  234   93   80 2 |  4207  4109   241  3634
0009:   64  200   59   83 1 |  5165  5101   161  4740
0010:   26  320   40   21 4 |  3272  3246    91  2835
0011:   37  131   89   20 4 |  1826  1789    12  1646
0012:   38  465   83   97 1 |  5957  5919   441  5013
0013:   67  232   46   14 4 |  2668  2601    67  2302
0014:   64  426   82   91 1 |  5870  5806   510  4870
0015:   46  424   26   82 2 |  5586  5540  1575  3541
0016:   55  421   68   22 2 |  5131  5076   165  4490
0017:   78  197   71   90 4 |  2632  2554   268  2089
0018:   41  241   70   33 2 |  4170  4129   104  3784
0019:   48  104   73   39 1 |  3867  3819    94  3621
SUM: 5957 96.83 64.36 3939.60 3351.20 0.336
