PREPRIO 4
0000:   16  325   92   39 2 |  5731  5715    76  5314
0001:   47  198   56   40 4 |  2598  2551   108  2245
0002:   84  198   45   41 2 |  4735  4651   186  4267
0003:    4  301   60   45 4 |  4151  4147   175  3671
0004:   29  299   72   78 4 |  3500  3471   278  2894
0005:   82  242   15   90 1 |  6734  6652  1730  4680
0006:   35  430   76   72 3 |  5515  5480   144  4906
0007:   57  430   16   50 3 |  4916  4859  1412  3017
0008:    0  468   26   84 3 |  5345  5345  1560  3317
0009:   37  478   53   55 1 |  6722  6685   381  5826
0010:   79  395   90   32 1 |  6492  6413   161  5857
0011:   39  118   76   30 3 |  2587  2548    38  2392
0012:   52  446   29   44 3 |  5331  5279   629  4204
0013:   65  267   75   29 4 |  3581  3516    83  3166
0014:   86  499   30   94 4 |  4957  4871  1190  3182
0015:   30  443   28   80 2 |  6157  6127   980  4704
0016:   24  195   25   20 2 |  4495  4471   129  4147
0017:   27  490   74   76 2 |  6267  6240   488  5262
0018:   43  197   99   10 4 |  3004  2961     6  2758
0019:   57  214   13   52 4 |  1610  1553   763   576
SUM: 6734 98.50 83.72 4676.75 3819.25 0.297
