SRTF
0000:   27  242   17   88 2 |  3479  3452  1118  2092
0001:   82  211   99   78 4 |  1275  1193   120   862
0002:   39  224   83   15 2 |  1652  1613    60  1329
0003:   65  483   12   15 4 |  6518  6453   585  5385
0004:   71  427   15   69 4 |  6340  6269  1753  4089
0005:   73  455   19   65 1 |  6324  6251  1244  4552
0006:   77  266   24   31 3 |  2767  2690   325  2099
0007:   75  172   83   82 3 |   362   287    78    37
0008:   38  459   71   49 3 |  4485  4447   399  3589
0009:   35  255   87   89 1 |  1997  1962   279  1428
0010:   52  290   19   95 1 |  4555  4503  1240  2973
0011:   43  330   85   70 3 |  3229  3186   169  2687
0012:   67  174   65   41 3 |   689   622   134   314
0013:   16  182   53   54 4 |   792   776   145   449
0014:   86  316   34   80 4 |  3448  3362   718  2328
0015:   72  484   45   38 2 |  5578  5506   401  4621
0016:   14  304   91   20 2 |  1271  1257    33   920
0017:   49  201   98   44 2 |   870   821    70   550
0018:   59  255   52   36 4 |  2135  2076   180  1641
0019:    9  420   53   71 4 |  4139  4130   419  3291
SUM: 6518 94.35 78.17 3042.80 2261.80 0.307
