PRIO 5
0000:    6  396   67   52 3 |  4131  4125   204  3525
0001:   68  166   51   95 2 |  3377  3309   229  2914
0002:   99  153   59   58 1 |  4581  4482    51  4278
0003:    8  276   12   77 3 |  2998  2990  1846   868
0004:   73  430   82   15 2 |  5125  5052    84  4538
0005:   38  129   51   71 3 |  1789  1751    53  1569
0006:   91  255   22   42 3 |  2205  2114   482  1377
0007:   98  329   95   73 1 |  5740  5642   251  5062
0008:   21  205   37   13 3 |  2472  2451    59  2187
0009:   35  477   67   55 3 |  4745  4710   373  3860
0010:   84  317   54   38 1 |  5693  5609   249  5043
0011:   27  370   30   61 1 |  5870  5843   574  4899
0012:    5  101   63   83 2 |  2135  2130    87  1942
0013:   59  243   29   60 1 |  5467  5408   479  4686
0014:   34  255   84   82 3 |  3387  3353   396  2702
0015:   77  468   69  100 2 |  5548  5471   698  4305
0016:    9  178   58   92 1 |  4966  4957   241  4538
0017:   90  113   79  100 1 |  4206  4116   234  3769
0018:   23  441   37   39 3 |  4258  4235   493  3301
0019:   99  490   37   86 2 |  5742  5643  1119  4034
SUM: 5870 98.67 78.81 4169.55 3469.85 0.341
