SRTF
0000:   67  110   80   83 2 |   416   349   113   126
0001:   25  497   81   29 4 |  5821  5796   234  5065
0002:   48  390   71   13 2 |  3475  3427   111  2926
0003:   44  211   31   28 4 |  1634  1590   178  1201
0004:   40  495   71   36 4 |  5495  5455   263  4697
0005:   31  440   68   61 1 |  4416  4385   232  3713
0006:   78  159   81   99 3 |   645   567    89   319
0007:   20  266   92   78 3 |  1871  1851   212  1373
0008:   47  192   36   67 3 |  1710  1663   464  1007
0009:   45  485   25   45 1 |  6752  6707   840  5382
0010:    8  197   50   37 1 |   799   791   135   459
0011:   88  205   74   94 3 |  1331  1243   189   849
0012:   70  163   75   60 3 |   860   790   194   433
0013:  100  347   97   44 4 |  2429  2329   143  1839
0014:   20  164   88   35 4 |   290   270    20    86
0015:    9  421   39   56 2 |  5503  5494   718  4355
0016:   69  250   58   48 2 |  2040  1971   231  1490
0017:   56  348   50   41 2 |  3299  3243   415  2480
0018:   56  391  100   93 4 |  3428  3372   233  2748
0019:   98  394   64   64 4 |  4693  4595   727  3474
SUM: 6752 90.71 62.90 2794.40 2201.10 0.296
