RR 5
0000:   60  316   85   39 2 |  4858  4798   107  4375
0001:   14  220   71   61 4 |  3837  3823   190  3413
0002:   60  481   71  100 2 |  6042  5982   684  4817
0003:   21  414   85   12 4 |  5482  5461    43  5004
0004:   54  460   13   44 4 |  6446  6392  1262  4670
0005:   52  172   63   13 1 |  3260  3208    42  2994
0006:   61  431   79   24 3 |  5651  5590   127  5032
0007:   25  111   65   19 3 |  2049  2024    26  1887
0008:   14  486   47   34 3 |  5988  5974   337  5151
0009:   32  198   81   39 1 |  3582  3550    71  3281
0010:   63  333   65   81 1 |  5125  5062   299  4430
0011:   28  186   79   25 3 |  3309  3281    63  3032
0012:   28  171   61   88 3 |  3115  3087    90  2826
0013:    3  266   10   27 4 |  5385  5382   696  4420
0014:    9  466   69   49 4 |  5897  5888   342  5080
0015:   79  219   15   60 2 |  4675  4596   743  3634
0016:   28  451   11   14 2 |  6180  6152   574  5127
0017:   81  304   91   99 2 |  4996  4915   358  4253
0018:   49  351   36   18 4 |  5346  5297   217  4729
0019:   79  144   63   87 4 |  2821  2742   165  2433
SUM: 6446 95.87 66.01 4660.20 4029.40 0.310
