PRIO 2
0000:   70  314   38   76 2 |  4749  4679   512  3853
0001:   20  189   65   43 4 |  2487  2467   178  2100
0002:   63  264   16   67 2 |  4544  4481  1153  3064
0003:   19  299   37   77 4 |  3277  3258   470  2489
0004:   31  336   99   48 4 |  3681  3650   180  3134
0005:    9  435   87   34 1 |  5219  5210   246  4529
0006:    6  492   47   80 3 |  4856  4850   743  3615
0007:   80  136   79   12 3 |  2420  2340     7  2197
0008:   30  273   27   64 3 |  3857  3827   527  3027
0009:   84  250   52   37 1 |  4934  4850   207  4393
0010:   47  117   90   31 1 |  4149  4102    93  3892
0011:   15  106   39   22 3 |  1858  1843    33  1704
0012:    4  107   60   65 3 |  2061  2057    65  1885
0013:   89  110   39   83 4 |  1522  1433   168  1155
0014:   40  146   46   46 4 |  1863  1823   125  1552
0015:   29  340   20   74 2 |  5054  5025  1334  3351
0016:   67  256   86   63 2 |  4355  4288   244  3788
0017:   89  182   26   37 2 |  3578  3489   302  3005
0018:   55  364   20   50 4 |  3778  3723   738  2621
0019:   35  395   66   72 4 |  4025  3990   372  3223
SUM: 5219 97.93 75.91 3569.25 2928.85 0.383
