PRIO 5
0000:   50  470   60   59 3 |  4705  4655   430  3755
0001:   84  398   98   62 2 |  5359  5275   179  4698
0002:    2  398   91   27 1 |  6426  6424   181  5845
0003:   63  145   25   95 3 |  1980  1917   727  1045
0004:   48  496   52   40 2 |  5642  5594   390  4708
0005:   56  160   72   54 3 |  1944  1888   165  1563
0006:   50  323   46   41 3 |  3642  3592   313  2956
0007:   61  363   70   75 1 |  6495  6434   398  5673
0008:   11  205   75   51 3 |  2496  2485    78  2202
0009:   57  104   66   46 3 |  1473  1416    27  1285
0010:   12  437   25   36 1 |  6715  6703   713  5553
0011:   77  484   63   91 1 |  6773  6696   500  5712
0012:   18  249   92   93 2 |  4215  4197   166  3782
0013:   45  448   91   13 1 |  6580  6535    32  6055
0014:   36  478   92   87 3 |  4785  4749   569  3702
0015:   78  338   33   32 2 |  4582  4504   431  3735
0016:   22  257   67   44 1 |  5746  5724   151  5316
0017:   65  350   34   66 1 |  6348  6283   629  5304
0018:   83  383   37   71 3 |  3899  3816   763  2670
0019:   69  210   80   13 2 |  3610  3541    41  3290
SUM: 6773 98.86 64.93 4621.40 3942.45 0.295
