PRIO 2
0000:   87  311   35   91 2 |  5891  5804   679  4814
0001:    4  180   70   53 4 |  2567  2563    65  2318
0002:   63  391   78   20 2 |  5987  5924   103  5430
0003:   21  327   35   25 4 |  3699  3678   223  3128
0004:   55  191   69   85 4 |  2838  2783   136  2456
0005:   25  153   28   62 1 |  5720  5695   276  5266
0006:   68  416   16   30 3 |  5138  5070   657  3997
0007:   67  236   20   67 3 |  3988  3921   797  2888
0008:   69  436   93   10 3 |  5527  5458    63  4959
0009:   21  221   79   15 1 |  6096  6075     9  5845
0010:   47  391   58   34 1 |  6422  6375   239  5745
0011:    1  312   73   53 3 |  4872  4871   196  4363
0012:   31  484   35   12 3 |  5657  5626   152  4990
0013:   81  243   44   31 4 |  3263  3182   140  2799
0014:   77  216   48   30 4 |  2807  2730   126  2388
0015:   17  192   64   79 2 |  4929  4912   408  4312
0016:   99  385   18   53 2 |  6197  6098  1219  4494
0017:   19  451   12   36 2 |  6402  6383  1462  4470
0018:   52  346   15   69 4 |  4263  4211  1598  2267
0019:   39  476   26   92 4 |  5382  5343  1795  3072
SUM: 6422 99.00 79.88 4835.10 4000.05 0.311
