PRIO 5
0000:   73  127   87   67 3 |  1817  1744    60  1557
0001:   49  202   18   43 2 |  2852  2803   502  2099
0002:   15  212   93   22 1 |  4368  4353    49  4092
0003:   22  281   38   25 3 |  2889  2867   177  2409
0004:   39  419   45   60 2 |  4427  4388   478  3491
0005:   44  141   82   22 3 |  1769  1725    39  1545
0006:   83  164   57   83 3 |  2153  2070   296  1610
0007:   42  132   68   63 1 |  3748  3706    77  3497
0008:   66  103   12   52 3 |  1080  1014   441   470
0009:   91  319   43   57 3 |  3230  3139   509  2311
0010:   66  115   22   52 1 |  3668  3602   221  3266
0011:    1  238   11   61 1 |  4831  4830  1448  3144
0012:   76  385   89   30 2 |  4251  4175   127  3663
0013:   18  307   86   59 1 |  4649  4631   279  4045
0014:   56  381   17   93 3 |  4207  4151  2178  1592
0015:   74  218   13   83 2 |  3664  3590  1208  2164
0016:    9  229   84   11 1 |  4413  4404    20  4155
0017:   48  455   43   48 1 |  5143  5095   657  3983
0018:   74  232   28   31 3 |  2102  2028   275  1521
0019:   89  169   56   32 2 |  2991  2902    72  2661
SUM: 5143 93.89 85.13 3360.85 2663.75 0.389
