LCFS
0000:   48  180   67   89 2 |  1884  1836    95  1561
0001:   25  258   42   70 4 |  5326  5301   354  4689
0002:   31  215   48  100 2 |  4454  4423   487  3721
0003:   45  120   24   50 4 |  3012  2967   234  2613
0004:   42  297   66   97 4 |  3995  3953   654  3002
0005:   91  431   44   85 1 |  2435  2344   898  1015
0006:   30  207   73   64 3 |  4430  4400   123  4070
0007:   63  182   75   31 3 |  2095  2032   134  1716
0008:   40  363   24   13 3 |  4597  4557   194  4000
0009:   92  269   45   92 1 |  1072   980   505   206
0010:   36  260   66   98 1 |  3532  3496   377  2859
0011:    7  183   27   29 3 |  5292  5285   187  4915
0012:   10  337   65   63 3 |   790   780   266   177
0013:   60  314   57   19 4 |  2410  2350    83  1953
0014:   66  187   60   65 4 |  1210  1144   219   738
0015:   75  413   87   95 2 |  1634  1559   327   819
0016:   40  397   65   27 2 |  3449  3409   163  2849
0017:    2  111   28   67 2 |  2913  2911   288  2512
0018:   30  225   15   46 4 |  5296  5266   603  4438
0019:   28  392   25   50 4 |  5409  5381   611  4378
SUM: 5409 98.74 78.04 3218.70 2611.55 0.370
