FCFS
0000:   57  156   59   26 2 |  2714  2657    72  2429
0001:    2  351   91   78 4 |  3002  3000   249  2400
0002:    0  135   74   49 2 |  1161  1161    24  1002
0003:  100  370   30   29 4 |  5214  5114   323  4421
0004:   35  178   64   36 4 |  2507  2472    53  2241
0005:    8  228   18   16 1 |  5249  5241   246  4767
0006:   61  156   13   78 3 |  5239  5178   733  4289
0007:   27  335   66   15 3 |  4144  4117    94  3688
0008:   46  450   77   46 3 |  3653  3607   247  2910
0009:    5  406   12   23 1 |  6091  6086   713  4967
0010:   72  146   40   91 1 |  2360  2288    82  2060
0011:   48  372   86   25 3 |  3321  3273   104  2797
0012:   54  392   43   87 3 |  5183  5129   750  3987
0013:   20  110   28   92 4 |  2737  2717   306  2301
0014:   72  431   59   89 4 |  5133  5061   841  3789
0015:   73  296   97   62 2 |  2475  2402   178  1928
0016:   10  264   39   65 2 |  3962  3952   294  3394
0017:   86  393   20   55 2 |  6085  5999  1175  4431
0018:   74  407   29   28 4 |  5432  5358   407  4544
0019:   37  376   12   39 4 |  6315  6278  1114  4788
SUM: 6315 94.25 74.84 4054.50 3356.65 0.317
