SRTF
0000:   43  165   60   34 2 |   715   672    70   437
0001:   79  157   54   73 4 |   652   573   198   218
0002:   30  366   82   81 2 |  4311  4281   241  3674
0003:    3  216   98   69 4 |  2167  2164   365  1583
0004:   47  213   86   53 4 |  1680  1633    97  1323
0005:   40  305   61   40 1 |  3373  3333   315  2713
0006:   25  229   66   93 3 |  2082  2057   434  1394
0007:   94  309   59   97 3 |  3298  3204   667  2228
0008:   45  334   41   54 3 |  4225  4180   507  3339
0009:   60  168   74   47 1 |   822   762   121   473
0010:    8  212   58   70 1 |  1555  1547   256  1079
0011:    6  407   13   28 3 |  5681  5675   904  4364
0012:   14  477   83   73 3 |  4823  4809   460  3872
0013:   40  344   73   84 4 |  3404  3364   297  2723
0014:  100  322   12   42 4 |  5479  5379  1074  3983
0015:   71  104   65   19 2 |   275   204    22    78
0016:   29  300   82   36 2 |  2566  2537   125  2112
0017:   48  182   42   11 2 |  1207  1159    52   925
0018:   25  191   70   58 4 |  1260  1235   205   839
0019:   43  106   86   43 4 |   303   260    43   111
SUM: 5681 89.90 72.89 2451.40 1873.40 0.352
