PREPRIO 4
0000:   57  295   50   92 2 |  5612  5555   418  4842
0001:   16  222   12   63 4 |  1844  1828  1115   491
0002:   36  190   89   81 2 |  5009  4973    52  4731
0003:   53  259   29   78 4 |  2852  2799   693  1847
0004:   59  114   18   40 4 |   918   859   278   467
0005:   31  301   69   49 1 |  6319  6288   236  5751
0006:    0  376   26   69 3 |  5298  5298  1178  3744
0007:   19  238   57   36 3 |  3967  3948   106  3604
0008:   81  248   29   36 3 |  3799  3718   371  3099
0009:   37  328   62   95 1 |  6441  6404   405  5671
0010:   52  454   37   41 1 |  6599  6547   349  5744
0011:   85  479   37   26 3 |  5273  5188   379  4330
0012:   64  320   88   96 3 |  5230  5166   231  4615
0013:   91  490   62   60 4 |  5191  5100   366  4244
0014:   10  476   64   74 4 |  5209  5199   751  3972
0015:   56  466   98   11 2 |  6116  6060    41  5553
0016:   83  154   92   95 2 |  4517  4434   159  4121
0017:   95  441   23   34 2 |  5965  5870   712  4717
0018:    2  494   35   60 4 |  4700  4698   637  3567
0019:  100  181   68   55 4 |  2642  2542   151  2210
SUM: 6599 98.89 75.44 4623.70 3866.00 0.303
