FCFS
0000:   42  221   93   54 2 |  2521  2479    96  2162
0001:   59  279   55   35 4 |  3879  3820   222  3319
0002:   98  274   11   48 2 |  5102  5004  1100  3630
0003:   22  407   44   30 4 |  4275  4253   299  3547
0004:   61  221   12   71 4 |  4966  4905  1243  3441
0005:   83  343   44   69 1 |  4116  4033   470  3220
0006:   99  119   95   90 3 |  2727  2628   148  2361
0007:   15  306  100   21 3 |  2914  2899    79  2514
0008:   33  171   78   11 3 |  1831  1798    19  1608
0009:   81  202   76   90 1 |  3247  3166   189  2775
0010:   86  235   74   42 1 |  3266  3180   161  2784
0011:   82  129   58   19 3 |  2663  2581    44  2408
0012:   61  154   76   34 3 |  1646  1585    33  1398
0013:    8  253   38   81 4 |  3915  3907   437  3217
0014:   18  174   64   24 4 |  2927  2909    90  2645
0015:   78  139   89   80 2 |  1143  1065    33   893
0016:   47  114   47   66 2 |  2572  2525   155  2256
0017:    3  164   47   64 2 |  2919  2916   209  2543
0018:   36  365   86   28 4 |  3272  3236   135  2736
0019:   48  348   16   14 4 |  4476  4428   252  3828
SUM: 5102 90.51 67.84 3165.85 2664.25 0.392
