PREPRIO 4
0000:   81  300   18   30 2 |  5324  5243   384  4559
0001:  100  293   31   94 4 |  3180  3080  1128  1659
0002:   35  476   32   92 2 |  6602  6567  1236  4855
0003:   13  439   93   76 4 |  5064  5051   304  4308
0004:   87  127   12   21 4 |   853   766   191   448
0005:   78  483   98   20 1 |  6828  6750   125  6142
0006:   64  244   26   21 3 |  3573  3509   192  3073
0007:   18  430   77   46 3 |  5478  5460   310  4720
0008:   64  440   91   57 3 |  5681  5617   241  4936
0009:   64  335   87   82 1 |  6675  6611   314  5962
0010:   94  420   37   35 1 |  6760  6666   298  5948
0011:    4  487   88  100 3 |  5979  5975   638  4850
0012:    7  449   89   36 3 |  5778  5771   149  5173
0013:   95  125   89   97 4 |  2002  1907   108  1674
0014:   41  238   19   66 4 |  2345  2304   839  1227
0015:   82  123   23   43 2 |  3419  3337   206  3008
0016:   77  321   44   14 2 |  5528  5451   130  5000
0017:   91  274   15   79 2 |  5321  5230  1196  3760
0018:   88  355   17   84 4 |  3843  3755  1647  1753
0019:   35  443   44   30 4 |  4523  4488   324  3721
SUM: 6828 99.62 76.13 4676.90 3838.80 0.293
