PREPRIO 2
0000:   36  468   11   29 2 |  6344  6308  1078  4762
0001:   68  360   48   64 5 |  3294  3226   399  2467
0002:   72  388   84   69 3 |  5189  5117   380  4349
0003:   21  462   34   38 2 |  6508  6487   514  5511
0004:   63  110  100   28 5 |  1190  1127    40   977
0005:    1  237   75   99 2 |  4936  4935   258  4440
0006:   90  457   79   97 2 |  6625  6535   439  5639
0007:   28  244   96   98 4 |  3256  3228   276  2708
0008:   44  318   72   58 2 |  5591  5547   144  5085
0009:   34  222   19   26 1 |  6325  6291   165  5904
0010:   55  329   16   19 4 |  3044  2989   427  2233
0011:   15  134   62   95 4 |  1862  1847   351  1362
0012:   38  258   35   28 1 |  6682  6644   197  6189
0013:    7  467   57   84 4 |  4813  4806   479  3860
0014:   67  374   41   10 1 |  6871  6804    65  6365
0015:   62  455   46   56 2 |  6621  6559   577  5527
0016:   70  439   62   87 2 |  6709  6639   988  5212
0017:   84  494   30   65 4 |  4908  4824  1026  3304
0018:    4  310   10   60 2 |  5672  5668  1801  3557
0019:   69  436   33   15 1 |  7009  6940   204  6300
SUM: 7009 99.33 76.56 5126.05 4287.55 0.285
