PRIO 5
0000:   90  329   22   45 3 |  3419  3329   953  2047
0001:   29  298   78   31 2 |  4624  4595    81  4216
0002:   37  419   71   79 1 |  6108  6071   424  5228
0003:   50  153   41   13 3 |  1691  1641    40  1448
0004:   22  260   70   74 2 |  4363  4341   180  3901
0005:   93  239   43   88 3 |  3070  2977   456  2282
0006:   94  120   99   12 3 |  1790  1696     4  1572
0007:   20  320   56   17 1 |  5654  5634    64  5250
0008:   48  303   96   78 3 |  3937  3889   225  3361
0009:   52  450   35   36 3 |  4639  4587   467  3670
0010:   76  348   28   77 1 |  6326  6250  1478  4424
0011:   40  137   58   72 1 |  4701  4661   175  4349
0012:   30  296   71   34 2 |  4620  4590   189  4105
0013:   78  215   52   76 1 |  5278  5200   304  4681
0014:   38  361   70   24 3 |  4311  4273   125  3787
0015:   68  409   54   93 2 |  5440  5372   776  4187
0016:   47  341   93   35 1 |  5689  5642   142  5159
0017:   94  413   80   88 1 |  6041  5947   466  5068
0018:   93  429   65   96 3 |  4753  4660   759  3472
0019:   26  206   22   62 2 |  3602  3576   597  2773
SUM: 6326 95.57 72.38 4446.55 3749.00 0.316
