RR 5
0000:   63  141   83   78 2 |  2590  2527   134  2252
0001:  100  126   43   89 4 |  2529  2429   174  2129
0002:   39  326   73   45 2 |  4806  4767   241  4200
0003:    2  369   61   89 4 |  5056  5054   417  4268
0004:   96  345   21   49 4 |  5490  5394   894  4155
0005:   22  213   56   11 1 |  3504  3482    29  3240
0006:   70  421   32   62 3 |  5586  5516   884  4211
0007:   42  353   61   33 3 |  4955  4913   252  4308
0008:   12  399   72   88 3 |  5221  5209   396  4414
0009:   81  442   49   38 1 |  5405  5324   296  4586
0010:   83  175   75   94 1 |  3295  3212   244  2793
0011:   26  382   20   36 3 |  5517  5491   805  4304
0012:   70  290   50   18 3 |  4363  4293   101  3902
0013:   52  375   32   24 4 |  5100  5048   175  4498
0014:   12  116   10   16 4 |  2598  2586   135  2335
0015:   24  105   47   47 2 |  2003  1979    66  1808
0016:   71  375   18   16 2 |  5353  5282   289  4618
0017:   93  156   79   93 2 |  2840  2747   127  2464
0018:   89  134   59   67 4 |  2744  2655   227  2294
0019:   52  255   89   11 4 |  3938  3886    24  3607
SUM: 5586 98.42 67.69 4089.70 3519.30 0.358
