PREPRIO 2
0000:   27  242   17   88 2 |  4781  4754  1174  3338
0001:   82  211   99   78 5 |  2261  2179   154  1814
0002:   39  224   83   15 3 |  3509  3470    28  3218
0003:   65  483   12   15 2 |  5494  5429   642  4304
0004:   71  427   15   69 5 |  3846  3775  1972  1376
0005:   73  455   19   65 2 |  6135  6062  1643  3964
0006:   77  266   24   31 2 |  4556  4479   439  3774
0007:   75  172   83   82 4 |  2351  2276   230  1874
0008:   38  459   71   49 2 |  5767  5729   369  4901
0009:   35  255   87   89 1 |  5903  5868   192  5421
0010:   52  290   19   95 4 |  3992  3940  2191  1459
0011:   43  330   85   70 4 |  3624  3581   160  3091
0012:   67  174   65   41 1 |  5207  5140   176  4790
0013:   16  182   53   54 4 |  2284  2268   199  1887
0014:   86  316   34   80 1 |  6289  6203   700  5187
0015:   72  484   45   38 2 |  5842  5770   442  4844
0016:   14  304   91   20 2 |  4887  4873    68  4501
0017:   49  201   98   44 4 |  2639  2590    90  2299
0018:   59  255   52   36 2 |  4623  4564   163  4146
0019:    9  420   53   71 1 |  6332  6323   519  5384
SUM: 6332 97.13 88.95 4463.65 3578.60 0.316
