RR 5
0000:   33  106   75   85 2 |  2095  2062   239  1717
0001:    4  366   87  100 4 |  6089  6085   376  5343
0002:   13  370   72   83 2 |  6201  6188   349  5469
0003:   98  434   51   31 4 |  6706  6608   292  5882
0004:   54  285   23   10 4 |  5426  5372    89  4998
0005:   38  415   71   76 1 |  6536  6498   273  5810
0006:   16  405   36   47 3 |  6670  6654   513  5736
0007:   72  341   26   56 3 |  6572  6500   747  5412
0008:   62  228   77   72 3 |  4126  4064   170  3666
0009:   49  413   31   21 1 |  6678  6629   283  5933
0010:    1  394   12   66 1 |  7329  7328  2116  4818
0011:   66  394   90   12 3 |  6344  6278    43  5841
0012:   68  286   43   94 3 |  5630  5562   594  4682
0013:   85  392   94   63 4 |  6377  6292   183  5717
0014:   71  327   11   88 4 |  7261  7190  2181  4682
0015:    0  434   78   90 2 |  6611  6611   379  5798
0016:   41  273   14   61 2 |  6442  6401  1215  4913
0017:   40  382   73   45 2 |  6304  6264   209  5673
0018:   95  322   77   45 4 |  5443  5348    67  4959
0019:   64  323   41   37 4 |  5848  5784   251  5210
SUM: 7329 94.01 78.21 5985.90 5112.95 0.273
