LCFS
0000:   36  398   16   21 2 |  5843  5807   657  4752
0001:   27  468   36   56 4 |  4453  4426   551  3407
0002:   55  394   61   61 2 |  1411  1356   378   584
0003:   50  227   40   19 4 |  2035  1985    86  1672
0004:   83  208   84   76 4 |  1102  1019   194   617
0005:    5  305   57   35 1 |  5179  5174   202  4667
0006:   93  164   30   36 3 |  1582  1489   170  1155
0007:   89  161   67   56 3 |   366   277    35    81
0008:   46  138   36   85 3 |  2264  2218   284  1796
0009:    4  360   39   59 1 |  5931  5927   523  5044
0010:   38  354   64   93 1 |  4162  4124   890  2880
0011:   26  318   16   78 3 |  6232  6206  1579  4309
0012:   57  234   60   88 3 |   902   845   250   361
0013:   77  435   12   25 4 |  5791  5714   827  4452
0014:   37  250   36   20 4 |  2951  2914   120  2544
0015:    5  112   41   32 2 |  4556  4551    72  4367
0016:   15  336   40   19 2 |  4237  4222   170  3716
0017:    1  498   69   55 2 |  1932  1931   280  1153
0018:   35  174   22   99 4 |  4333  4298  1017  3107
0019:   42  333   83   37 4 |  2509  2467    99  2035
SUM: 6232 94.14 76.65 3347.50 2634.95 0.321
