RR 5
0000:    4  286   27   73 2 |  5406  5402   574  4542
0001:   48  283   53   49 4 |  5104  5056   342  4431
0002:    1  128   55   28 2 |  2151  2150    46  1976
0003:    7  400   48   87 4 |  6727  6720   679  5641
0004:   30  156   59   39 4 |  3060  3030   168  2706
0005:   77  352   67   99 1 |  6120  6043   467  5224
0006:    8  407   46   79 3 |  6772  6764   511  5846
0007:   55  446   98   62 3 |  6861  6806   239  6121
0008:   12  451   59   88 3 |  6976  6964   581  5932
0009:   93  310   20   53 1 |  6479  6386   842  5234
0010:   97  397   78   80 1 |  6824  6727   569  5761
0011:   26  375   12   24 3 |  7017  6991   588  6028
0012:   78  352   27   90 3 |  6859  6781   906  5523
0013:   77  473   88   14 4 |  6955  6878    72  6333
0014:   99  461   14   62 4 |  7715  7616  1867  5288
0015:   78  300   49   91 2 |  5487  5409   389  4720
0016:   44  341   38   78 2 |  6267  6223   570  5312
0017:   69  472   94   21 2 |  6945  6876   108  6296
0018:   73  407   42   45 4 |  6843  6770   408  5955
0019:   35  318   37   17 4 |  5555  5520   111  5091
SUM: 7715 92.22 76.64 6055.60 5198.00 0.259
