PREPRIO 4
0000:    8  250   36   68 2 |  4798  4790   362  4178
0001:    3  150   48   70 4 |  1992  1989   239  1600
0002:   34  233   69   69 2 |  4803  4769   134  4402
0003:   20  273   62   36 4 |  3069  3049   135  2641
0004:   41  320   65   86 4 |  3631  3590   403  2867
0005:   75  447   82   89 1 |  5994  5919   472  5000
0006:   49  345   52   74 3 |  4685  4636   569  3722
0007:   64  222   34   99 3 |  3717  3653   778  2653
0008:   53  389   30   48 3 |  4556  4503   603  3511
0009:   23  207   35   86 1 |  5615  5592   460  4925
0010:   82  352   26   58 1 |  6103  6021   829  4840
0011:   78  438   43   92 3 |  5208  5130  1018  3674
0012:   83  430   60   86 3 |  5157  5074   579  4065
0013:   81  470   61   93 4 |  4862  4781   713  3598
0014:   52  170   69   71 4 |  2167  2115    99  1846
0015:   90  345   54   89 2 |  5381  5291   523  4423
0016:   18  463  100   50 2 |  5587  5569   200  4906
0017:   77  224   29   10 2 |  4196  4119    69  3826
0018:   71  135   16   78 4 |  1513  1442   631   676
0019:   38  100   29   32 4 |   983   945   117   728
SUM: 6103 97.71 79.80 4148.85 3404.05 0.328
