PRIO 2
0000:   60  230   93   95 2 |  5233  5173   249  4694
0001:    5  415   80   17 4 |  4975  4970    90  4465
0002:   24  237   63   33 2 |  5148  5124   148  4739
0003:   77  440   95   97 4 |  5212  5135   318  4377
0004:   26  370   30   37 4 |  4323  4297   423  3504
0005:   73  435   80   77 1 |  6235  6162   421  5306
0006:   11  102   18   44 3 |  1613  1602   326  1174
0007:    4  257   17   23 3 |  3938  3934   338  3339
0008:   52  229   17   93 3 |  4199  4147  1040  2878
0009:    6  326   14   62 1 |  6560  6554  1316  4912
0010:   38  163   28   50 1 |  5403  5365   233  4969
0011:   17  263   38   45 3 |  4500  4483   349  3871
0012:   71  419   51   80 3 |  5633  5562   707  4436
0013:   79  355   41   95 4 |  4898  4819   702  3762
0014:   75  436   13   41 4 |  4450  4375  1251  2688
0015:   69  177   39   89 2 |  4798  4729   360  4192
0016:   38  410   58   66 2 |  5758  5720   431  4879
0017:   70  183   41   27 2 |  4817  4747   127  4437
0018:   82  220   41   72 4 |  3080  2998   339  2439
0019:   61  408   54   27 4 |  4911  4850   251  4191
SUM: 6560 92.61 78.05 4737.30 3962.60 0.305
