PREPRIO 4
0000:    3  142   37   67 2 |  3855  3852    80  3630
0001:   48  409   12   12 4 |  1752  1704   433   862
0002:   72  189   51   94 2 |  4441  4369   265  3915
0003:   26  121   68   74 4 |  2000  1974   101  1752
0004:   48  391   13   46 4 |  2994  2946  1295  1260
0005:   26  154   71   28 1 |  5130  5104    44  4906
0006:   15  393   92   12 3 |  4922  4907    59  4455
0007:   83  446   85   80 3 |  5071  4988   386  4156
0008:   37  333   13   51 3 |  4550  4513  1258  2922
0009:   39  462  100   25 1 |  5593  5554    72  5020
0010:   37  104  100   79 1 |  4777  4740    48  4588
0011:   57  205   83   39 3 |  4042  3985   101  3679
0012:   27  165   98   18 3 |  3285  3258    60  3033
0013:   98  370   46   16 4 |  4093  3995   142  3483
0014:   62  167  100   14 4 |  2819  2757    25  2565
0015:   58  426   53   31 2 |  5357  5299   220  4653
0016:   55  184   18   35 2 |  4055  4000   290  3526
0017:   36  267   70   70 2 |  4993  4957   140  4550
0018:   18  376   80   77 4 |  4385  4367   362  3629
0019:   17  245   29   34 4 |  2736  2719   237  2237
SUM: 5593 99.21 66.46 3999.40 3441.05 0.358
