RR 5
0000:   59  156   64   75 2 |  2914  2855    91  2608
0001:   87  408   86   36 4 |  5509  5422   191  4823
0002:    5  475   31   22 2 |  5773  5768   366  4927
0003:   82  318   36   49 4 |  5210  5128   406  4404
0004:   31  369   87   86 4 |  5370  5339   353  4617
0005:    6  285   14   94 1 |  5802  5796  1983  3528
0006:   39  449  100   39 3 |  5552  5513    97  4967
0007:   48  279   61   58 3 |  4450  4402   159  3964
0008:   77  154   20   79 3 |  3903  3826   652  3020
0009:   81  378   87   48 1 |  5467  5386   280  4728
0010:   93  203   70   35 1 |  3684  3591   145  3243
0011:   59  251   69   11 3 |  4079  4020    43  3726
0012:   97  342   59   21 3 |  5190  5093   102  4649
0013:    0  472   59   76 4 |  5805  5805   765  4568
0014:   59  164   88   75 4 |  3124  3065   230  2671
0015:   95  376   45   17 2 |  5385  5290   138  4776
0016:   28  111   33   87 2 |  2530  2502   398  1993
0017:   18  143   91   90 2 |  2556  2538   113  2282
0018:   92  329   88   59 4 |  5007  4915   189  4397
0019:   54  122   19   65 4 |  2912  2858   339  2397
SUM: 5805 99.64 72.49 4455.60 3814.40 0.345
