RR 2
0000:   16  325   92   39 2 |  5075  5059   102  4632
0001:   47  198   56   40 4 |  3661  3614    98  3318
0002:   84  198   45   41 2 |  3699  3615    84  3333
0003:    4  301   60   45 4 |  4806  4802   236  4265
0004:   29  299   72   78 4 |  5089  5060   363  4398
0005:   82  242   15   90 1 |  5116  5034  1061  3731
0006:   35  430   76   72 3 |  6008  5973   388  5155
0007:   57  430   16   50 3 |  6612  6555  1528  4597
0008:    0  468   26   84 3 |  6719  6719  1712  4539
0009:   37  478   53   55 1 |  6387  6350   498  5374
0010:   79  395   90   32 1 |  5708  5629   116  5118
0011:   39  118   76   30 3 |  2172  2133     6  2009
0012:   52  446   29   44 3 |  6250  6198   531  5221
0013:   65  267   75   29 4 |  4651  4586   156  4163
0014:   86  499   30   94 4 |  6759  6673  1359  4815
0015:   30  443   28   80 2 |  6472  6442   987  5012
0016:   24  195   25   20 2 |  3754  3730   214  3321
0017:   27  490   74   76 2 |  6475  6448   668  5290
0018:   43  197   99   10 4 |  3513  3470    24  3249
0019:   57  214   13   52 4 |  4686  4629   937  3478
SUM: 6759 98.14 83.15 5135.95 4250.90 0.296
