LCFS
0000:    2  426   46   65 2 |  4289  4287   418  3443
0001:   70  358   16   83 4 |  6210  6140  1497  4285
0002:    5  289   45   90 2 |  6748  6743   547  5907
0003:   50  184   53   23 4 |  3992  3942    59  3699
0004:   19  159   62   13 4 |  4663  4644    41  4444
0005:   54  356   80   84 1 |  3729  3675   436  2883
0006:   62  414   44   25 3 |  3282  3220   269  2537
0007:   27  474   38   59 3 |  3755  3728   660  2594
0008:   36  320   80   98 3 |   805   769   217   232
0009:   13  232   48   14 1 |  5759  5746    58  5456
0010:   97  416   47   75 1 |  2073  1976   626   934
0011:   93  201   69   98 3 |  1014   921   303   417
0012:   42  280   26   37 3 |  5134  5092   324  4488
0013:   13  270   39   33 4 |  5938  5925   210  5445
0014:    5  435   55   88 4 |  6486  6481   445  5601
0015:   75  443   92   31 2 |  1895  1820   125  1252
0016:   22  217   53   65 2 |  4756  4734   151  4366
0017:   48  416   19   15 2 |  6394  6346   343  5587
0018:   72  174   72   20 4 |  2199  2127    52  1901
0019:   80  485   54   32 4 |  1890  1810   295  1030
SUM: 6748 97.05 71.89 4006.30 3325.05 0.296
