FCFS
0000:   37  274   79   75 2 |  3593  3556   168  3114
0001:   48  420   58   93 4 |  5757  5709   604  4685
0002:   35  180   65   35 2 |  3138  3103    89  2834
0003:    1  225   93   10 4 |  1688  1687    12  1450
0004:   83  456   51   60 4 |  6054  5971   553  4962
0005:   30  297   75   32 1 |  3786  3756   147  3312
0006:   15  395   90   54 3 |  4441  4426   294  3737
0007:   94  138   61   48 3 |  2428  2334    18  2178
0008:   50  256   29   52 3 |  5921  5871   566  5049
0009:   59  150   26   64 1 |  4860  4801   308  4343
0010:   44  263   37   58 1 |  5201  5157   385  4509
0011:   98  185   25   67 3 |  5780  5682   533  4964
0012:   94  475   83   67 3 |  5699  5605   440  4690
0013:    3  259   41   66 4 |  5652  5649   443  4947
0014:   32  445   58   51 4 |  5556  5524   399  4680
0015:   77  215   72   13 2 |  3186  3109    23  2871
0016:   10  461   75   82 2 |  5450  5440   462  4517
0017:  100  307   42   53 2 |  5676  5576   400  4869
0018:   34  370   13   34 4 |  6886  6852  1032  5450
0019:   29  443   69   82 4 |  5632  5603   461  4699
SUM: 6886 90.24 71.10 4770.55 4093.00 0.290
