PREPRIO 4
0000:   90  183   90   33 2 |  4056  3966    67  3716
0001:   53  203   74   21 4 |  2303  2250    99  1948
0002:    8  196   73   52 2 |  4276  4268   147  3925
0003:   68  135   45   28 4 |  1755  1687    96  1456
0004:   66  223   42   58 4 |  2895  2829   377  2229
0005:   90  185   66   50 1 |  4975  4885   127  4573
0006:   96  132   89   51 3 |  2695  2599    49  2418
0007:   47  393   58   56 3 |  4772  4725   266  4066
0008:   84  464   19   26 3 |  4640  4556   580  3512
0009:   52  365   91   90 1 |  5497  5445   306  4774
0010:    8  402   34   82 1 |  5940  5932   915  4615
0011:   12  262   19   51 3 |  3313  3301   696  2343
0012:   81  376   89   53 3 |  4642  4561   207  3978
0013:    3  432   70   42 4 |  4165  4162   251  3479
0014:   32  237   41   53 4 |  2825  2793   364  2192
0015:   95  338   46   14 2 |  4865  4770    93  4339
0016:   20  126   37   16 2 |  3205  3185    35  3024
0017:   76  440   53   35 2 |  5181  5105   397  4268
0018:   76  267   19   41 4 |  2300  2224   442  1515
0019:   16  169   31   57 4 |  1936  1920   377  1374
SUM: 5940 93.06 63.47 3758.15 3187.20 0.337
