FCFS
0000:   86  194   83   16 2 |  2293  2207    30  1983
0001:   55  177   65   22 4 |  2109  2054    39  1838
0002:   86  310   22   27 2 |  5016  4930   329  4291
0003:  100  156   40   52 4 |  3109  3009   115  2738
0004:   68  220   50   77 4 |  3066  2998   201  2577
0005:   96  148   80   60 1 |  2017  1921   122  1651
0006:   66  462   63   49 3 |  4882  4816   451  3903
0007:    4  338   33   30 3 |  4958  4954   395  4221
0008:   19  200   30   56 3 |  4121  4102   285  3617
0009:   44  115   97   78 1 |  1257  1213    44  1054
0010:    5  167   28   65 1 |  3956  3951   366  3418
0011:   32  311   80   21 3 |  3563  3531   130  3090
0012:   63  468   85   58 3 |  3895  3832   344  3020
0013:   68  322   11   74 4 |  6255  6187  1869  3996
0014:    2  343   10   77 4 |  6357  6355  1964  4048
0015:   24  174   62   94 2 |  1753  1729   154  1401
0016:    4  388   30   99 2 |  5433  5429  1298  3743
0017:    7  283   21   32 2 |  4981  4974   409  4282
0018:   56  499   63   30 4 |  4257  4201   234  3468
0019:   53  232   68   39 4 |  2712  2659   133  2294
SUM: 6357 86.63 80.02 3752.60 3031.65 0.315
