RR 5
0000:   63  223   69   93 2 |  4096  4033   145  3665
0001:   51  158   44   14 4 |  3072  3021    32  2831
0002:   62  244   82   59 2 |  4301  4239   116  3879
0003:   72  420   26   27 4 |  5758  5686   484  4782
0004:   51  343   93   89 4 |  5325  5274   295  4636
0005:   13  340   84   38 1 |  5221  5208   177  4691
0006:   88  328   94   44 3 |  5222  5134    81  4725
0007:   90  291   52   32 3 |  5148  5058   268  4499
0008:   95  348   87   71 3 |  5457  5362   287  4727
0009:   33  269   25   76 1 |  5195  5162   729  4164
0010:   16  166   80   57 1 |  2897  2881   112  2603
0011:   56  361   54   54 3 |  5445  5389   253  4775
0012:   48  254   17   81 3 |  5431  5383  1197  3932
0013:   83  254   97   49 4 |  4382  4299    88  3957
0014:   19  197  100   88 4 |  3388  3369    73  3099
0015:   86  307   67   23 2 |  4983  4897   120  4470
0016:   96  136   90   26 2 |  2694  2598    19  2443
0017:    3  363   25   65 2 |  5692  5689   791  4535
0018:   42  222   65   31 4 |  4224  4182   145  3815
0019:   68  494   57   17 4 |  5720  5652   190  4968
SUM: 5758 99.31 66.19 4625.80 4059.80 0.347
