PREPRIO 4
0000:   90  345   48   68 2 |  5264  5174   621  4208
0001:   19  104   52   24 4 |  1325  1306    10  1192
0002:   33  340   45   88 2 |  5292  5259   571  4348
0003:   76  247   57   94 4 |  3108  3032   605  2180
0004:   88  295   36   75 4 |  2974  2886   824  1767
0005:   61  166   72   28 1 |  5204  5143    43  4934
0006:   91  101   41   32 3 |  1697  1606    44  1461
0007:   15  358   50   45 3 |  4473  4458   283  3817
0008:   30  308   63   84 3 |  4251  4221   188  3725
0009:   72  386   98   20 1 |  5635  5563    94  5083
0010:   58  454   26   67 1 |  6299  6241  1195  4592
0011:   54  403   54   87 3 |  4884  4830   542  3885
0012:   41  495   52   48 3 |  5021  4980   368  4117
0013:   46  172   16   40 4 |  1714  1668   375  1121
0014:   73  346   77   88 4 |  3810  3737   150  3241
0015:   66  253   34   66 2 |  4629  4563   352  3958
0016:   16  227   73   96 2 |  4577  4561   310  4024
0017:   86  367   58   95 2 |  5355  5269   545  4357
0018:   83  215   55   94 4 |  2718  2635   292  2128
0019:   64  188   94   89 4 |  2658  2594   109  2297
SUM: 6299 91.60 70.27 3986.30 3321.75 0.318
