PRIO 5
0000:   14  301   72   99 3 |  3989  3975   379  3295
0001:   25  167   84   18 2 |  3416  3391    38  3186
0002:   53  257   63   56 1 |  5695  5642   317  5068
0003:   21  349   51   81 3 |  4390  4369   648  3372
0004:   68  219   64   41 2 |  4113  4045    78  3748
0005:   82  385   95   10 3 |  4559  4477    34  4058
0006:   36  420   60   39 3 |  4460  4424   195  3809
0007:   19  462   62   17 1 |  6285  6266   138  5666
0008:   32  184   65   79 3 |  2408  2376   185  2007
0009:   70  338   48   71 3 |  4051  3981   517  3126
0010:   15  447   58   85 1 |  6523  6508   655  5406
0011:   61  334   31   21 1 |  5969  5908   225  5349
0012:   57  277   21   96 2 |  4817  4760  1462  3021
0013:   36  350   35   83 1 |  6377  6341   823  5168
0014:   27  315   54   38 3 |  3526  3499   191  2993
0015:   76  282   40   91 2 |  4885  4809   919  3608
0016:   33  372   80   96 1 |  6243  6210   351  5487
0017:   47  230   84   45 1 |  5471  5424    90  5104
0018:   83  218   95   99 3 |  3123  3040   341  2481
0019:   67  470   26   86 2 |  5760  5693  1397  3826
SUM: 6523 97.76 76.59 4756.90 3988.90 0.307
