RR 2
0000:   17  253   97   97 2 |  4357  4340   141  3946
0001:   46  251   87   16 4 |  4309  4263    21  3991
0002:    3  273   11   25 2 |  5075  5072   650  4149
0003:   19  468   77   55 4 |  5746  5727   333  4926
0004:   17  163   87   86 4 |  3168  3151   198  2790
0005:   61  132   23   92 1 |  3028  2967   468  2367
0006:   71  315   25   72 3 |  5528  5457   866  4276
0007:   19  119   47   80 3 |  2410  2391   206  2066
0008:   28  146   38   39 3 |  2936  2908   231  2531
0009:   10  408   54   92 1 |  5797  5787   774  4605
0010:   15  229   47   42 1 |  4121  4106   186  3691
0011:   14  344   79   66 3 |  5383  5369   304  4721
0012:   49  385   85   82 3 |  5573  5524   290  4849
0013:   18  458   40   52 4 |  5875  5857   549  4850
0014:   43  258   63   88 4 |  4573  4530   245  4027
0015:   21  312   45   75 2 |  5201  5180   469  4399
0016:   52  371   99   85 2 |  5549  5497   343  4783
0017:  100  351   38   73 2 |  5580  5480   561  4568
0018:   34  224   96   79 4 |  3984  3950    95  3631
0019:   11  345   88   46 4 |  5230  5219   156  4718
SUM: 5875 98.81 69.51 4638.75 3994.20 0.340
