FCFS
0000:   29  477   31   81 2 |  5708  5679  1465  3737
0001:   37  469   63   62 4 |  4836  4799   630  3700
0002:   36  356   10   82 2 |  7835  7799  3093  4350
0003:   14  315   41   94 4 |  4813  4799   787  3697
0004:  100  362   52   72 4 |  4288  4188   390  3436
0005:   93  441   10   60 1 |  7650  7557  2844  4272
0006:   81  350   10   75 3 |  6858  6777  2134  4293
0007:   12  479   78   41 3 |  4216  4204   236  3489
0008:  100  113   33   77 3 |  3012  2912   252  2547
0009:    5  158   21   94 1 |  5013  5008   898  3952
0010:   12  166   36   94 1 |  3427  3415   541  2708
0011:   45  328   22   92 3 |  5574  5529  1226  3975
0012:   35  282   88   65 3 |  2669  2634   124  2228
0013:   63  188   48   85 4 |  3227  3164   369  2607
0014:   39  140   36   11 4 |  2311  2272    29  2103
0015:   52  394   65   74 2 |  4424  4372   459  3519
0016:   54  184   75   72 2 |  2123  2069   179  1706
0017:   73  370   27   43 2 |  5158  5085   517  4198
0018:   41  327   41   18 4 |  4512  4471    96  4048
0019:   79  225  100   92 4 |  2187  2108    58  1825
SUM: 7835 78.16 90.21 4442.05 3319.50 0.255
