FCFS
0000:   50  313   76   12 2 |  2358  2308    25  1970
0001:   96  337   86   47 4 |  4179  4083   245  3501
0002:   62  262   37   19 2 |  4474  4412   119  4031
0003:   53  315   45   35 4 |  4613  4560   214  4031
0004:    0  277   84   55 4 |  4310  4310   359  3674
0005:    2  472   96   12 1 |  3788  3786    51  3263
0006:   96  386   31   85 3 |  5691  5595   900  4309
0007:   99  455   27   25 3 |  5880  5781   435  4891
0008:   12  266   84   38 3 |  3666  3654   162  3226
0009:   68  133   69   58 1 |  2096  2028   134  1761
0010:   29  235   52   74 1 |  4587  4558   339  3984
0011:   90  448   19   18 3 |  6205  6115   480  5187
0012:   39  150   29   24 3 |  4434  4395    91  4154
0013:   71  261   16   57 4 |  6132  6061  1026  4774
0014:   87  145   15   92 4 |  5434  5347   666  4536
0015:   42  137   91   29 2 |  1857  1815    36  1642
0016:   11  472   73   36 2 |  4222  4211   147  3592
0017:   83  461   21   54 2 |  6609  6526  1258  4807
0018:   99  227   49   31 4 |  3945  3846    36  3583
0019:   72  475   60   18 4 |  5263  5191   166  4550
SUM: 6609 94.22 66.70 4429.10 3773.30 0.303
