RR 2
0000:   75  289   68   99 2 |  5438  5363   693  4381
0001:   12  228   16   16 4 |  4281  4269   245  3796
0002:   40  343   37   92 2 |  6079  6039  1118  4578
0003:   40  491   81   56 4 |  6078  6038   257  5290
0004:    7  338  100   53 4 |  5421  5414   184  4892
0005:   74  419   72   97 1 |  6044  5970   477  5074
0006:   75  330   37   28 3 |  5467  5392   198  4864
0007:   42  268   97   51 3 |  4715  4673   198  4207
0008:   41  320  100   92 3 |  5351  5310   303  4687
0009:   89  165   20   86 1 |  3633  3544   493  2886
0010:   99  308   21   78 1 |  5885  5786  1104  4374
0011:  100  324   39   86 3 |  5878  5778   913  4541
0012:   61  405   87   79 3 |  6011  5950   497  5048
0013:   85  168   42   56 4 |  3429  3344   228  2948
0014:   91  459   12   50 4 |  6933  6842  2158  4225
0015:    3  429   90   36 2 |  5893  5890   110  5351
0016:   19  368   60   12 2 |  5607  5588    84  5136
0017:   35  223   76   26 2 |  4094  4059   131  3705
0018:   64  160   52   97 4 |  3303  3239   274  2805
0019:   17  189   92   90 4 |  3361  3344    47  3108
SUM: 6933 89.77 78.36 5091.60 4294.80 0.288
