PREPRIO 4
0000:   23  426   53   67 2 |  5549  5526   608  4492
0001:   33  137   47   32 4 |  1951  1918    42  1739
0002:   39  308   92   52 2 |  5086  5047   270  4469
0003:   27  323   54   55 4 |  3567  3540   206  3011
0004:   70  338   13   12 4 |  1542  1472   279   855
0005:   74  104   94   88 1 |  4631  4557     6  4447
0006:   48  142   68   64 3 |  2573  2525   113  2270
0007:   42  178   11   98 3 |  3099  3057  1535  1344
0008:   42  437   35   47 3 |  4794  4752   535  3780
0009:   96  180   74   10 1 |  5327  5231    14  5037
0010:   51  340   33   97 1 |  6417  6366  1192  4834
0011:    2  441   29   66 3 |  4676  4674   869  3364
0012:   33  276   24   81 3 |  3980  3947  1042  2629
0013:   59  465   17   45 4 |  4052  3993  1499  2029
0014:   16  230   22   32 4 |  2078  2062   461  1371
0015:   39  328   47   81 2 |  5283  5244   454  4462
0016:   46  403   70   96 2 |  5528  5482   671  4408
0017:   60  422   80   62 2 |  5536  5476   349  4705
0018:   47  124   68   17 4 |  1948  1901    40  1737
0019:   51  104   82   80 4 |  1874  1823    91  1628
SUM: 6417 88.92 83.43 3929.65 3130.55 0.312
