RR 2
0000:   42  392   68   79 2 |  6268  6226   543  5291
0001:   18  374   99   31 4 |  5948  5930   126  5430
0002:   58  263   48   26 2 |  4689  4631   133  4235
0003:   31  425   67   11 4 |  6238  6207    63  5719
0004:   18  354   89   98 4 |  5903  5885   358  5173
0005:   51  423   10   51 1 |  7108  7057  2187  4447
0006:   15  339   20   96 3 |  6446  6431  1535  4557
0007:   99  207   71   61 3 |  3834  3735   160  3368
0008:   30  336   22   99 3 |  6370  6340  1386  4618
0009:   92  350   64   96 1 |  6010  5918   493  5075
0010:   12  132   60   28 1 |  2337  2325    41  2152
0011:   37  299   19   44 3 |  5599  5562   566  4697
0012:   86  121   57   50 3 |  2430  2344   130  2093
0013:   57  254   34   19 4 |  4540  4483    83  4146
0014:   14  443   64   77 4 |  6444  6430   679  5308
0015:   77  435   33   85 2 |  6603  6526   919  5172
0016:    4  373   79   82 2 |  5944  5940   294  5273
0017:   91  404   89   67 2 |  6242  6151   280  5467
0018:   80  429   30   85 4 |  6698  6618  1130  5059
0019:   92  296   10   20 4 |  5656  5564   581  4687
SUM: 7108 93.54 82.22 5515.15 4598.35 0.281
