PRIO 5
0000:   35  467   80   38 3 |  5343  5308   255  4586
0001:   14  115   94   39 2 |  2878  2864    32  2717
0002:   68  432   51   39 1 |  6276  6208   301  5475
0003:   88  229   18   68 3 |  2980  2892   794  1869
0004:    9  293   28   90 2 |  4980  4971   688  3990
0005:   79  422   46   33 3 |  4733  4654   331  3901
0006:    5  374   42   25 3 |  4022  4017   311  3332
0007:   84  198   84   77 1 |  5755  5671    56  5417
0008:   93  408   16   68 3 |  4117  4024  1928  1688
0009:    4  259   31   98 3 |  2990  2986   921  1806
0010:    4  225   84   41 1 |  5896  5892    94  5573
0011:   34  248   34   16 1 |  5838  5804   124  5432
0012:   19  362   57   50 2 |  5681  5662   367  4933
0013:   63  329   15   82 1 |  6788  6725  1881  4515
0014:   27  400   83   44 3 |  4974  4947   261  4286
0015:   39  310   91   65 2 |  5502  5463   128  5025
0016:   67  439   23   28 1 |  6485  6418   547  5432
0017:   94  161   96   49 1 |  5507  5413    32  5220
0018:   28  463   11   78 3 |  4902  4874  3328  1083
0019:   64  256   52   38 2 |  4884  4820   151  4413
SUM: 6788 94.14 89.29 4980.65 4034.65 0.295
