PREPRIO 2
0000:   10  238   38   45 2 |  4961  4951   325  4388
0001:   39  411   43  100 5 |  3911  3872   786  2675
0002:   50  469   67   21 3 |  5469  5419   103  4847
0003:   72  371   19   18 2 |  5614  5542   311  4860
0004:   10  163   78   89 5 |  1675  1665    83  1419
0005:   33  376   71   10 2 |  5722  5689    90  5223
0006:   52  285   11   23 2 |  4866  4814   543  3986
0007:   98  442   21   76 4 |  4874  4776  1956  2378
0008:   30  344   78   51 2 |  5736  5706   166  5196
0009:   96  329   92   72 1 |  6246  6150   170  5651
0010:    0  231   30   68 4 |  2836  2836   605  2000
0011:   43  290   75   95 4 |  3592  3549   377  2882
0012:   77  433   73   89 1 |  6562  6485   438  5614
0013:    8  308   90   45 4 |  3761  3753   134  3311
0014:   92  446  100   43 1 |  6495  6403   176  5781
0015:    2  235   61   47 2 |  4860  4858    81  4542
0016:   22  381   20   48 2 |  5845  5823   733  4709
0017:   19  276   25   29 4 |  3024  3005   273  2456
0018:   58  251   68   97 2 |  5256  5198   544  4403
0019:   61  172   48   38 1 |  5711  5650   186  5292
SUM: 6562 98.31 70.18 4807.20 4080.65 0.305
