PREPRIO 2
0000:    0  400   50   50 2 |  8844  8844   476  7968
0001:    0  300   40   40 5 |  5273  5273   277  4696
0002:    1  200   30   50 3 |  6047  6046   348  5498
0003:    1  301   20   10 2 |  8260  8259   130  7828
0004:    9  302   20   20 5 |  4207  4198   290  3606
0005:   10  303   15   30 2 |  8319  8309   504  7502
0006:   10  304    5   40 2 |  8090  8080  1932  5844
0007:   11  305   20   40 4 |  5681  5670   581  4784
0008:   20  306   20   10 2 |  8331  8311   142  7863
0009:   50  307   20   10 1 |  9151  9101   181  8613
0010:   50  307   20   10 4 |  6002  5952   141  5504
0011:   50  307   20   10 4 |  5436  5386   207  4872
0012:   50  307   20   10 1 |  9168  9118   163  8648
0013:   50  307   20   10 4 |  6006  5956   157  5492
0014:   50  307   20   10 1 |  9166  9116   148  8661
0015:   50  307   20   10 2 |  8299  8249   169  7773
0016:   50  307   20   10 2 |  8388  8338   173  7858
0017:   50  307   20   10 4 |  5578  5528   197  5024
0018:   50  307   20   10 2 |  8427  8377   131  7939
0019:   50  307   20   10 1 |  9165  9115   163  8645
0020:   50  307   20   10 4 |  5741  5691   157  5227
0021:   50  307   20   10 5 |  4486  4436   157  3972
0022:   50  307   20   10 4 |  5597  5547   143  5097
0023:   50  307   20   10 5 |  4122  4072   161  3604
0024:   50  307   20   10 2 |  8304  8254   137  7810
0025:   50  307   20   10 2 |  8238  8188   178  7703
0026:   50  307   20   10 3 |  6964  6914   138  6469
0027:   50  307   20   10 5 |  4286  4236   115  3814
0028:   50  307   20   10 2 |  8196  8146   185  7654
0029:   50  307   20   10 2 |  8237  8187   148  7732
SUM: 9168 100.00 61.11 7029.90 6456.67 0.327
