RR 2
0000:   66  100  100   47 2 |  1956  1890    33  1757
0001:   41  401   40   65 4 |  5458  5417   717  4299
0002:   84  358   86   35 2 |  4910  4826   140  4328
0003:   91  280   60   10 4 |  4359  4268    73  3915
0004:   39  414   82   82 4 |  5299  5260   352  4494
0005:    5  131   72   16 1 |  2290  2285    22  2132
0006:   38  471   25   88 3 |  5857  5819  1286  4062
0007:   54  116   89   61 3 |  2233  2179    29  2034
0008:   81  112   61   94 3 |  2384  2303   223  1968
0009:   28  331   87   28 1 |  4741  4713   136  4246
0010:   58  108   35   62 1 |  2346  2288   255  1925
0011:   43  451   92   21 3 |  5241  5198    63  4684
0012:   95  242   92   54 3 |  4041  3946   126  3578
0013:   15  180   19   83 4 |  4068  4053  1141  2732
0014:   68  403   40   21 4 |  5214  5146   206  4537
0015:   46  457   52   76 2 |  5579  5533   876  4200
0016:    0  359   84   14 2 |  4778  4778    37  4382
0017:   18  162   63   28 2 |  2758  2740    38  2540
0018:   58  262   80   23 4 |  4134  4076    42  3772
0019:    1  179   15   55 4 |  3363  3362   459  2724
SUM: 5857 94.19 67.08 4004.00 3415.45 0.341
