RR 2
0000:   10  238   38   45 2 |  4499  4489   283  3968
0001:   39  411   43  100 4 |  6333  6294   655  5228
0002:   50  469   67   21 2 |  6314  6264   114  5681
0003:   72  371   19   18 4 |  6076  6004   389  5244
0004:   10  163   78   89 4 |  3097  3087   204  2720
0005:   33  376   71   10 1 |  5851  5818    59  5383
0006:   52  285   11   23 3 |  5657  5605   586  4734
0007:   98  442   21   76 3 |  6732  6634  1542  4650
0008:   30  344   78   51 3 |  5694  5664   139  5181
0009:   96  329   92   72 1 |  5641  5545   248  4968
0010:    0  231   30   68 1 |  4576  4576   544  3801
0011:   43  290   75   95 3 |  5270  5227   296  4641
0012:   77  433   73   89 3 |  6362  6285   512  5340
0013:    8  308   90   45 4 |  5269  5261   162  4791
0014:   92  446  100   43 4 |  6282  6190   175  5569
0015:    2  235   61   47 2 |  4336  4334   248  3851
0016:   22  381   20   48 2 |  6313  6291   871  5039
0017:   19  276   25   29 2 |  5042  5023   243  4504
0018:   58  251   68   97 4 |  4738  4680   247  4182
0019:   61  172   48   38 4 |  3476  3415   192  3051
SUM: 6732 95.83 68.73 5334.30 4626.30 0.297
