PREPRIO 4
0000:   51  248   97   65 2 |  5276  5225   113  4864
0001:   12  287   19   71 4 |  2981  2969   912  1770
0002:   81  358   84  100 2 |  5871  5790   532  4900
0003:   74  283   64   52 4 |  4027  3953   114  3556
0004:   80  382   24   47 4 |  4474  4394   620  3392
0005:   89  120   45   73 1 |  5241  5152   156  4876
0006:   93  281   37   93 3 |  4549  4456   704  3471
0007:   72  292   87   74 3 |  4898  4826   189  4345
0008:   81  250   63   65 3 |  4680  4599   133  4216
0009:   49  401   12   29 1 |  6470  6421   931  5089
0010:    9  295   55   90 1 |  6106  6097   546  5256
0011:   73  329   33   73 3 |  4881  4808   728  3751
0012:   41  442   17   74 3 |  6024  5983  2209  3332
0013:   84  295   87   81 4 |  4287  4203   493  3415
0014:   37  368   44   27 4 |  4412  4375   251  3756
0015:   38  214   84   82 2 |  5195  5157   246  4697
0016:   40  448   38   18 2 |  5732  5692   226  5018
0017:   16  121   96   36 2 |  4167  4151    19  4011
0018:   76  301   37   51 4 |  3556  3480   282  2897
0019:   20  370   50   28 4 |  4583  4563   217  3976
SUM: 6470 94.05 78.83 4814.70 4029.40 0.309
