PRIO 5
0000:   87  387   16   42 3 |  3794  3707   826  2494
0001:   35  197   81   72 2 |  4347  4312   169  3946
0002:   98  254   35   84 1 |  6337  6239   669  5316
0003:   88  308   83   17 3 |  4625  4537    73  4156
0004:   40  328   64   86 2 |  5590  5550   300  4922
0005:   18  422   38   31 3 |  5053  5035   231  4382
0006:   16  363   58   89 3 |  4812  4796   761  3672
0007:   48  264   60   59 1 |  6209  6161   294  5603
0008:   13  465   30   42 3 |  4803  4790   576  3749
0009:   90  355   52   51 3 |  4673  4583   459  3769
0010:   49  220   31   19 1 |  5883  5834   108  5506
0011:   47  461   44   84 1 |  6701  6654   620  5573
0012:   75  302   21   17 2 |  5035  4960   201  4457
0013:   71  298   85   53 1 |  6242  6171    89  5784
0014:   97  403   96   55 3 |  5124  5027   437  4187
0015:   94  245   38   46 2 |  4972  4878   294  4339
0016:   73  162   43   95 1 |  5504  5431   232  5037
0017:   45  427   21   43 1 |  6708  6663   723  5513
0018:   81  339   84   19 3 |  4537  4456   100  4017
0019:    6  377   79   26 2 |  5788  5782   107  5298
SUM: 6708 98.05 65.38 5278.30 4586.00 0.298
