PRIO 5
0000:   14  157   28   12 3 |  1737  1723    41  1525
0001:   34  426   94   38 2 |  5441  5407    49  4932
0002:   45  345   66   94 1 |  6463  6418   851  5222
0003:   10  338   49   84 3 |  3549  3539   505  2696
0004:   66  420   76   78 2 |  5361  5295   534  4341
0005:   88  395   11  100 3 |  4507  4419  3299   725
0006:    0  270   61   31 3 |  3121  3121   188  2663
0007:    1  252   20   81 1 |  5833  5832   928  4652
0008:   99  309   30   96 3 |  3522  3423   990  2124
0009:    6  243   17   28 3 |  1870  1864   348  1273
0010:    0  308   64   25 1 |  5890  5890   110  5472
0011:    4  131   86   56 1 |  4540  4536     7  4398
0012:    5  189   90   31 2 |  3757  3752    28  3535
0013:   32  445   95   94 1 |  6356  6324   357  5522
0014:   48  426   73   80 3 |  4367  4319   322  3571
0015:   76  331   28   81 2 |  4784  4708   706  3671
0016:   35  397  100   38 1 |  6256  6221   166  5658
0017:   53  440   66   79 1 |  6413  6360   625  5295
0018:    5  133   29   79 3 |  1686  1681   359  1189
0019:   65  437   23   79 2 |  5475  5410  1538  3435
SUM: 6463 98.90 87.34 4512.10 3594.95 0.309
