PRIO 5
0000:   31  406   16   70 3 |  4366  4335  1640  2289
0001:   61  369   40   86 2 |  5447  5386   709  4308
0002:   67  454   77   99 1 |  6645  6578   653  5471
0003:   14  210   66   56 3 |  2679  2665   244  2211
0004:  100  389   76   66 2 |  5497  5397   287  4721
0005:    3  155   42   40 3 |  1668  1665   107  1403
0006:   86  370   79   67 3 |  4516  4430   206  3854
0007:   37  441   75   50 1 |  6587  6550   376  5733
0008:   17  400   82   24 3 |  4513  4496   130  3966
0009:   94  444   42   72 3 |  4525  4431   743  3244
0010:   98  116   25   16 1 |  4137  4039    65  3858
0011:    0  243   60   61 1 |  5833  5833   310  5280
0012:    4  336   68   58 2 |  5132  5128   108  4684
0013:   83  391   33   59 1 |  6717  6634   868  5375
0014:   55  250   17   34 3 |  2757  2702   465  1987
0015:   88  498   55   91 2 |  6015  5927   519  4910
0016:   53  169   66   72 1 |  5294  5241   130  4942
0017:   87  285   60   33 1 |  6081  5994   159  5550
0018:  100  185   93   71 3 |  2628  2528   178  2165
0019:   16  489   67   67 2 |  5985  5969   460  5020
SUM: 6717 98.26 73.38 4796.40 4048.55 0.298
