RR 2
0000:   75  341   35   61 2 |  5602  5527   639  4547
0001:   73  368   24   48 4 |  5806  5733   708  4657
0002:   88  337   66   34 2 |  5363  5275   205  4733
0003:   66  308   42   94 4 |  5303  5237   494  4435
0004:   80  335   56   20 4 |  5283  5203   101  4767
0005:   93  467   63   99 1 |  6062  5969   583  4919
0006:   60  149   52   25 3 |  2852  2792    66  2577
0007:   55  112   23   20 3 |  2251  2196    93  1991
0008:   35  288   44   68 3 |  4828  4793   225  4280
0009:   24  365   34   76 1 |  5623  5599   552  4682
0010:   42  246   12   33 1 |  4839  4797   613  3938
0011:   94  432   15   49 3 |  6272  6178  1289  4457
0012:    3  317   74   80 3 |  4916  4913   261  4335
0013:   64  349   48   44 4 |  5459  5395   295  4751
0014:   80  186   77  100 4 |  3584  3504   255  3063
0015:   19  477   57   80 2 |  6024  6005   627  4901
0016:   37  139   81   20 2 |  2530  2493    12  2342
0017:   94  272   72   89 2 |  4845  4751   369  4110
0018:   51  151   57   28 4 |  2901  2850    86  2613
0019:   48  447   44   71 4 |  6048  6000   710  4843
SUM: 6272 97.03 72.82 4760.50 4047.05 0.319
