PREPRIO 4
0000:    3  365   29   43 2 |  5463  5460   506  4589
0001:   51  259   51   58 4 |  3067  3016   357  2400
0002:   16  105   90   47 2 |  3473  3457    47  3305
0003:   55  267   51   92 4 |  3592  3537   447  2823
0004:   85  288   86   50 4 |  4054  3969   110  3571
0005:    7  123   65   97 1 |  5082  5075   119  4833
0006:   96  361   56   71 3 |  5022  4926   445  4120
0007:   18  203   41   45 3 |  3440  3422   225  2994
0008:   24  303   79   10 3 |  4766  4742    37  4402
0009:   88  377   11   81 1 |  7426  7338  2745  4216
0010:   81  421   25   95 1 |  6821  6740  1645  4674
0011:   44  347   33   63 3 |  4851  4807   877  3583
0012:   87  122   45   88 3 |  2311  2224   145  1957
0013:   74  323   32   58 4 |  3748  3674   634  2717
0014:   65  469   43   22 4 |  4842  4777   159  4149
0015:   23  342   49   55 2 |  5512  5489   515  4632
0016:    2  470   82   34 2 |  5620  5618   167  4981
0017:   22  170   65   76 2 |  4454  4432   160  4102
0018:   30  342   68   82 4 |  4277  4247   319  3586
0019:   58  385   89   82 4 |  4693  4635   497  3753
SUM: 7426 81.36 77.61 4579.25 3769.35 0.269
