FCFS
0000:   68  290   30   12 2 |  5467  5399   141  4968
0001:   99  436   43   82 4 |  5873  5774   936  4402
0002:   26  224   69   26 2 |  3878  3852    96  3532
0003:   39  487   59   65 4 |  5404  5365   531  4347
0004:   45  109   23   87 4 |  4145  4100   423  3568
0005:   56  142   15   68 1 |  5338  5282   705  4435
0006:   98  293   78   60 3 |  3268  3170   166  2711
0007:   33  211   29   29 3 |  4989  4956   174  4571
0008:   64  356   62   92 3 |  5048  4984   497  4131
0009:    9  481   94   60 1 |  4463  4454   410  3563
0010:   34  431   89   70 1 |  4125  4091   320  3340
0011:   61  332   11   94 3 |  7623  7562  2771  4459
0012:   64  117   85   27 3 |  2225  2161    59  1985
0013:   89  140   38   54 4 |  3497  3408   169  3099
0014:   58  371   60   77 4 |  5037  4979   450  4158
0015:   89  357   61   55 2 |  5241  5152   304  4491
0016:   29  182   80   95 2 |  2013  1984   127  1675
0017:   40  206   94   74 2 |  2657  2617   145  2266
0018:   95  173   85   90 4 |  1833  1738    45  1520
0019:   37  489   68   56 4 |  4972  4935   361  4085
SUM: 7623 76.44 78.68 4298.15 3565.30 0.262
