LCFS
0000:   77  207   72   41 2 |   872   795    91   497
0001:   66  394   37   55 4 |  3468  3402   524  2484
0002:   42  439   83   79 2 |  1297  1255   342   474
0003:   37  379   92   23 4 |  4530  4493    59  4055
0004:   94  142   25   47 4 |  1091   997   186   669
0005:    4  176   47   44 1 |  4922  4918    78  4664
0006:   55  126   16   55 3 |  3870  3815   419  3270
0007:   93  463   31   57 3 |  2069  1976   700   813
0008:   11  149   73   13 3 |  4289  4278    25  4104
0009:    0  285   50   34 1 |  1713  1713   196  1232
0010:   32  141   49   92 1 |  4802  4770   239  4390
0011:   61  418   55   13 3 |  3763  3702    93  3191
0012:   60  163   63   82 3 |  4522  4462   316  3983
0013:   41  331   90   86 4 |  3723  3682   214  3137
0014:   97  104   22   44 4 |  1120  1023   265   654
0015:   50  206   91   62 2 |  3049  2999   202  2591
0016:   19  482   17   19 2 |  5940  5921   496  4943
0017:   61  208   78   68 2 |  2473  2412    68  2136
0018:    8  310   39   75 4 |  5775  5767   807  4650
0019:   67  461   52   37 4 |  2409  2342   208  1673
SUM: 5940 94.01 67.46 3236.10 2680.50 0.337
