LCFS
0000:   67  110   80   83 2 |  1966  1899   109  1680
0001:   25  497   81   29 4 |  4576  4551    56  3998
0002:   48  390   71   13 2 |  2947  2899    74  2435
0003:   44  211   31   28 4 |  3592  3548   222  3115
0004:   40  495   71   36 4 |  5465  5425   269  4661
0005:   31  440   68   61 1 |  5112  5081   340  4301
0006:   78  159   81   99 3 |  2084  2006   275  1572
0007:   20  266   92   78 3 |  5620  5600   111  5223
0008:   47  192   36   67 3 |  3745  3698   319  3187
0009:   45  485   25   45 1 |  6052  6007  1096  4426
0010:    8  197   50   37 1 |  2224  2216   114  1905
0011:   88  205   74   94 3 |  1501  1413   224   984
0012:   70  163   75   60 3 |   478   408   163    82
0013:  100  347   97   44 4 |  1425  1325    98   880
0014:   20  164   88   35 4 |  4916  4896    42  4690
0015:    9  421   39   56 2 |  6618  6609   627  5561
0016:   69  250   58   48 2 |  2183  2114   162  1702
0017:   56  348   50   41 2 |  3301  3245   236  2661
0018:   56  391  100   93 4 |  1025   969   330   248
0019:   98  394   64   64 4 |  1676  1578   342   842
SUM: 6618 92.55 60.06 3274.35 2707.65 0.302
