PRIO 2
0000:   52  485   41   87 2 |  6573  6521  1087  4949
0001:   71  346   53   87 4 |  4289  4218   666  3206
0002:   33  235   65   15 2 |  5219  5186    38  4913
0003:   31  498   28   26 4 |  4971  4940   546  3896
0004:   64  435   36   54 4 |  5186  5122   569  4118
0005:   88  493   37   32 1 |  6596  6508   307  5708
0006:   70  239   91   54 3 |  4197  4127   105  3783
0007:   55  391   69   30 3 |  5425  5370    95  4884
0008:   27  335   99   55 3 |  5169  5142   169  4638
0009:   59  168   89   38 1 |  5782  5723    94  5461
0010:   43  481   37   44 1 |  6723  6680   518  5681
0011:  100  306   71   68 3 |  5058  4958   507  4145
0012:   22  444   99   35 3 |  5697  5675   148  5083
0013:   86  161   53   36 4 |  2399  2313   112  2040
0014:   63  318   11   17 4 |  2859  2796   588  1890
0015:   87  282   15   33 2 |  5431  5344   616  4446
0016:   18  261   52   37 2 |  5430  5412   185  4966
0017:   96  299   76   77 2 |  5707  5611   383  4929
0018:   55  167   74   80 4 |  2473  2418   117  2134
0019:   58  196   88   60 4 |  2938  2880    15  2669
SUM: 6723 97.28 64.18 4847.20 4176.95 0.297
