PREPRIO 4
0000:   34  487   67   15 2 |  6050  6016   125  5404
0001:   86  304   80   90 4 |  4206  4120   234  3582
0002:   86  388   71   82 2 |  5987  5901   431  5082
0003:   79  469   24   26 4 |  4488  4409   514  3426
0004:   29  304   30   72 4 |  3734  3705   614  2787
0005:   76  168   26   48 1 |  5469  5393   262  4963
0006:   89  212   71   31 3 |  3877  3788    80  3496
0007:   16  448   11   84 3 |  5977  5961  3041  2472
0008:   86  276   92   70 3 |  4809  4723   203  4244
0009:   49  454   74   51 1 |  6470  6421   244  5723
0010:   93  355   54   10 1 |  6252  6159    72  5732
0011:   41  247   51   84 3 |  4269  4228   399  3582
0012:   17  429   63   40 3 |  5387  5370   172  4769
0013:    8  348   16   10 4 |  2509  2501   201  1952
0014:   12  137   76   60 4 |  1910  1898   144  1617
0015:   74  304   23   16 2 |  5329  5255   209  4742
0016:   77  270   68   68 2 |  5367  5290   318  4702
0017:   83  187   39   33 2 |  4587  4504   128  4189
0018:   46  353   27   54 4 |  3472  3426   599  2474
0019:   88  228   76   52 4 |  3628  3540   164  3148
SUM: 6470 98.42 75.97 4630.40 3904.30 0.309
