PRIO 2
0000:   49  129   81   13 2 |  3515  3466    12  3325
0001:   83  407   79   95 4 |  4787  4704   490  3807
0002:   13  335   26   48 2 |  5382  5369   539  4495
0003:   27  434   39   60 4 |  4899  4872   899  3539
0004:    3  437   50   64 4 |  4783  4780   491  3852
0005:   12  350   33   14 1 |  5938  5926   142  5434
0006:   89  132   61   79 3 |  2495  2406   450  1824
0007:   70  483   54   78 3 |  5734  5664   789  4392
0008:   78  325   74   15 3 |  4794  4716    74  4317
0009:   92  437   50   60 1 |  6245  6153   411  5305
0010:   48  487   90   35 1 |  6240  6192   172  5533
0011:   55  204   64   68 3 |  3538  3483   135  3144
0012:   71  310   50   71 3 |  4636  4565   459  3796
0013:   52  258   25   92 4 |  3683  3631  1025  2348
0014:   29  491   82   97 4 |  5158  5129   569  4069
0015:    8  156   68   33 2 |  3935  3927    63  3708
0016:   59  186   96   41 2 |  4394  4335   208  3941
0017:   54  259   11   67 2 |  5366  5312  1463  3590
0018:   47  221   67   31 4 |  2838  2791   123  2447
0019:   42  163   37   60 4 |  2226  2184   273  1748
SUM: 6245 99.34 74.68 4480.25 3730.70 0.320
