RR 2
0000:   61  306   48   75 2 |  4987  4926   355  4265
0001:   24  325   37   41 4 |  5007  4983   333  4325
0002:   21  281   90   90 2 |  4737  4716   348  4087
0003:   96  444   90   67 4 |  5442  5346   262  4640
0004:   66  217   95   84 4 |  4097  4031   288  3526
0005:   37  463   31   66 1 |  5791  5754   951  4340
0006:    4  348   87   56 3 |  5057  5053   216  4489
0007:   57  200   16   43 3 |  4199  4142   597  3345
0008:   20  444   33   48 3 |  5643  5623   647  4532
0009:   57  120   60   33 1 |  2393  2336    93  2123
0010:   52  230   94   35 1 |  4018  3966    40  3696
0011:   46  249   11   15 3 |  4616  4570   350  3971
0012:   70  478   40   98 3 |  6052  5982  1471  4033
0013:   13  218  100   57 4 |  3859  3846   151  3477
0014:   73  164   98   62 4 |  3158  3085   107  2814
0015:   73  439   23   50 2 |  5793  5720  1138  4143
0016:    1  165   97   14 2 |  2808  2807    30  2612
0017:   20  291   83   29 2 |  4610  4590    76  4223
0018:   79  167   77   80 4 |  3367  3288   265  2856
0019:   87  248   90   99 4 |  4470  4383   355  3780
SUM: 6052 95.79 78.82 4457.35 3763.85 0.330
