PRIO 5
0000:   35  485   27   53 3 |  4514  4479   837  3157
0001:   67  130   67   81 2 |  2693  2626   221  2275
0002:   99  314   69   24 1 |  5479  5380   155  4911
0003:   57  329   31   76 3 |  3663  3606   858  2419
0004:   12  320  100   73 2 |  4829  4817   230  4267
0005:   94  394   86   83 3 |  4345  4251   293  3564
0006:   39  156   38   66 3 |  2077  2038   343  1539
0007:   77  188   35   64 1 |  4991  4914   293  4433
0008:   37  224   45   37 3 |  2440  2403   183  1996
0009:   66  187   24   26 3 |  1891  1825   195  1443
0010:   23  436   31   18 1 |  5649  5626   291  4899
0011:   14  188   33   66 1 |  5073  5059   348  4523
0012:   60  230   36   10 2 |  3936  3876    48  3598
0013:   71  227   41   53 1 |  5289  5218   330  4661
0014:   76  318   93   97 3 |  4131  4055   316  3421
0015:    6  405   87   60 2 |  5235  5229   160  4664
0016:   71  112   24   10 1 |  3910  3839    31  3696
0017:   27  231   18   87 1 |  5386  5359   906  4222
0018:    1  476   67   15 3 |  4677  4676    96  4104
0019:   57  203   75   54 2 |  3935  3878    91  3584
SUM: 5649 98.30 67.68 4157.70 3568.80 0.354
