LCFS
0000:   40  388   65   74 2 |  3308  3268   215  2665
0001:   37  318   18   27 4 |  5672  5635   428  4889
0002:   33  264   95   92 2 |  3701  3668   277  3127
0003:   89  184   27   96 4 |  1590  1501   679   638
0004:   99  322   87   53 4 |   670   571   141   108
0005:   23  188   52   82 1 |  4310  4287   227  3872
0006:   79  407   64   37 3 |  1939  1860   239  1214
0007:   22  227   59   33 3 |  3810  3788    94  3467
0008:   68  269   75  100 3 |  1944  1876   158  1449
0009:   25  422   34   21 1 |  5005  4980   250  4308
0010:   17  241   34   13 1 |  5188  5171   109  4821
0011:   42  211   70   72 3 |  2852  2810   250  2349
0012:   63  139   46   46 3 |  2403  2340   125  2076
0013:   17  209   92   61 4 |  4523  4506    71  4226
0014:    0  264   72   16 4 |   407   407    29   114
0015:   41  424   89   66 2 |  3379  3338   416  2498
0016:   85  358   67   44 2 |  1888  1803   255  1190
0017:   44  398   13   26 2 |  5673  5629   774  4457
0018:  100  151   19   88 4 |  2178  2078   481  1446
0019:   15  280   85   99 4 |  5785  5770   260  5230
SUM: 5785 97.91 64.04 3264.30 2707.20 0.346
