PRIO 5
0000:   31  459   34   85 3 |  4999  4968  1018  3491
0001:   40  397   88   48 2 |  6073  6033   238  5398
0002:   18  446   69   76 1 |  7457  7439   740  6253
0003:   78  395   17   80 3 |  4204  4126  1731  2000
0004:   44  245   70   69 2 |  5073  5029   219  4565
0005:   33  352   51   55 3 |  4537  4504   257  3895
0006:   26  486   47   86 3 |  5747  5721   878  4357
0007:   67  159   82   20 1 |  5675  5608    55  5394
0008:   78  166   86   94 3 |  2547  2469   108  2195
0009:   77  447   77   21 3 |  5425  5348   201  4700
0010:   16  443   94   70 1 |  6974  6958   216  6299
0011:   28  299   68   51 1 |  6581  6553   144  6110
0012:   54  471   77   89 2 |  6405  6351   637  5243
0013:   84  465   70   72 1 |  7057  6973   340  6168
0014:   40  489   27   99 3 |  5354  5314  1485  3340
0015:   79  204   24   77 2 |  3791  3712   728  2780
0016:   82  235   27   61 1 |  6296  6214   539  5440
0017:   37  236   80   97 1 |  6446  6409   307  5866
0018:   75  471   40   56 3 |  5058  4983   581  3931
0019:   46  209   65   52 2 |  4559  4513    90  4214
SUM: 7457 94.86 76.40 5461.25 4581.95 0.268
