RR 5
0000:   68  177   60   52 2 |  3429  3361   189  2995
0001:   46  377   35   36 4 |  5730  5684   279  5028
0002:   29  144   69   66 2 |  2763  2734   136  2454
0003:   55  409   11   85 4 |  7081  7026  2351  4266
0004:   69  458   52   97 4 |  6292  6223   660  5105
0005:   57  200   70   77 1 |  3787  3730   235  3295
0006:   23  352   98   20 3 |  5204  5181    93  4736
0007:   31  497   93   56 3 |  6193  6162   208  5457
0008:   70  351   36   12 3 |  5377  5307   121  4835
0009:    0  465   41   19 1 |  6064  6064   182  5417
0010:   25  496   54   88 1 |  6441  6416   834  5086
0011:   74  318   89   55 3 |  4950  4876   171  4387
0012:    4  153   55   89 3 |  2911  2907   299  2455
0013:   58  449   61   24 4 |  6036  5978   159  5370
0014:   37  429   30   68 4 |  6280  6243   989  4825
0015:   83  214   71   36 2 |  3926  3843   149  3480
0016:   53  454  100   90 2 |  6052  5999   253  5292
0017:   53  147   22   38 2 |  3278  3225   289  2789
0018:   20  140   32   62 4 |  2923  2903   240  2523
0019:   14  211   97   31 4 |  3581  3567    83  3273
SUM: 7081 90.96 69.44 4871.45 4153.40 0.282
