LCFS
0000:   64  500   23   11 2 |  4801  4737   213  4024
0001:   33  172   58   59 4 |  4022  3989   122  3695
0002:   79  306   27   46 2 |  2388  2309   411  1592
0003:   82  378   97   56 4 |  1072   990   194   418
0004:   79  364   73   91 4 |  2017  1938   542  1032
0005:   87  176   56   71 1 |  1340  1253   281   796
0006:   22  100   32   79 3 |  4337  4315    97  4118
0007:    5  387   81   60 3 |  5794  5789   377  5025
0008:    3  162   62   90 3 |   821   818   335   321
0009:   68  268   44   81 1 |  3545  3477   464  2745
0010:   65  282   42   95 1 |  4024  3959   697  2980
0011:   74  212   38   93 3 |  2097  2023   565  1246
0012:    9  352   41   73 3 |  5402  5393   497  4544
0013:   74  300   13   96 4 |  4778  4704  1658  2746
0014:   27  215   84   80 4 |   440   413    83   115
0015:   56  154   72   80 2 |  3325  3269   115  3000
0016:    8  378   44  100 2 |  5959  5951   691  4882
0017:   73  321   28   71 2 |  4071  3998   842  2835
0018:   69  499   29   88 4 |  5081  5012  1329  3184
0019:    5  177   32   39 4 |  2872  2867   229  2461
SUM: 5959 95.70 84.58 3360.20 2587.95 0.336
