PREPRIO 2
0000:    4  388   70   83 2 |  5499  5495   284  4823
0001:    4  452   66   27 5 |  3926  3922   203  3267
0002:   33  191   61   51 3 |  3279  3246   198  2857
0003:   94  236   91   61 2 |  4651  4557    86  4235
0004:   99  282   63   61 5 |  2954  2855    90  2483
0005:   59  481   67   97 2 |  5872  5813   637  4695
0006:   97  256   93   39 2 |  4793  4696    93  4347
0007:   60  199   61   71 4 |  2719  2659   212  2248
0008:   95  120   41   41 2 |  3101  3006   140  2746
0009:    0  299   51   12 1 |  5826  5826    60  5467
0010:   40  337   94   56 4 |  3932  3892   268  3287
0011:   17  343   28   36 4 |  3620  3603   453  2807
0012:   21  406   85   33 1 |  6019  5998   147  5445
0013:   22  447   71   92 4 |  4560  4538   647  3444
0014:   18  245   82   16 1 |  5707  5689    60  5384
0015:   39  209   47   68 2 |  4435  4396   199  3988
0016:   93  321   22   79 2 |  5458  5365  1095  3949
0017:   29  228   27   20 4 |  2560  2531   164  2139
0018:   75  362   53   58 2 |  5414  5339   300  4677
0019:   91  171  100   69 1 |  5340  5249    80  4998
SUM: 6019 99.24 58.91 4433.75 3864.30 0.332
