SRTF
0000:   46  297   87   59 2 |  2501  2455   179  1979
0001:   90  106   80   76 4 |   420   330   104   120
0002:   19  207   21   30 2 |  1571  1552   345  1000
0003:   82  496   14   26 4 |  6690  6608   911  5201
0004:   56  294   97   69 4 |  2148  2092   157  1641
0005:   56  109   37   77 1 |   526   470   114   247
0006:    5  379   31   89 3 |  5417  5412  1227  3806
0007:   65  162   27   87 3 |  1232  1167   512   493
0008:   71  249   93   93 3 |  1588  1517   179  1089
0009:    5  444   22   65 1 |  6000  5995  1268  4283
0010:   12  466   79   27 1 |  4765  4753   186  4101
0011:   87  232   19   15 3 |  1646  1559   191  1136
0012:  100  246   30   49 3 |  1991  1891   347  1298
0013:    0  426   74   20 4 |  3256  3256    98  2732
0014:    4  321   60   68 4 |  3127  3123   434  2368
0015:   17  434   66   55 2 |  4138  4121   289  3398
0016:   40  115   89   74 2 |   304   264    91    58
0017:   95  344   59   66 2 |  3518  3423   394  2685
0018:   82  468   47   25 4 |  5377  5295   220  4607
0019:   21  200   79   60 4 |   833   812   140   472
SUM: 6690 89.61 72.99 2804.75 2135.70 0.299
