FCFS
0000:   81  228   57   52 2 |  3081  3000   147  2625
0001:   85  338   46   37 4 |  5186  5101   377  4386
0002:   68  252   39   71 2 |  4589  4521   485  3784
0003:    2  210   32   68 4 |  4415  4413   260  3943
0004:    2  271   35   19 4 |  5200  5198   225  4702
0005:   28  488   54   89 1 |  5415  5387   893  4006
0006:   12  253   52   85 3 |  3890  3878   412  3213
0007:   24  240   27   11 3 |  5033  5009    96  4673
0008:   70  202   18   50 3 |  5259  5189   498  4489
0009:   22  214   41   28 1 |  4059  4037   124  3699
0010:   48  479   21   63 1 |  6511  6463  1423  4561
0011:   63  466   15   54 3 |  6696  6633  1437  4730
0012:   88  419   51   91 3 |  5237  5149   702  4028
0013:   37  366  100   91 4 |  3986  3949   510  3073
0014:   79  377   32   33 4 |  5436  5357   422  4558
0015:   89  241   77   74 2 |  3120  3031   188  2602
0016:   77  208   48   89 2 |  3464  3387   334  2845
0017:   22  391   94   13 2 |  3102  3080    36  2653
0018:   38  141   70   78 4 |  1736  1698    79  1478
0019:   83  157   57   86 4 |  1946  1863   108  1598
SUM: 6696 88.72 77.39 4317.15 3582.30 0.299
