RR 2
0000:   98  325   94   58 2 |  5244  5146   207  4614
0001:   78  353   69   73 4 |  5494  5416   292  4771
0002:   33  205   79   74 2 |  3702  3669   127  3337
0003:   42  235   30   88 4 |  4542  4500   634  3631
0004:   90  361   79   18 4 |  5453  5363    62  4940
0005:   80  206   89   74 1 |  3731  3651   115  3330
0006:   50  418   42   90 3 |  6032  5982  1008  4556
0007:   27  147   60   38 3 |  2676  2649    86  2416
0008:   30  396   14   72 3 |  6414  6384  1959  4029
0009:    5  342   10   43 1 |  5956  5951  1493  4116
0010:    3  351   94   40 1 |  5259  5256    80  4825
0011:   12  196   12   60 3 |  4073  4061   654  3211
0012:   57  257   77   92 3 |  4592  4535   313  3965
0013:   41  278   33   35 4 |  4873  4832   339  4215
0014:   98  168   26   61 4 |  3493  3395   358  2869
0015:   46  303   20   62 2 |  5474  5428   785  4340
0016:    2  422   18   50 2 |  6035  6033   961  4650
0017:  100  337   22   42 2 |  5629  5529   643  4549
0018:   29  431   15   62 4 |  6216  6187  1335  4421
0019:   84  310   50   88 4 |  5407  5323   576  4437
SUM: 6414 94.18 87.39 4964.50 4061.10 0.312
