PRIO 5
0000:   84  249   91   89 3 |  3675  3591   226  3116
0001:   25  319   75   33 2 |  5345  5320   116  4885
0002:    9  266   44   83 1 |  6056  6047   184  5597
0003:  100  411   88   22 3 |  5029  4929   122  4396
0004:   99  387   18   29 2 |  5237  5138   612  4139
0005:   92  267   52   65 3 |  3533  3441   460  2714
0006:   30  287   77   79 3 |  3827  3797   294  3216
0007:   66  456   81   11 1 |  6798  6732    53  6223
0008:   76  447   20   57 3 |  4512  4436  1103  2886
0009:   60  464   97   20 3 |  5221  5161    78  4619
0010:   88  313   20   71 1 |  6506  6418   982  5123
0011:   52  385   76   99 1 |  6790  6738   389  5964
0012:   50  469   30   12 2 |  5583  5533   179  4885
0013:   46  237   28   35 1 |  6072  6026   374  5415
0014:   80  320   70   42 3 |  4046  3966   187  3459
0015:   61  190   99   33 2 |  4150  4089   126  3773
0016:   17  444   72   88 1 |  6872  6855   503  5908
0017:    1  479   94   84 1 |  6934  6933   364  6090
0018:   80  352   96   19 3 |  4311  4231   109  3770
0019:   34  161   26   82 2 |  3298  3264   501  2602
SUM: 6934 99.55 65.55 5132.25 4439.00 0.288
