RR 2
0000:    1  337   94   46 2 |  4622  4621   131  4153
0001:   41  244   18   75 4 |  4812  4771  1213  3314
0002:   28  379   96   38 2 |  4916  4888   114  4395
0003:   83  271   98   62 4 |  4276  4193   137  3785
0004:   69  214   21   14 4 |  3799  3730   145  3371
0005:   95  268   85   80 1 |  4323  4228   207  3753
0006:   44  460   41   39 3 |  5127  5083   353  4270
0007:   22  328   82   40 3 |  4650  4628   113  4187
0008:   36  351   50   87 3 |  5021  4985   641  3993
0009:   14  239   76   42 1 |  3898  3884   119  3526
0010:   22  139   46   74 1 |  2658  2636   115  2382
0011:   90  413   88   58 3 |  4984  4894   227  4254
0012:   83  137   32   97 3 |  3129  3046   545  2364
0013:   32  369   73   44 4 |  4929  4897   254  4274
0014:   22  166   95   51 4 |  3010  2988    93  2729
0015:    7  159   93   66 2 |  2846  2839   121  2559
0016:   20  252   65   83 2 |  4062  4042   186  3604
0017:   83  114   32   72 2 |  2646  2563   408  2041
0018:   74  124   42   93 4 |  2687  2613   291  2198
0019:   34  112   99   65 4 |  2119  2085    57  1916
SUM: 5127 99.01 64.44 3880.70 3353.40 0.390
