PREPRIO 2
0000:   10  380   84   82 2 |  5521  5511   207  4924
0001:   86  143   91   15 5 |  1467  1381    19  1219
0002:   87  302   90   48 3 |  4251  4164   155  3707
0003:   36  269   97   48 2 |  4780  4744    89  4386
0004:   95  311   56   29 5 |  2730  2635   195  2129
0005:   40  291   78   50 2 |  4978  4938   119  4528
0006:   75  112   63   80 2 |  2817  2742   184  2446
0007:   51  325   50   59 4 |  3616  3565   403  2837
0008:   71  177   73   86 2 |  3921  3850   220  3453
0009:   74  209   68   63 1 |  5633  5559   120  5230
0010:   74  500   28   52 4 |  4478  4404   830  3074
0011:   49  420   19   82 4 |  4371  4322  1685  2217
0012:   28  381   12   33 1 |  6396  6368  1080  4907
0013:   45  248   73   48 4 |  2804  2759   235  2276
0014:    8  371   92   67 1 |  6181  6173   390  5412
0015:   40  418   31   11 2 |  5518  5478   160  4900
0016:   29  451   72   84 2 |  5803  5774   448  4875
0017:    3  105   76   22 4 |  1363  1360    22  1233
0018:   50  400   70   84 2 |  5651  5601   525  4676
0019:   24  482   19   43 1 |  6536  6512   766  5264
SUM: 6536 96.31 70.55 4392.00 3684.65 0.306
