PRIO 2
0000:   59  298   58   97 2 |  5106  5047   378  4371
0001:   79  339   17   93 4 |  4565  4486  1910  2237
0002:   69  444   78   84 2 |  5863  5794   488  4862
0003:   33  131   22   45 4 |  1529  1496   368   997
0004:   43  145   81   37 4 |  1980  1937    60  1732
0005:   85  189   79   96 1 |  5477  5392   156  5047
0006:   88  244   27   87 3 |  3835  3747   611  2892
0007:   94  421   68   10 3 |  4950  4856    63  4372
0008:   75  186   37   62 3 |  2994  2919   213  2520
0009:   78  215   91   32 1 |  5555  5477    12  5250
0010:   14  354   50   13 1 |  5844  5830    65  5411
0011:   59  346   65   82 3 |  4776  4717   307  4064
0012:   42  242   74   34 3 |  3792  3750   156  3352
0013:   70  209   88   62 4 |  2690  2620   123  2288
0014:   69  417   74   60 4 |  4478  4409   243  3749
0015:   97  187   44   26 2 |  4070  3973   101  3685
0016:   97  404   45   50 2 |  5599  5502   372  4726
0017:   47  469   92   83 2 |  5814  5767   346  4952
0018:   47  198   78   86 4 |  2606  2559   169  2192
0019:   29  400   46   66 4 |  4370  4341   504  3437
SUM: 5863 99.57 69.76 4230.95 3606.80 0.341
