PREPRIO 4
0000:   21  308   81   27 2 |  6101  6080   103  5669
0001:   53  315   49   34 4 |  3778  3725   279  3131
0002:   55  269   99   44 2 |  6010  5955   105  5581
0003:   62  492   24   79 4 |  4841  4779  1488  2799
0004:   68  424   87   33 4 |  5370  5302   186  4692
0005:   28  390   95   46 1 |  6788  6760   202  6168
0006:    5  427   91   56 3 |  6056  6051   253  5371
0007:   87  356   14   53 3 |  4989  4902  1121  3425
0008:   23  367   96   38 3 |  5828  5805   138  5300
0009:   51  365   77   39 1 |  6730  6679   151  6163
0010:   83  379   34   32 1 |  6885  6802   420  6003
0011:   83  167   89   95 3 |  3572  3489   184  3138
0012:   92  397   74   63 3 |  5888  5796   264  5135
0013:    6  431   16   26 4 |  3206  3200   613  2156
0014:   19  383   94   12 4 |  4959  4940    58  4499
0015:   33  294   69   68 2 |  6107  6074   156  5624
0016:   13  173   27   95 2 |  4655  4642   590  3879
0017:   35  193   91   52 2 |  5323  5288   138  4957
0018:   38  382   94   62 4 |  5039  5001   504  4115
0019:   58  280   28   32 4 |  3184  3126   299  2547
SUM: 6885 98.65 64.34 5219.80 4517.60 0.290
