LCFS
0000:   19  271   66   51 2 |  3610  3591   177  3143
0001:   66  260   96   95 4 |  2579  2513   349  1904
0002:   18  138   16   11 2 |  5597  5579   140  5301
0003:   52  394   43   97 4 |  4336  4284   996  2894
0004:   78  254   37   14 4 |  1924  1846   125  1467
0005:   22  163   50   61 1 |  3652  3630   264  3203
0006:   49  274   61   15 3 |  2970  2921    89  2558
0007:   44  169   49   38 3 |   358   314    64    81
0008:    3  281   20   49 3 |  6402  6399   770  5348
0009:   77  360   81   12 1 |  1886  1809    45  1404
0010:   89  230   89   51 1 |   581   492   164    98
0011:   55  396   37   56 3 |  4113  4058   516  3146
0012:   72  135   17   26 3 |  3038  2966   141  2690
0013:   14  463   75   19 4 |  4534  4520   144  3913
0014:   88  331   61   57 4 |  1406  1318   186   801
0015:    3  311   92   65 2 |  5612  5609   320  4978
0016:   38  202   35   86 2 |  4847  4809   599  4008
0017:   91  364   10   84 2 |  6783  6692  2959  3369
0018:    6  435   83   75 4 |  5477  5471   330  4706
0019:    1  500   77   98 4 |  1395  1394   527   367
SUM: 6783 87.44 75.28 3510.75 2768.95 0.295
