PRIO 5
0000:   31  268   78   48 3 |  3420  3389    53  3068
0001:   70  412   70   60 2 |  5388  5318   470  4436
0002:   59  299   40   80 1 |  5678  5619   415  4905
0003:   80  116   30   71 3 |  1537  1457   198  1143
0004:   66  490   80   54 2 |  5515  5449   376  4583
0005:   75  474   90   38 3 |  4737  4662   221  3967
0006:   22  342   30   68 3 |  3367  3345   689  2314
0007:   90  227   11   88 1 |  5815  5725  1722  3776
0008:   66  470   91   11 3 |  4684  4618    78  4070
0009:   76  331   16   69 3 |  3430  3354  1425  1598
0010:   27  408   23   39 1 |  6091  6064   868  4788
0011:   32  345   64   85 1 |  5891  5859   405  5109
0012:   45  213   15   79 2 |  3855  3810  1270  2327
0013:    3  294   66   30 1 |  5610  5607   119  5194
0014:   81  261   20   16 3 |  2398  2317   156  1900
0015:   51  102   96   62 2 |  2371  2320    22  2196
0016:   81  219   69   21 1 |  5415  5334    35  5080
0017:   85  117   68   36 1 |  4037  3952    33  3802
0018:   49  177   87   36 3 |  2561  2512    79  2256
0019:   87  364   90   90 2 |  5225  5138   522  4252
SUM: 6091 97.34 77.18 4292.45 3538.20 0.328
