PREPRIO 2
0000:   77  337   85   33 2 |  4920  4843   118  4388
0001:   41  178   60   92 5 |  1906  1865   216  1471
0002:    0  450   13   13 3 |  4280  4280   420  3410
0003:   52  331   19   89 2 |  5542  5490  1611  3548
0004:   70  341   45   25 5 |  3063  2993   196  2456
0005:   91  141   45   58 2 |  3288  3197   151  2905
0006:   73  226   97   53 2 |  4375  4302   148  3928
0007:   29  184   69   55 4 |  2386  2357   120  2053
0008:   19  396   70   95 2 |  5299  5280   410  4474
0009:    9  158   29   76 1 |  5003  4994   472  4364
0010:   14  346   79   25 4 |  3695  3681   117  3218
0011:    2  107   69   29 4 |  1390  1388    47  1234
0012:   52  441   42   53 1 |  6225  6173   579  5153
0013:   14  371   86   48 4 |  3886  3872   146  3355
0014:   90  382   40   53 1 |  5992  5902   492  5028
0015:   13  487   53   93 2 |  5990  5977   904  4586
0016:   30  464   61  100 2 |  5840  5810   896  4450
0017:   33  257   79   47 4 |  3069  3036    75  2704
0018:   65  219   42   31 2 |  4234  4169   169  3781
0019:   38  236   98   89 1 |  5522  5484   200  5048
SUM: 6225 97.22 71.05 4254.65 3577.70 0.321
