SRTF
0000:   32  111   93   54 2 |   505   473    64   298
0001:   82  205   70   67 4 |  1654  1572   347  1020
0002:   17  204   99   81 2 |   732   715   156   355
0003:   33  364   94   93 4 |  2822  2789   150  2275
0004:   82  410   93   62 4 |  3413  3331   163  2758
0005:   48  412   41   61 1 |  5363  5315   760  4143
0006:   68  450   72   43 3 |  4956  4888   229  4209
0007:   92  217   28   79 3 |  2280  2188   525  1446
0008:   98  234   93   80 3 |  1435  1337   185   918
0009:   64  200   59   83 1 |  1086  1022   219   603
0010:   26  320   40   21 1 |  3225  3199   167  2712
0011:   37  131   89   20 3 |   347   310    24   155
0012:   38  465   83   97 3 |  6022  5984   677  4842
0013:   67  232   46   14 4 |  2198  2131   103  1796
0014:   64  426   82   91 4 |  4872  4808   562  3820
0015:   46  424   26   82 2 |  6504  6458  1262  4772
0016:   55  421   68   22 2 |  3754  3699    74  3204
0017:   78  197   71   90 2 |  1143  1065   230   638
0018:   41  241   70   33 4 |  1986  1945   135  1569
0019:   48  104   73   39 4 |   436   388    84   200
SUM: 6504 88.68 63.41 2680.85 2086.65 0.308
