PRIO 2
0000:   74  455   88   75 2 |  5930  5856   359  5042
0001:    9  201   20   58 4 |  2476  2467   569  1697
0002:   80  402   63   22 2 |  5560  5480    90  4988
0003:   63  186   30   29 4 |  2096  2033   263  1584
0004:   38  118   42   20 4 |  1439  1401    53  1230
0005:   80  430   23   86 1 |  7008  6928  1618  4880
0006:   15  477   67   71 3 |  5251  5236   332  4427
0007:    6  240   32   71 3 |  3940  3934   592  3102
0008:   66  366   66   30 3 |  4601  4535   144  4025
0009:   60  291   97   16 1 |  6077  6017    37  5689
0010:   35  358   94   46 1 |  6236  6201   192  5651
0011:   72  225   72   24 3 |  3592  3520    82  3213
0012:    0  288   76   24 3 |  4163  4163   110  3765
0013:   32  402   48   15 4 |  4032  4000   159  3439
0014:   43  194   47   79 4 |  2915  2872   270  2408
0015:   12  452   24   88 2 |  6453  6441  1699  4290
0016:    2  488   52   26 2 |  5870  5868   199  5181
0017:   18  280   68   24 2 |  4934  4916   112  4524
0018:   97  265   12   65 4 |  2906  2809  1421  1123
0019:   50  275   62   95 4 |  3403  3353   424  2654
SUM: 7008 91.22 76.03 4401.50 3645.60 0.285
