PRIO 2
0000:   85  236   36   25 2 |  4926  4841   180  4425
0001:   81  183   48   87 4 |  2615  2534   129  2222
0002:   65  464   40   21 2 |  5583  5518   207  4847
0003:   64  241   92   69 4 |  3435  3371   305  2825
0004:   18  372   70   63 4 |  4469  4451   343  3736
0005:   35  266   17   50 1 |  5826  5791   699  4826
0006:   71  319   61   88 3 |  4841  4770   524  3927
0007:   14  435   34   20 3 |  5095  5081   263  4383
0008:   91  438   16   49 3 |  5302  5211  1269  3504
0009:   71  124   28   97 1 |  5019  4948   152  4672
0010:   57  314   67   93 1 |  5824  5767   401  5052
0011:   48  208   53   14 3 |  3591  3543    71  3264
0012:   47  369   53   72 3 |  5090  5043   506  4168
0013:   91  397   91   82 4 |  4708  4617   269  3951
0014:   71  337   25   10 4 |  3648  3577   123  3117
0015:   20  194   93   77 2 |  4620  4600   218  4188
0016:   63  116   38   59 2 |  3118  3055   173  2766
0017:   11  300   24   86 2 |  5472  5461  1262  3899
0018:   54  224   33   42 4 |  2870  2816   246  2346
0019:   73  181   18   52 4 |  2209  2136   487  1468
SUM: 5826 98.15 74.05 4356.55 3679.30 0.343
