SRTF
0000:    7  204   62   59 2 |  1113  1106   198   704
0001:   57  384   68   55 4 |  3930  3873   357  3132
0002:   55  404   68   46 2 |  4105  4050   193  3453
0003:   16  461   14   90 4 |  8170  8154  2881  4812
0004:   72  123   94   99 4 |   425   353    75   155
0005:    3  346   60   76 1 |  3555  3552   715  2491
0006:   18  272   52   86 3 |  2279  2261   359  1630
0007:   40  165   93   68 3 |   503   463   134   164
0008:   20  381   47   41 3 |  4868  4848   317  4150
0009:   26  199   47   25 1 |   966   940   127   614
0010:   69  234   49   31 1 |  1834  1765   103  1428
0011:   15  221   58   95 3 |  1673  1658   287  1150
0012:    7  345   71   28 3 |  2264  2257   122  1790
0013:   51  215   46   17 4 |  1442  1391   107  1069
0014:   91  337   18   18 4 |  4055  3964   330  3297
0015:   75  107   39   78 2 |   592   517   177   233
0016:   14  323   32   13 2 |  2837  2823   110  2390
0017:    1  119   10   37 2 |  1438  1437   453   865
0018:   50  498   78   71 4 |  5604  5554   310  4746
0019:   78  424   93   25 4 |  4937  4859   154  4281
SUM: 8170 70.53 70.61 2791.25 2127.70 0.245
