PRIO 5
0000:   27  168   19   55 3 |  1846  1819   507  1144
0001:   80  419   67   92 2 |  5535  5455   540  4496
0002:   18  387   54   43 1 |  6147  6129   216  5526
0003:   45  492   38   28 3 |  4267  4222   328  3402
0004:   10  383   62  100 2 |  5165  5155   490  4282
0005:   48  213   36   61 3 |  2534  2486   185  2088
0006:   73  266   27   61 3 |  2639  2566   755  1545
0007:   53  381   54   94 1 |  6421  6368   930  5057
0008:   86  221   64   35 3 |  2936  2850   133  2496
0009:   16  387   85   38 3 |  4294  4278   200  3691
0010:   43  377   28   26 1 |  6130  6087   362  5348
0011:   25  463   85   62 1 |  6322  6297   285  5549
0012:   38  461   32   47 2 |  5398  5360   704  4195
0013:   33  367   59   85 1 |  6159  6126   373  5386
0014:   81  376   12  100 3 |  4178  4097  2760   961
0015:   33  202   40   78 2 |  3653  3620   263  3155
0016:   85  169   34   11 1 |  4589  4504    61  4274
0017:   84  236   75   31 1 |  5406  5322   148  4938
0018:   78  146   87   60 3 |  2184  2106   189  1771
0019:   27  202   81   94 2 |  3903  3876   185  3489
SUM: 6421 98.36 82.14 4436.15 3639.65 0.311
