RR 2
0000:    6  132   21   94 2 |  3053  3047   630  2285
0001:   39  217   77   39 4 |  3930  3891   160  3514
0002:   85  238   59   32 2 |  4241  4156   167  3751
0003:   68  162   14   97 4 |  3985  3917  1012  2743
0004:   56  435   79   81 4 |  5441  5385   327  4623
0005:   63  291   53   39 1 |  4747  4684   252  4141
0006:   14  402   88   25 3 |  5287  5273   108  4763
0007:   60  389   76   38 3 |  5261  5201   142  4670
0008:   42  260   47   61 3 |  4412  4370   253  3857
0009:    1  329   32   61 1 |  5188  5187   658  4200
0010:   87  184   97   91 1 |  3567  3480   188  3108
0011:   94  204   88   62 3 |  3777  3683   127  3352
0012:   72  375   41   15 3 |  5243  5171   164  4632
0013:   35  155   36   17 4 |  2967  2932    82  2695
0014:   14  470   59   77 4 |  5597  5583   552  4561
0015:   79  359   75   98 2 |  5311  5232   448  4425
0016:   11  225   64   38 2 |  3986  3975   179  3571
0017:   52  130   59   25 2 |  2435  2383    36  2217
0018:    8  358   56   42 4 |  5107  5099   237  4504
0019:   64  140   67   68 4 |  2733  2669   103  2426
SUM: 5597 97.46 67.30 4265.90 3701.90 0.357
