LCFS
0000:   30  250   95   34 2 |  3557  3527    47  3230
0001:   30  178   23   80 4 |  4613  4583   746  3659
0002:   75  428   12   93 2 |  7148  7073  3223  3422
0003:   26  333   25   47 4 |  5376  5350   714  4303
0004:   70  205   60   53 4 |  2933  2863    98  2560
0005:   89  325   79   63 1 |  2320  2231   240  1666
0006:   63  350   51   95 3 |  4485  4422   806  3266
0007:   12  166   95   11 3 |  2863  2851    21  2664
0008:   35  226   20   31 3 |  4332  4297   300  3771
0009:   84  180   59   25 1 |  1909  1825    95  1550
0010:   83  142   48   51 1 |  2323  2240   163  1935
0011:   72  278   90   28 3 |   679   607    95   234
0012:   97  476   37   94 3 |  2723  2626  1009  1141
0013:   49  449   10   79 4 |  7424  7375  2973  3953
0014:   91  255   33   22 4 |  1106  1015   129   631
0015:   90  151   85   68 2 |  1314  1224    51  1022
0016:   77  112   94   82 2 |  2265  2188    84  1992
0017:   94  390   41   31 2 |  1590  1496   321   785
0018:   52  482   27   11 4 |  4330  4278   194  3602
0019:   20  385   12   21 4 |  5772  5752   766  4601
SUM: 7424 77.60 84.85 3391.15 2499.35 0.269
