PRIO 5
0000:   41  119   72   61 3 |  1775  1734    20  1595
0001:   47  479   68   99 2 |  5104  5057   603  3975
0002:   69  332   67   58 1 |  5229  5160   286  4542
0003:   29  275   27   16 3 |  2650  2621   183  2163
0004:   50  386   14   14 2 |  4056  4006   373  3247
0005:   77  443   51   88 3 |  4228  4151   723  2985
0006:   63  199   46   43 3 |  2303  2240   217  1824
0007:    2  482   98   60 1 |  5552  5550   276  4792
0008:   16  301   79   56 3 |  3544  3528   252  2975
0009:   50  146   98   14 3 |  2137  2087    36  1905
0010:   28  465   72   83 1 |  5631  5603   465  4673
0011:   34  347   30   54 1 |  5374  5340   453  4540
0012:   19  231   87   97 2 |  3944  3925   244  3450
0013:   45  253   75   84 1 |  4922  4877   213  4411
0014:   29  163   27   80 3 |  1761  1732   351  1218
0015:    5  225   37   71 2 |  3642  3637   416  2996
0016:    8  129   83   16 1 |  4031  4023    20  3874
0017:   75  117   76   88 1 |  3965  3890    19  3754
0018:   63  264   91   83 3 |  3323  3260   256  2740
0019:   21  219   29   12 2 |  3208  3187    86  2882
SUM: 5631 99.01 60.91 3780.40 3227.05 0.355
