PREPRIO 2
0000:   63  223   69   93 2 |  4446  4383   372  3788
0001:   51  158   44   14 5 |  1621  1570    51  1361
0002:   62  244   82   59 3 |  3776  3714   142  3328
0003:   72  420   26   27 2 |  5320  5248   430  4398
0004:   51  343   93   89 5 |  3538  3487   368  2776
0005:   13  340   84   38 2 |  5024  5011   197  4474
0006:   88  328   94   44 2 |  5020  4932    94  4510
0007:   90  291   52   32 4 |  3339  3249   153  2805
0008:   95  348   87   71 2 |  5291  5196   425  4423
0009:   33  269   25   76 1 |  5737  5704   762  4673
0010:   16  166   80   57 4 |  2133  2117   184  1767
0011:   56  361   54   54 4 |  3907  3851   403  3087
0012:   48  254   17   81 1 |  5747  5699   881  4564
0013:   83  254   97   49 4 |  3157  3074   119  2701
0014:   19  197  100   88 1 |  5283  5264   207  4860
0015:   86  307   67   23 2 |  4877  4791    50  4434
0016:   96  136   90   26 2 |  3311  3215    32  3047
0017:    3  363   25   65 4 |  3531  3528   869  2296
0018:   42  222   65   31 2 |  4295  4253   112  3919
0019:   68  494   57   17 1 |  5790  5722   136  5092
SUM: 5790 98.76 65.20 4200.40 3615.15 0.345
