PRIO 2
0000:   55  378   39   76 2 |  5101  5046   485  4183
0001:   69  101   51   21 4 |  1470  1401    21  1279
0002:   21  179   54   33 2 |  3943  3922   112  3631
0003:   68  305   44   80 4 |  3863  3795   581  2909
0004:   23  192   41   54 4 |  2621  2598   325  2081
0005:   46  287   63   63 1 |  5464  5418   433  4698
0006:   27  465   44   21 3 |  4867  4840   258  4117
0007:   83  398   44   81 3 |  4887  4804   863  3543
0008:   29  114   73   19 3 |  2172  2143    20  2009
0009:   12  422   27   64 1 |  5974  5962   928  4612
0010:   24  157   88   52 1 |  4944  4920    42  4721
0011:   72  292   11   37 3 |  3802  3730   792  2646
0012:   40  177   62   48 3 |  3050  3010   106  2727
0013:   21  442   26   91 4 |  4933  4912  1586  2884
0014:   78  249   23   15 4 |  2736  2658   143  2266
0015:   46  222   40   99 2 |  4626  4580   764  3594
0016:   70  457   39   53 2 |  5432  5362   550  4355
0017:   16  150   50   41 2 |  3533  3517   121  3246
0018:   57  275   39   43 4 |  3265  3208   324  2609
0019:   32  291   56   63 4 |  3521  3489   385  2813
SUM: 5974 92.95 78.57 3965.75 3246.15 0.335
