RR 2
0000:   63  406   58   36 2 |  5401  5338   297  4635
0001:   76  208   98   14 4 |  3491  3415    26  3181
0002:   81  154   76   42 2 |  2821  2740    37  2549
0003:   33  419   86   26 4 |  5322  5289    65  4805
0004:   44  116   37   87 4 |  2382  2338   211  2011
0005:   12  142   80   16 1 |  2462  2450    13  2295
0006:   79  430   17   73 3 |  6069  5990  1455  4105
0007:    3  131   38   77 3 |  2448  2445   210  2104
0008:    5  484   55   72 3 |  5693  5688   576  4628
0009:   64  437   22   94 1 |  6115  6051  1658  3956
0010:   51  408   25   77 1 |  5995  5944  1478  4058
0011:   85  299   22   70 3 |  5103  5018   823  3896
0012:   91  473   53   45 3 |  5606  5515   390  4652
0013:   92  155   12   78 4 |  3498  3406   712  2539
0014:   14  309   47   25 4 |  4495  4481   125  4047
0015:   75  287   82   74 2 |  4519  4444   298  3859
0016:   29  328   30   52 2 |  5032  5003   562  4113
0017:    3  138   21   91 2 |  2864  2861   491  2232
0018:   96  129   90   74 4 |  2538  2442    91  2222
0019:   38  387   59   57 4 |  5310  5272   343  4542
SUM: 6115 95.50 78.94 4306.50 3521.45 0.327
