RR 5
0000:   34  131   60   49 2 |  2288  2254    17  2106
0001:    9  131   42   19 4 |  2201  2192    15  2046
0002:   97  287   48   66 2 |  4966  4869   621  3961
0003:   37  173   53   36 4 |  3014  2977   119  2685
0004:   75  177   10   61 4 |  4508  4433   861  3395
0005:   94  248   16   19 1 |  4724  4630   304  4078
0006:    4  118   25   52 3 |  2269  2265   236  1911
0007:   18  299   55   98 3 |  4923  4905   590  4016
0008:    3  302   73  100 3 |  4749  4746   438  4006
0009:   80  228   40   79 1 |  4138  4058   365  3465
0010:   75  490   49   96 1 |  5665  5590   735  4365
0011:   71  331   85   41 3 |  4917  4846   165  4350
0012:   36  475   45   34 3 |  5377  5341   399  4467
0013:    9  255   29   66 4 |  4823  4814   663  3896
0014:    6  231   32   46 4 |  3932  3926   244  3451
0015:   89  319   18   29 2 |  5182  5093   496  4278
0016:   65  246   27   99 2 |  4810  4745   728  3771
0017:   50  250   31   70 2 |  4946  4896   813  3833
0018:   20  303   38   49 4 |  4886  4866   382  4181
0019:   73  494   84  100 4 |  5464  5391   394  4503
SUM: 5665 96.88 78.92 4341.85 3638.20 0.353
