SRTF
0000:    6  221   55   89 2 |  1337  1331   332   778
0001:   91  465   44   79 4 |  5932  5841   582  4794
0002:   40  412   52   48 2 |  4963  4923   262  4249
0003:   89  231   46   46 4 |  1329  1240   223   786
0004:   82  366   23   69 4 |  5145  5063  1040  3657
0005:   61  179   60   55 1 |   979   918   191   548
0006:   28  168   92   65 3 |   392   364    73   123
0007:   41  318   11   95 3 |  6799  6758  2565  3875
0008:   77  137   53   26 3 |   465   388    69   182
0009:   90  329   54   56 1 |  2723  2633   271  2033
0010:   43  299   42   64 1 |  2687  2644   473  1872
0011:   80  303   91   62 3 |  2035  1955   217  1435
0012:   28  347   76   45 3 |  2991  2963   192  2424
0013:   61  302   31   95 4 |  3927  3866  1193  2371
0014:   68  401   45   49 4 |  4221  4153   324  3428
0015:   47  242   67   49 2 |  1739  1692   199  1251
0016:   17  106   66   74 2 |   172   155    46     3
0017:   25  317   67   73 2 |  3634  3609   494  2798
0018:    1  397   29   60 4 |  5304  5303   934  3972
0019:   94  139   19   18 4 |  1042   948   124   685
SUM: 6799 83.53 82.04 2837.35 2063.20 0.294
