PREPRIO 2
0000:   92  345   16   65 2 |  5378  5286  1327  3614
0001:   65  280   31   93 5 |  2897  2832   612  1940
0002:   50  117   72   84 3 |  2263  2213    21  2075
0003:   92  173   96   45 2 |  3759  3667    47  3447
0004:   17  237   76   69 5 |  2527  2510   263  2010
0005:   88  175   17   99 2 |  3964  3876   976  2725
0006:   41  475   14   54 2 |  6187  6146  1887  3784
0007:   15  240   74   12 4 |  2973  2958    45  2673
0008:   83  325   88   98 2 |  5126  5043   224  4494
0009:   77  368   55   36 1 |  6130  6053   178  5507
0010:   48  315   40   29 4 |  3392  3344   211  2818
0011:   39  425   58   60 4 |  4374  4335   622  3288
0012:   87  418   64   85 1 |  6431  6344   469  5457
0013:   40  225   13   96 4 |  2993  2953  1465  1263
0014:   11  322   37   77 1 |  6309  6298   764  5212
0015:   81  424   65   88 2 |  5542  5461   421  4616
0016:   83  264   22   47 2 |  4608  4525   567  3694
0017:   30  294   54   46 4 |  3391  3361   194  2873
0018:   34  472   21   16 2 |  5508  5474   338  4664
0019:   17  499   37   14 1 |  6409  6392   199  5694
SUM: 6431 99.41 81.85 4453.55 3592.40 0.311
