PRIO 5
0000:   92  345   16   65 3 |  3331  3239  1113  1781
0001:   65  280   31   93 2 |  5161  5096  1191  3625
0002:   50  117   72   84 1 |  4754  4704   101  4486
0003:   92  173   96   45 3 |  2518  2426    72  2181
0004:   17  237   76   69 2 |  4734  4717   133  4347
0005:   88  175   17   99 3 |  2443  2355  1192   988
0006:   41  475   14   54 3 |  4256  4215  1732  2008
0007:   15  240   74   12 1 |  6042  6027    37  5750
0008:   83  325   88   98 3 |  4751  4668   424  3919
0009:   77  368   55   36 3 |  4650  4573   182  4023
0010:   48  315   40   29 1 |  6283  6235   160  5760
0011:   39  425   58   60 1 |  6413  6374   272  5677
0012:   87  418   64   85 2 |  5901  5814   598  4798
0013:   40  225   13   96 1 |  6578  6538  2155  4158
0014:   11  322   37   77 3 |  4027  4016   602  3092
0015:   81  424   65   88 2 |  5868  5787   625  4738
0016:   83  264   22   47 1 |  6165  6082   643  5175
0017:   30  294   54   46 1 |  6265  6235   266  5675
0018:   34  472   21   16 3 |  4188  4154   287  3395
0019:   17  499   37   14 2 |  5859  5842   189  5154
SUM: 6578 97.19 87.81 4954.85 4036.50 0.304
