FCFS
0000:   56  121   95   27 2 |  1149  1093    17   955
0001:   50  331   12   80 4 |  7225  7175  1801  5043
0002:   70  151   22   21 2 |  5112  5042   131  4760
0003:   81  500   55   71 4 |  5776  5695   669  4526
0004:   14  272   33   86 4 |  5791  5777   680  4825
0005:    8  304   11   90 1 |  7324  7316  2262  4750
0006:   64  362   18   44 3 |  6197  6133   835  4936
0007:   83  177   72   56 3 |  2243  2160   101  1882
0008:   14  374   77   72 3 |  4675  4661   279  4008
0009:   63  307   82   13 1 |  4186  4123    53  3763
0010:   87  117   20   20 1 |  3554  3467    76  3274
0011:   85  324   43   99 3 |  5411  5326   886  4116
0012:    1  478   54   61 3 |  4885  4884   454  3952
0013:   26  459   76   91 4 |  4067  4041   390  3192
0014:   30  420   38   14 4 |  5715  5685   167  5098
0015:   25  326   40   48 2 |  5743  5718   453  4939
0016:   62  280   50   21 2 |  4985  4923   134  4509
0017:    9  259   21   22 2 |  5728  5719   191  5269
0018:   96  297   99   41 4 |  2695  2599    84  2218
0019:   48  436   88   92 4 |  4013  3965   484  3045
SUM: 7324 85.95 79.82 4775.10 3953.00 0.273
