PREPRIO 2
0000:   73  127   87   67 2 |  3069  2996    53  2816
0001:   49  202   18   43 5 |  1553  1504   504   798
0002:   15  212   93   22 3 |  3147  3132    26  2894
0003:   22  281   38   25 2 |  4074  4052   178  3593
0004:   39  419   45   60 5 |  3389  3350   462  2469
0005:   44  141   82   22 2 |  3283  3239    22  3076
0006:   83  164   57   83 2 |  3600  3517   231  3122
0007:   42  132   68   63 4 |  1961  1919   105  1682
0008:   66  103   12   52 2 |  2368  2302   265  1934
0009:   91  319   43   57 1 |  4768  4677   462  3896
0010:   66  115   22   52 4 |  1483  1417   294  1008
0011:    1  238   11   61 4 |  2519  2518   997  1283
0012:   76  385   89   30 1 |  4617  4541    90  4066
0013:   18  307   86   59 4 |  3325  3307   162  2838
0014:   56  381   17   93 1 |  5877  5821  2154  3286
0015:   74  218   13   83 2 |  4359  4285  1573  2494
0016:    9  229   84   11 2 |  3888  3879    17  3633
0017:   48  455   43   48 4 |  3919  3871   433  2983
0018:   74  232   28   31 2 |  3834  3760   254  3274
0019:   89  169   56   32 1 |  4200  4111   132  3810
SUM: 5877 82.17 83.99 3409.90 2747.75 0.340
