SRTF
0000:   16  274   73   81 2 |  1892  1876    62  1540
0001:   22  297   70   70 4 |  2930  2908   212  2399
0002:    5  369   99   94 2 |  2063  2058   258  1431
0003:    8  195   55   67 4 |  1213  1205   182   828
0004:   21  105   54   74 4 |   366   345    99   141
0005:   72  447   60   41 1 |  5324  5252   294  4511
0006:   55  167   89   24 3 |   653   598    19   412
0007:   74  366   96   95 3 |  3648  3574   329  2879
0008:   33  125   44   99 3 |   519   486   154   207
0009:   96  103   87   99 1 |   295   199    47    49
0010:   86  313   18   99 1 |  5576  5490  1297  3880
0011:   78  296   83   63 3 |  2565  2487   277  1914
0012:   18  188   46   55 3 |  1197  1179   174   817
0013:   48  257   81   26 4 |  1618  1570   126  1187
0014:   62  304   56   48 4 |  2824  2762   195  2263
0015:   89  368   63   53 2 |  4289  4200   280  3552
0016:   82  385  100   25 2 |  4032  3950    59  3506
0017:   32  160   28   43 2 |   923   891   224   507
0018:    8  485   14   85 4 |  8172  8164  2885  4794
0019:   88  413   79   15 4 |  4659  4571    63  4095
SUM: 8172 68.73 68.56 2688.25 2045.60 0.245
