FCFS
0000:    1  449   44   64 2 |  6282  6281   723  5109
0001:   15  315   91   79 4 |  2905  2890   228  2347
0002:   93  494   87   10 2 |  5236  5143    42  4607
0003:   88  435   17   24 4 |  6854  6766   564  5767
0004:   60  258   84   69 4 |  3518  3458   220  2980
0005:   13  217   73   78 1 |  2801  2788   169  2402
0006:   84  483   64   64 3 |  6359  6275   581  5211
0007:   23  132  100   65 3 |  1216  1193    63   998
0008:    4  122   18   93 3 |  6142  6138   935  5081
0009:   79  321   90   52 1 |  4302  4223   184  3718
0010:    1  463   92   22 1 |  4145  4144    90  3591
0011:   86  114   54   35 3 |  3657  3571    97  3360
0012:   40  379   46   93 3 |  5989  5949   511  5059
0013:   95  463   49   69 4 |  6028  5933   508  4962
0014:   80  495   56   99 4 |  5924  5844   449  4900
0015:   99  373   75   81 2 |  5747  5648   532  4743
0016:    8  306   59   37 2 |  5835  5827   277  5244
0017:   65  359   63   82 2 |  5852  5787   649  4779
0018:   84  279   21   20 4 |  6427  6343   284  5780
0019:   97  125   45   94 4 |  3451  3354   331  2898
SUM: 6854 96.03 71.65 4877.75 4176.80 0.292
