PREPRIO 4
0000:   49  129   81   13 2 |  3988  3939     9  3801
0001:   83  407   79   95 4 |  4735  4652   343  3902
0002:   13  335   26   48 2 |  5384  5371   529  4507
0003:   27  434   39   60 4 |  4241  4214   600  3180
0004:    3  437   50   64 4 |  4862  4859   548  3874
0005:   12  350   33   14 1 |  5906  5894   124  5420
0006:   89  132   61   79 3 |  2526  2437   148  2157
0007:   70  483   54   78 3 |  5477  5407   834  4090
0008:   78  325   74   15 3 |  4901  4823    33  4465
0009:   92  437   50   60 1 |  6306  6214   558  5219
0010:   48  487   90   35 1 |  6137  6089   183  5419
0011:   55  204   64   68 3 |  3885  3830   173  3453
0012:   71  310   50   71 3 |  4880  4809   490  4009
0013:   52  258   25   92 4 |  2790  2738  1045  1435
0014:   29  491   82   97 4 |  5104  5075   571  4013
0015:    8  156   68   33 2 |  3625  3617    99  3362
0016:   59  186   96   41 2 |  4802  4743    85  4472
0017:   54  259   11   67 2 |  5172  5118  1585  3274
0018:   47  221   67   31 4 |  2793  2746    78  2447
0019:   42  163   37   60 4 |  1495  1453   186  1104
SUM: 6306 98.38 74.17 4401.40 3680.15 0.317
