PRIO 2
0000:   34  487   67   15 2 |  6044  6010    87  5436
0001:   86  304   80   90 4 |  4216  4130   178  3648
0002:   86  388   71   82 2 |  5990  5904   473  5043
0003:   79  469   24   26 4 |  4620  4541   523  3549
0004:   29  304   30   72 4 |  3965  3936   732  2900
0005:   76  168   26   48 1 |  5588  5512   310  5034
0006:   89  212   71   31 3 |  4000  3911   129  3570
0007:   16  448   11   84 3 |  6091  6075  2646  2981
0008:   86  276   92   70 3 |  4634  4548   174  4098
0009:   49  454   74   51 1 |  6411  6362   155  5753
0010:   93  355   54   10 1 |  6249  6156    64  5737
0011:   41  247   51   84 3 |  4351  4310   412  3651
0012:   17  429   63   40 3 |  5463  5446   233  4784
0013:    8  348   16   10 4 |  2913  2905   198  2359
0014:   12  137   76   60 4 |  2068  2056    61  1858
0015:   74  304   23   16 2 |  5345  5271   269  4698
0016:   77  270   68   68 2 |  5379  5302   168  4864
0017:   83  187   39   33 2 |  4629  4546   128  4231
0018:   46  353   27   54 4 |  4218  4172   689  3130
0019:   88  228   76   52 4 |  3423  3335    79  3028
SUM: 6411 99.33 73.78 4721.40 4017.60 0.312
