PRIO 2
0000:   77  143   88   70 2 |  3380  3303   108  3052
0001:    9  162   32   97 4 |  2413  2404   515  1727
0002:   75  137   35   20 2 |  3173  3098    87  2874
0003:   96  241   82   39 4 |  2973  2877    82  2554
0004:   80  189   62   45 4 |  2575  2495    74  2232
0005:   22  381   39   81 1 |  5525  5503   898  4224
0006:   43  488   45   71 3 |  4773  4730   711  3531
0007:   17  366   24   40 3 |  3893  3876   535  2975
0008:   65  141   94   39 3 |  2616  2551    63  2347
0009:   14  230   68   18 1 |  4793  4779    89  4460
0010:   79  188   78   38 1 |  4686  4607    87  4332
0011:   79  100   56   22 3 |  1811  1732    49  1583
0012:   16  482   30   13 3 |  4319  4303   221  3600
0013:   54  199   28   91 4 |  2768  2714   462  2053
0014:   18  170   44   32 4 |  2108  2090   201  1719
0015:   90  343   55   78 2 |  4829  4739   621  3775
0016:    4  376   67   43 2 |  4630  4626   183  4067
0017:   72  177   34   25 2 |  3573  3501   141  3183
0018:   60  269   87   97 4 |  3280  3220   325  2626
0019:   87  217   28   49 4 |  2878  2791   312  2262
SUM: 5525 90.48 66.44 3496.95 2958.80 0.362
