LCFS
0000:   24  217   84   14 2 |   508   484    34   233
0001:   76  199   25   47 4 |  1688  1612   367  1046
0002:   29  459   10   97 2 |  9180  9151  3935  4757
0003:   83  428   48   99 4 |  4125  4042   887  2727
0004:   89  230   61   83 4 |  1184  1095   315   550
0005:   10  268   73  100 1 |  5531  5521   124  5129
0006:   79  318   54   14 3 |  1627  1548   128  1102
0007:   40  471  100   98 3 |  5050  5010   405  4134
0008:    9  362   28   66 3 |  6662  6653   773  5518
0009:   97  208   41   37 1 |  1634  1537   218  1111
0010:    1  242   42   81 1 |  3018  3017   740  2035
0011:   63  458   74   76 3 |  4356  4293   278  3557
0012:   13  169   21   70 3 |  5938  5925   591  5165
0013:   84  447   66   93 4 |  1786  1702   506   749
0014:   28  278   16   50 4 |  6229  6201  1008  4915
0015:   75  307   76   41 2 |  2899  2824   227  2290
0016:   48  420   95   35 2 |  2760  2712   157  2135
0017:    9  200   26   76 2 |  4806  4797   443  4154
0018:   43  296   93   20 4 |  3582  3539    51  3192
0019:   55  471   22   51 4 |  5191  5136   888  3777
SUM: 9180 70.24 82.89 3839.95 2913.80 0.218
