SRTF
0000:   46  428   48   47 2 |  5325  5279   446  4405
0001:   36  201   34   16 4 |   971   935    88   646
0002:   54  244   84   65 2 |  1703  1649   258  1147
0003:    8  108   19   63 4 |   826   818   424   286
0004:   75  186   35   46 4 |  1036   961   320   455
0005:   45  349   32   56 1 |  3385  3340   532  2459
0006:   17  244   32   32 3 |  1858  1841   294  1303
0007:   82  452   45   20 3 |  6213  6131   229  5450
0008:   66  214   42   57 3 |  1243  1177   224   739
0009:   50  346   54   20 1 |  2369  2319   112  1861
0010:   73  383   36   29 1 |  4694  4621   309  3929
0011:   33  157   40   30 3 |   557   524   196   171
0012:   74  368   45   10 3 |  3649  3575    56  3151
0013:   67  257   50   59 4 |  1985  1918   186  1475
0014:   23  417   18   36 4 |  5850  5827   600  4810
0015:   33  172   46   16 2 |   406   373    73   128
0016:    0  350   37   67 2 |  2817  2817   559  1908
0017:   42  356   27   38 2 |  3547  3505   424  2725
0018:   19  397  100   81 4 |  4552  4533   399  3737
0019:   58  440   57   42 4 |  5613  5555   338  4777
SUM: 6213 97.68 66.75 2884.90 2278.10 0.322
