RR 2
0000:   11  330   60   40 2 |  5528  5517   208  4979
0001:   71  287   33   72 4 |  5472  5401   518  4596
0002:   17  491   14   33 2 |  6527  6510   925  5094
0003:   34  288   95   93 4 |  5227  5193   328  4577
0004:   23  439   84   66 4 |  6168  6145   453  5253
0005:   74  454   70   89 1 |  6323  6249   711  5084
0006:   21  299   59   49 3 |  5298  5277   249  4729
0007:   65  288   42   82 3 |  5511  5446   683  4475
0008:   24  235   60   71 3 |  4430  4406   191  3980
0009:   97  394   70   74 1 |  6078  5981   549  5038
0010:   13  197   61   63 1 |  3814  3801   247  3357
0011:   13  323   35   55 3 |  5683  5670   574  4773
0012:   29  295   58   77 3 |  5478  5449   478  4676
0013:   45  499   29   31 4 |  6392  6347   596  5252
0014:   18  177   68   73 4 |  3488  3470   156  3137
0015:   87  285   79   15 2 |  5065  4978    55  4638
0016:   33  443   66   80 2 |  6260  6227   540  5244
0017:   33  292  100   96 2 |  5296  5263   267  4704
0018:   48  208   80   43 4 |  3966  3918   109  3601
0019:   17  184   50   28 4 |  3519  3502    97  3221
SUM: 6527 98.18 70.51 5237.50 4520.40 0.306
