PREPRIO 2
0000:   73  306   35   96 2 |  4962  4889   787  3796
0001:   67  180   34   21 5 |  1711  1644    77  1387
0002:   50  468   30   21 3 |  4715  4665   284  3913
0003:    7  184   89   11 2 |  3776  3769    21  3564
0004:   15  496   49   88 5 |  4002  3987   744  2747
0005:   57  351   73   64 2 |  5015  4958   386  4221
0006:   58  325   73   15 2 |  4845  4787    66  4396
0007:   26  102   50   59 4 |  1331  1305    93  1110
0008:   99  237   37   99 2 |  4510  4411   605  3569
0009:   81  161   12   65 1 |  4973  4892   766  3965
0010:   26  303   64   81 4 |  3409  3383   315  2765
0011:   17  101   16   82 4 |  1419  1402   673   628
0012:   95  384   47   23 1 |  5365  5270   134  4752
0013:   78  198   47   76 4 |  2268  2190   265  1727
0014:   93  170   76   99 1 |  5051  4958   366  4422
0015:   21  157   33   82 2 |  3450  3429   288  2984
0016:   10  256   14   76 2 |  4803  4793  1221  3316
0017:   26  345   17   50 4 |  3328  3302  1050  1907
0018:   35  306   81   53 2 |  4850  4815   322  4187
0019:    3  369   16   36 1 |  5596  5593   719  4505
SUM: 5596 96.48 78.70 3922.10 3193.05 0.357
