PRIO 5
0000:   44  440   21   69 3 |  4804  4760  1350  2970
0001:   93  166   80   65 2 |  3812  3719    72  3481
0002:   84  311   14   21 1 |  6177  6093   520  5262
0003:   90  305   97   85 3 |  4327  4237   279  3653
0004:   43  426   86   96 2 |  5970  5927   540  4961
0005:    4  405   56   90 3 |  4901  4897   589  3903
0006:   91  389   95   96 3 |  5098  5007   364  4254
0007:   85  112   74   46 1 |  4785  4700   102  4486
0008:   31  457   10   80 3 |  4565  4534  3068  1009
0009:   22  391   91   62 3 |  5099  5077   245  4441
0010:   94  371   99   20 1 |  6471  6377   125  5881
0011:   86  365   85   55 1 |  6469  6383   233  5785
0012:   16  100   74   55 2 |  2436  2420    96  2224
0013:   80  264   46   55 1 |  6059  5979   140  5575
0014:   64  378   57   22 3 |  4618  4554   137  4039
0015:   73  472   23   75 2 |  6334  6261  1486  4303
0016:   23  238   99   69 1 |  6043  6020   138  5644
0017:   62  284   80   88 1 |  6394  6332   520  5528
0018:   85  403   26   65 3 |  4221  4136  1084  2649
0019:   94  174   40   71 2 |  3353  3259   293  2792
SUM: 6471 99.69 87.33 5033.60 4142.00 0.309
