RR 5
0000:   17  253   97   97 2 |  4344  4327   163  3911
0001:   46  251   87   16 4 |  4216  4170    21  3898
0002:    3  273   11   25 2 |  5474  5471   597  4601
0003:   19  468   77   55 4 |  5786  5767   264  5035
0004:   17  163   87   86 4 |  3008  2991   109  2719
0005:   61  132   23   92 1 |  3242  3181   465  2584
0006:   71  315   25   72 3 |  5594  5523   898  4310
0007:   19  119   47   80 3 |  2531  2512   179  2214
0008:   28  146   38   39 3 |  2750  2722    68  2508
0009:   10  408   54   92 1 |  5814  5804   851  4545
0010:   15  229   47   42 1 |  4135  4120   164  3727
0011:   14  344   79   66 3 |  5199  5185   176  4665
0012:   49  385   85   82 3 |  5574  5525   352  4788
0013:   18  458   40   52 4 |  5809  5791   349  4984
0014:   43  258   63   88 4 |  4539  4496   278  3960
0015:   21  312   45   75 2 |  5258  5237   469  4456
0016:   52  371   99   85 2 |  5476  5424   218  4835
0017:  100  351   38   73 2 |  5648  5548   707  4490
0018:   34  224   96   79 4 |  4046  4012   222  3566
0019:   11  345   88   46 4 |  5118  5107   111  4651
SUM: 5814 99.85 71.19 4645.65 4022.35 0.344
