PRIO 5
0000:   54  434   55   75 3 |  5071  5017   346  4237
0001:   38  244   32   43 2 |  4245  4207   285  3678
0002:   45  466   31   57 1 |  7333  7288   874  5948
0003:   99  287   84   67 3 |  4078  3979   207  3485
0004:   27  365   97   84 2 |  5658  5631   385  4881
0005:   68  482   73   36 3 |  5346  5278   277  4519
0006:   96  178   73   79 3 |  2654  2558   205  2175
0007:   12  364   61   13 1 |  6752  6740    53  6323
0008:   43  494   48   31 3 |  5235  5192   317  4381
0009:   46  229   55   52 3 |  3264  3218   137  2852
0010:   20  456   94   16 1 |  7095  7075    76  6543
0011:   96  355   86   26 1 |  6716  6620    49  6216
0012:    2  163   18   26 2 |  2535  2533   219  2151
0013:   39  486   76   21 1 |  7166  7127   150  6491
0014:    6  446   16   27 3 |  3340  3334   918  1970
0015:   50  352   12   16 2 |  4423  4373   522  3499
0016:   26  403   66   56 1 |  7093  7067   396  6268
0017:   24  335   54   82 1 |  6822  6798   479  5984
0018:   99  446   37   63 3 |  4931  4832   817  3569
0019:   66  228   73  100 2 |  4670  4604   300  4076
SUM: 7333 98.36 63.30 5173.55 4462.30 0.273
