RR 5
0000:   11  475   97   35 2 |  6955  6944   183  6286
0001:   28  345   21   82 4 |  7019  6991  1303  5343
0002:   53  428   62  100 2 |  7005  6952   703  5821
0003:   41  265   23   89 4 |  6307  6266  1212  4789
0004:   64  380   91   32 4 |  6385  6321    52  5889
0005:   57  438   73   95 1 |  6876  6819   464  5917
0006:   52  440   59   50 3 |  6950  6898   410  6048
0007:   93  306   64   97 3 |  5886  5793   467  5020
0008:    4  302   96   27 3 |  5214  5210    94  4814
0009:   15  446   70   17 1 |  6782  6767    88  6233
0010:   31  347   60   98 1 |  6483  6452   666  5439
0011:    8  413   77   11 3 |  6523  6515    40  6062
0012:   24  281   77   85 3 |  5139  5115   134  4700
0013:   25  306   16   17 4 |  6557  6532   454  5772
0014:   30  312   64   55 4 |  5666  5636   204  5120
0015:   55  168   65   64 2 |  3302  3247   119  2960
0016:   39  288   50   14 2 |  5233  5194    68  4838
0017:   40  350   70   62 2 |  6498  6458   450  5658
0018:   59  217   27   49 4 |  4712  4653   416  4020
0019:   53  499   74   25 4 |  6996  6943   149  6295
SUM: 7019 99.81 67.52 6085.30 5351.20 0.285
