SRTF
0000:    6  396   67   52 2 |  3355  3349   434  2519
0001:   68  166   51   95 4 |   822   754   220   368
0002:   99  153   59   58 2 |   810   711   213   345
0003:    8  276   12   77 4 |  4208  4200  1253  2671
0004:   73  430   82   15 4 |  3794  3721   106  3185
0005:   38  129   51   71 1 |   476   438   192   117
0006:   91  255   22   42 3 |  2690  2599   545  1799
0007:   98  329   95   73 3 |  2219  2121   192  1600
0008:   21  205   37   13 3 |  1136  1115    79   831
0009:   35  477   67   55 1 |  5353  5318   348  4493
0010:   84  317   54   38 1 |  2731  2647   233  2097
0011:   27  370   30   61 3 |  4286  4259   565  3324
0012:    5  101   63   83 3 |   229   224    97    26
0013:   59  243   29   60 4 |  2187  2128   445  1440
0014:   34  255   84   82 4 |  1457  1423   176   992
0015:   77  468   69  100 2 |  5795  5718  1030  4220
0016:    9  178   58   92 2 |  1327  1318   372   768
0017:   90  113   79  100 2 |   366   276   140    23
0018:   23  441   37   39 4 |  5042  5019   325  4253
0019:   99  490   37   86 4 |  6615  6516  1090  4936
SUM: 6615 87.56 76.72 2692.70 2000.35 0.302
