PREPRIO 4
0000:   57  187   79   81 2 |  4503  4446   371  3888
0001:    4  176   83   70 4 |  2537  2533   112  2245
0002:   18  290   75   78 2 |  5302  5284   325  4669
0003:    8  236   80   25 4 |  3004  2996   131  2629
0004:   17  156   58   86 4 |  1849  1832   240  1436
0005:   11  385   41   51 1 |  6368  6357   363  5609
0006:   51  376  100   38 3 |  5030  4979    65  4538
0007:   83  397   37   47 3 |  4756  4673   499  3777
0008:   42  485   14  100 3 |  5830  5788  2772  2531
0009:   14  411   73   55 1 |  6421  6407   317  5679
0010:   73  489   32   87 1 |  7138  7065  1480  5096
0011:   28  403   64   23 3 |  5058  5030   181  4446
0012:   82  259   64   52 3 |  4249  4167   199  3709
0013:   92  452   85   62 4 |  4751  4659   359  3848
0014:   32  167   24   55 4 |  1572  1540   490   883
0015:   81  500   88   40 2 |  5895  5814   252  5062
0016:   70  393   20   80 2 |  6277  6207  1690  4124
0017:   36  307   22   23 2 |  4843  4807   322  4178
0018:    7  187   60   76 4 |  2504  2497   190  2120
0019:   92  274   60   60 4 |  3279  3187   241  2672
SUM: 7138 91.48 81.16 4513.40 3656.95 0.280
