PREPRIO 2
0000:   43  100   52   68 2 |  2758  2715   116  2499
0001:   58  236   86   32 5 |  2537  2479    43  2200
0002:   73  395   73   33 3 |  5290  5217   220  4602
0003:   98  168   61   51 2 |  4195  4097   179  3750
0004:   21  450   22   56 5 |  3819  3798  1040  2308
0005:    0  427   35   14 2 |  5893  5893   167  5299
0006:   83  132   12   25 2 |  3051  2968   244  2592
0007:   33  475   43   34 4 |  4917  4884   360  4049
0008:   62  370   54   84 2 |  6042  5980   680  4930
0009:   46  488   42   35 1 |  6786  6740   311  5941
0010:   63  317   34   36 4 |  3700  3637   348  2972
0011:   60  463   67   21 4 |  4987  4927   144  4320
0012:   51  451   93   71 1 |  6732  6681   388  5842
0013:   26  453   96   65 4 |  5074  5048   338  4257
0014:   56  100   47   77 1 |  4761  4705   116  4489
0015:   66  432   19   41 2 |  6193  6127   963  4732
0016:   45  472   37   23 2 |  6177  6132   282  5378
0017:   68  386   49   20 4 |  4470  4402   139  3877
0018:   70  122   33   58 2 |  3234  3164   169  2873
0019:   88  301   71   82 1 |  6360  6272   183  5788
SUM: 6786 99.29 62.04 4793.30 4134.90 0.295
