PREPRIO 2
0000:   39  273   66   62 2 |  4760  4721   123  4325
0001:   18  222   18   66 5 |  2147  2129   779  1128
0002:   75  446   15   75 3 |  5145  5070  2068  2556
0003:   33  139   43   30 2 |  3167  3134    61  2934
0004:   13  170   60   39 5 |  1675  1662   119  1373
0005:   96  130   35   27 2 |  3195  3099    83  2886
0006:   95  220   17   74 2 |  4553  4458   857  3381
0007:   40  409   97   16 4 |  4189  4149    49  3691
0008:   86  143   91   39 2 |  3493  3407    62  3202
0009:   43  447   52   97 1 |  6262  6219  1133  4639
0010:   94  252   79   63 4 |  3089  2995   157  2586
0011:   70  395   72   96 4 |  4420  4350   776  3179
0012:    2  476   78   83 1 |  5893  5891   303  5112
0013:   29  301   99   71 4 |  3580  3551   285  2965
0014:   41  318   18   40 1 |  5705  5664   625  4721
0015:   70  214   49   16 2 |  4319  4249    44  3991
0016:   97  335   69   60 2 |  4947  4850   348  4167
0017:   21  392   62   29 4 |  3982  3961   176  3393
0018:   90  281   93   51 2 |  4796  4706   155  4270
0019:    1  375   29   23 1 |  5651  5650   244  5031
SUM: 6262 94.83 76.54 4195.75 3476.50 0.319
