PREPRIO 2
0000:   13  480   14   77 2 |  6594  6581  2385  3716
0001:   74  435   17   94 5 |  4331  4257  2388  1434
0002:    7  476   62   70 3 |  5420  5413   788  4149
0003:   98  182   54   77 2 |  4064  3966   272  3512
0004:   67  274   11   46 5 |  2277  2210  1270   666
0005:   46  433   16   75 2 |  6337  6291  2028  3830
0006:   64  249   20   31 2 |  4649  4585   373  3963
0007:   46  113   21   50 4 |  1243  1197   213   871
0008:   55  103   32   86 2 |  2684  2629   131  2395
0009:   31  395   13   16 1 |  5941  5910   425  5090
0010:   98  419   58   66 4 |  4412  4314   499  3396
0011:   98  480   39   64 4 |  4654  4556   564  3512
0012:    8  100   61   55 1 |  4358  4350   131  4119
0013:   47  241   91   92 4 |  3131  3084   278  2565
0014:   17  306   61   40 1 |  5729  5712    94  5312
0015:   18  158   39   32 2 |  3527  3509   207  3144
0016:   48  314   71   46 2 |  5106  5058   196  4548
0017:   72  300   56   49 4 |  3510  3438   191  2947
0018:   12  375   97   52 2 |  5422  5410   205  4830
0019:   16  295   12   82 1 |  6524  6508  1926  4287
SUM: 6594 92.93 91.33 4448.90 3414.30 0.303
