LCFS
0000:   27  392   47   22 2 |  6139  6112   173  5547
0001:   59  160   81   17 4 |  2735  2676    15  2501
0002:   90  265   68   58 2 |  1264  1174   245   664
0003:   81  350   50   85 4 |  2707  2626   610  1666
0004:   71  297   98   57 4 |  2775  2704   178  2229
0005:   75  364   94   53 1 |   805   730   184   182
0006:   84  326   75   88 3 |  1740  1656   347   983
0007:   81  289   71   76 3 |  2359  2278   360  1629
0008:   81  338   80   32 3 |  1594  1513   101  1074
0009:   74  431   24   56 1 |  5368  5294  1089  3774
0010:    3  338   91   27 1 |  5694  5691   141  5212
0011:   42  289   58   28 3 |  3231  3189    98  2802
0012:   15  341   51   82 3 |  6553  6538   395  5802
0013:   43  281   19   42 4 |  6059  6016   594  5141
0014:   28  447   99   19 4 |  4844  4816   115  4254
0015:   36  455   56   43 2 |  4936  4900   283  4162
0016:   12  188   84   94 2 |   329   317    81    48
0017:   72  434   12   95 2 |  7064  6992  3061  3497
0018:   57  247   12   67 4 |  6003  5946  1395  4304
0019:   35  195   72   25 4 |  3806  3771    39  3537
SUM: 7064 90.98 79.37 3746.95 2950.40 0.283
