RR 2
0000:   25  407   85   66 2 |  5857  5832   146  5279
0001:   35  251   28   18 4 |  4504  4469   124  4094
0002:    5  280   53   36 2 |  4816  4811   247  4284
0003:   37  116   68   72 4 |  2305  2268    87  2065
0004:   66  360   76   42 4 |  5649  5583   242  4981
0005:   40  372   56   82 1 |  5926  5886   658  4856
0006:   53  269   76   51 3 |  4740  4687   130  4288
0007:   68  210   59   63 3 |  4169  4101   262  3629
0008:   84  491   70   24 3 |  6242  6158   220  5447
0009:   72  205   46   47 1 |  3992  3920   135  3580
0010:   21  383   31  100 1 |  6234  6213  1312  4518
0011:  100  206   35   63 3 |  4072  3972   197  3569
0012:   99  442   88   55 3 |  6161  6062   318  5302
0013:   39  211   93   86 4 |  3981  3942   130  3601
0014:   29  457   54   16 4 |  6147  6118   138  5523
0015:   36  369   88   12 2 |  5571  5535    60  5106
0016:   96  476   71   50 2 |  6275  6179   297  5406
0017:   18  214   53   54 2 |  4155  4137   356  3567
0018:   35  132   65   76 4 |  2603  2568   127  2309
0019:   49  393   58   35 4 |  5946  5897   293  5211
SUM: 6275 99.51 57.96 4916.90 4330.75 0.319
