PREPRIO 4
0000:    6  132   21   94 2 |  3413  3407   627  2648
0001:   39  217   77   39 4 |  2685  2646    75  2354
0002:   85  238   59   32 2 |  4801  4716   199  4279
0003:   68  162   14   97 4 |  1835  1767   819   786
0004:   56  435   79   81 4 |  4500  4444   340  3669
0005:   63  291   53   39 1 |  5387  5324   132  4901
0006:   14  402   88   25 3 |  4900  4886    75  4409
0007:   60  389   76   38 3 |  4938  4878   204  4285
0008:   42  260   47   61 3 |  3946  3904   354  3290
0009:    1  329   32   61 1 |  5612  5611   551  4731
0010:   87  184   97   91 1 |  5202  5115   227  4704
0011:   94  204   88   62 3 |  3571  3477    57  3216
0012:   72  375   41   15 3 |  4505  4433   125  3933
0013:   35  155   36   17 4 |  1613  1578    41  1382
0014:   14  470   59   77 4 |  4765  4751   713  3568
0015:   79  359   75   98 2 |  5299  5220   378  4483
0016:   11  225   64   38 2 |  4599  4588   103  4260
0017:   52  130   59   25 2 |  3282  3230    41  3059
0018:    8  358   56   42 4 |  3939  3931   148  3425
0019:   64  140   67   68 4 |  1917  1853   142  1571
SUM: 5612 97.20 64.61 3987.95 3447.65 0.356
