LCFS
0000:   18  474   98   12 2 |  5943  5925    55  5396
0001:   64  273   85   58 4 |  2487  2423   241  1909
0002:   81  377   88   87 2 |  1307  1226   327   522
0003:   62  246   90   79 4 |  4109  4047   193  3608
0004:   63  450   35   10 4 |  3955  3892   125  3317
0005:   71  344   84   17 1 |  2103  2032    76  1612
0006:    0  456   23   29 3 |  7247  7247   555  6236
0007:   75  361   35   35 3 |  4088  4013   316  3336
0008:    9  334   32   29 3 |  6212  6203   270  5599
0009:   95  186   27   25 1 |  1850  1755   143  1426
0010:   54  211   97   61 1 |  3105  3051    98  2742
0011:   11  296   14   32 3 |  7687  7676   473  6907
0012:   47  417   20   19 3 |  7097  7050   419  6214
0013:   34  390   76   20 4 |  5294  5260   114  4756
0014:   56  448   57   47 4 |  4010  3954   304  3202
0015:   14  447   27   46 2 |  7633  7619   722  6450
0016:   55  473   42   95 2 |  5507  5452  1158  3821
0017:   32  471   79   48 2 |  1082  1050   155   424
0018:   42  373   79   37 4 |  4866  4824   193  4258
0019:   96  477   53   41 4 |  1540  1444   280   687
SUM: 7687 97.62 60.91 4307.15 3621.10 0.260
