RR 5
0000:   49  129   81   13 2 |  2466  2417    16  2272
0001:   83  407   79   95 4 |  5817  5734   484  4843
0002:   13  335   26   48 2 |  5572  5559   556  4668
0003:   27  434   39   60 4 |  6166  6139   666  5039
0004:    3  437   50   64 4 |  5930  5927   447  5043
0005:   12  350   33   14 1 |  5392  5380   172  4858
0006:   89  132   61   79 3 |  2782  2693   210  2351
0007:   70  483   54   78 3 |  6209  6139   555  5101
0008:   78  325   74   15 3 |  5060  4982    64  4593
0009:   92  437   50   60 1 |  6143  6051   608  5006
0010:   48  487   90   35 1 |  6056  6008   123  5398
0011:   55  204   64   68 3 |  3689  3634   143  3287
0012:   71  310   50   71 3 |  5108  5037   406  4321
0013:   52  258   25   92 4 |  5093  5041   826  3957
0014:   29  491   82   97 4 |  6192  6163   647  5025
0015:    8  156   68   33 2 |  2773  2765   136  2473
0016:   59  186   96   41 2 |  3345  3286    53  3047
0017:   54  259   11   67 2 |  5606  5552  1293  4000
0018:   47  221   67   31 4 |  3877  3830    86  3523
0019:   42  163   37   60 4 |  3307  3265   233  2869
SUM: 6209 99.92 73.09 4780.10 4083.70 0.322
