RR 2
0000:   55  378   17   55 2 |  6347  6292  1204  4710
0001:   52  244   57   22 4 |  4307  4255    66  3945
0002:   43  143   96   68 2 |  2696  2653    47  2463
0003:   97  154   58   31 4 |  3046  2949    80  2715
0004:   73  438   25   75 4 |  6695  6622  1408  4776
0005:    0  235   74   30 1 |  3985  3985   111  3639
0006:   10  424   93   32 3 |  6066  6056   120  5512
0007:   89  335   98   99 3 |  5705  5616   407  4874
0008:   99  314   64   80 3 |  5479  5380   389  4677
0009:   47  385   14   80 1 |  6737  6690  2059  4246
0010:   65  397   88   27 1 |  6017  5952   128  5427
0011:   54  418  100   78 3 |  6143  6089   309  5362
0012:   52  331   50   62 3 |  5550  5498   320  4847
0013:   15  375   46   97 4 |  6187  6172   802  4995
0014:   92  345   13   22 4 |  5948  5856   448  5063
0015:   61  157   75   71 2 |  3126  3065   136  2772
0016:   90  461   98   86 2 |  6266  6176   463  5252
0017:   14  352   63   53 2 |  5768  5754   383  5019
0018:   36  291   44   58 4 |  5285  5249   487  4471
0019:    3  267   59   97 4 |  4789  4786   415  4104
SUM: 6737 95.65 79.59 5254.75 4443.45 0.297
