FCFS
0000:    8  264   26   34 2 |  4961  4953   364  4325
0001:   28  428   90   33 4 |  3858  3830   153  3249
0002:   50  290   49   84 2 |  3969  3919   340  3289
0003:    3  269   40   26 4 |  4089  4086   176  3641
0004:   17  348   62   67 4 |  4767  4750   472  3930
0005:   34  202   89   30 1 |  1841  1807    19  1586
0006:   52  129   84   69 3 |   934   882    61   692
0007:   73  257   70   57 3 |  3586  3513   207  3049
0008:   92  390   63   79 3 |  4401  4309   423  3496
0009:   21  375   33   61 1 |  4943  4922   414  4133
0010:   83  280   76   25 1 |  3705  3622   142  3200
0011:   96  353   49   35 3 |  4476  4380   267  3760
0012:   99  234   25   77 3 |  4929  4830   657  3939
0013:   82  131   61   22 4 |  2359  2277    57  2089
0014:   51  253   10   37 4 |  5544  5493   825  4415
0015:   90  128   14   75 2 |  4921  4831   584  4119
0016:   88  114   99   70 2 |  1634  1546    62  1370
0017:   58  289   42   77 2 |  4389  4331   430  3612
0018:   60  148   70   82 4 |  1998  1938   135  1655
0019:   23  199   40   37 4 |  4137  4114   168  3747
SUM: 5544 91.65 70.65 3716.65 3164.80 0.361
