FCFS
0000:   55  378   39   76 2 |  5129  5074   715  3981
0001:   69  101   51   21 4 |  1645  1576    48  1427
0002:   21  179   54   33 2 |  2416  2395   134  2082
0003:   68  305   44   80 4 |  4075  4007   360  3342
0004:   23  192   41   54 4 |  2101  2078   135  1751
0005:   46  287   63   63 1 |  3497  3451   299  2865
0006:   27  465   44   21 3 |  5029  5002   214  4323
0007:   83  398   44   81 3 |  5065  4982   862  3722
0008:   29  114   73   19 3 |  1355  1326    43  1169
0009:   12  422   27   64 1 |  5326  5314   851  4041
0010:   24  157   88   52 1 |  1447  1423    89  1177
0011:   72  292   11   37 3 |  5887  5815   925  4598
0012:   40  177   62   48 3 |  2624  2584   134  2273
0013:   21  442   26   91 4 |  5996  5975  1385  4148
0014:   78  249   23   15 4 |  4915  4837   178  4410
0015:   46  222   40   99 2 |  4398  4352   691  3439
0016:   70  457   39   53 2 |  5302  5232   707  4068
0017:   16  150   50   41 2 |  2623  2607   104  2353
0018:   57  275   39   43 4 |  3986  3929   269  3385
0019:   32  291   56   63 4 |  3800  3768   393  3084
SUM: 5996 92.61 81.87 3786.35 3081.90 0.334
