FCFS
0000:   87  389   27   69 2 |  5795  5708   799  4520
0001:   78  160   28   50 4 |  4858  4780   405  4215
0002:   38  450   80   89 2 |  4578  4540   482  3608
0003:   14  408   91   67 4 |  3755  3741   435  2898
0004:   90  202   21   90 4 |  5452  5362   609  4551
0005:   79  331   21   45 1 |  6254  6175   725  5119
0006:    1  104   57   38 3 |  2080  2079   113  1862
0007:   88  435   28   93 3 |  6135  6047  1163  4449
0008:   13  344   17   78 3 |  6555  6542  1351  4847
0009:    9  394   14   71 1 |  7012  7003  1622  4987
0010:   31  247   91   52 1 |  2275  2244   122  1875
0011:   22  214   22   65 3 |  5461  5439   720  4505
0012:   42  272   91   32 3 |  3093  3051   110  2669
0013:   80  246   30   89 4 |  5269  5189   734  4209
0014:    4  274  100   69 4 |  2855  2851   229  2348
0015:   10  453   29   56 2 |  6185  6175   894  4828
0016:   25  317   92   85 2 |  3051  3026   304  2405
0017:   69  488   63   23 2 |  4800  4731   141  4102
0018:   21  198   33   40 4 |  4518  4497   236  4063
0019:   56  481   78   55 4 |  4678  4622   360  3781
SUM: 7012 91.37 85.95 4690.10 3792.05 0.285
