PRIO 5
0000:    6  496   15   55 3 |  4075  4069  1625  1948
0001:   70  451   23   42 2 |  5279  5209   894  3864
0002:   52  175   14   95 1 |  5566  5514  1042  4297
0003:   84  108   44   72 3 |  1579  1495   157  1230
0004:   37  395   91   57 2 |  5440  5403   274  4734
0005:   82  141   72   35 3 |  2158  2076    92  1843
0006:   29  490   71   42 3 |  4794  4765   287  3988
0007:   42  394   42   84 1 |  6501  6459   981  5084
0008:   25  456   27   64 3 |  4328  4303  1068  2779
0009:   58  117   78   48 3 |  1557  1499    42  1340
0010:   51  198   32   20 1 |  5314  5263   115  4950
0011:   62  206   95   67 1 |  5595  5533   113  5214
0012:   50  443   70   38 2 |  5638  5588   256  4889
0013:   83  408   88   42 1 |  6230  6147   157  5582
0014:   42  224   81   80 3 |  2837  2795   133  2438
0015:   54  134   75   53 2 |  2645  2591    88  2369
0016:   14  474   77   19 1 |  6314  6300   136  5690
0017:    6  326   15   56 1 |  6341  6335  1442  4567
0018:    1  262   23   10 3 |  2305  2304    87  1955
0019:   47  490   35   41 2 |  5609  5562   604  4468
SUM: 6501 98.26 79.23 4460.50 3661.45 0.308
