RR 2
0000:   33  369   65   17 2 |  5764  5731    79  5283
0001:   10  212   94   66 4 |  3920  3910   159  3539
0002:   62  228   31   39 2 |  4731  4669   449  3992
0003:   91  336   21   13 4 |  5738  5647   192  5119
0004:   89  147   55   37 4 |  3043  2954   150  2657
0005:   50  469   35   52 1 |  6356  6306   514  5323
0006:    8  312   84   87 3 |  5336  5328   267  4749
0007:    7  316   73   82 3 |  5451  5444   293  4835
0008:   45  455   89   68 3 |  6317  6272   304  5513
0009:   69  320   38   15 1 |  5504  5435   131  4984
0010:   37  396  100   30 1 |  5967  5930   125  5409
0011:   44  230   43   60 3 |  4433  4389   279  3880
0012:   26  238   76   15 3 |  4363  4337    68  4031
0013:   48  165   69   82 4 |  3302  3254   152  2937
0014:   66  495   59   13 4 |  6296  6230   113  5622
0015:   81  210   10   50 2 |  5073  4992  1080  3702
0016:   78  394   79   51 2 |  6053  5975   261  5320
0017:   44  486   97   76 2 |  6426  6382   568  5328
0018:   50  342   85   50 4 |  5726  5676   290  5044
0019:   21  235   73   63 4 |  4408  4387   209  3943
SUM: 6426 98.90 57.49 5162.40 4560.50 0.311
