FCFS
0000:   30  368   73   16 2 |  4930  4900   104  4428
0001:   64  481   43   82 4 |  6518  6454   820  5153
0002:   98  434   71   10 2 |  5966  5868    97  5337
0003:   23  400   94   14 4 |  4217  4194    76  3718
0004:   98  165   76   23 4 |  2649  2551    26  2360
0005:   19  110   60   52 1 |  2688  2669   124  2435
0006:   78  457   34   59 3 |  6678  6600   886  5257
0007:   34  452   40   32 3 |  6363  6329   342  5535
0008:   16  444   35   25 3 |  6263  6247   308  5495
0009:   51  237   66   64 1 |  3714  3663   264  3162
0010:    8  394   91   17 1 |  3122  3114    41  2679
0011:   45  420   82   29 3 |  4720  4675   182  4073
0012:   93  161   24   85 3 |  5073  4980   619  4200
0013:   52  123   56   56 4 |  1834  1782    14  1645
0014:   69  144   40   80 4 |  4140  4071   289  3638
0015:   98  225   98   35 2 |  3077  2979    60  2694
0016:   16  224   89   93 2 |  2245  2229   203  1802
0017:   85  497   72   71 2 |  6029  5944   612  4835
0018:   73  355   66   87 4 |  4127  4054   354  3345
0019:   81  386   46   28 4 |  5692  5611   240  4985
SUM: 6678 96.99 61.77 4445.70 3838.80 0.299
