PRIO 2
0000:   76  115   71   22 2 |  3345  3269     9  3145
0001:   73  263   23   43 4 |  3292  3219   371  2585
0002:    7  232   64   90 2 |  4569  4562   173  4157
0003:   51  185   85   88 4 |  2742  2691   167  2339
0004:   72  378   40   59 4 |  4118  4046   593  3075
0005:    3  135   97   72 1 |  4683  4680    92  4453
0006:    3  330   37   81 3 |  4443  4440   473  3637
0007:   37  445   51   34 3 |  4743  4706   255  4006
0008:    8  187   26   37 3 |  2964  2956   407  2362
0009:   92  493   17   54 1 |  6435  6343  1599  4251
0010:   82  113   40   44 1 |  4503  4421   208  4100
0011:   32  210   80   55 3 |  3617  3585   135  3240
0012:    7  175   74   10 3 |  3258  3251    19  3057
0013:   20  485   47   13 4 |  4397  4377   180  3712
0014:   72  295   15   86 4 |  3613  3541  1546  1700
0015:   75  428   60   80 2 |  5036  4961   510  4023
0016:   84  230   14   88 2 |  4785  4701  1188  3283
0017:   71  152   62   83 2 |  3875  3804    60  3592
0018:   85  273   36   33 4 |  3364  3279   211  2795
0019:  100  124   36   66 4 |  1714  1614   182  1308
SUM: 6435 81.55 78.32 3922.30 3241.00 0.311
