PRIO 2
0000:   74  317   74   77 2 |  4882  4808   182  4309
0001:   74  205   53   73 4 |  2678  2604   214  2185
0002:   68  452   58   62 2 |  5448  5380   469  4459
0003:    4  204   62   45 4 |  2583  2579   167  2208
0004:   78  308   19   88 4 |  3750  3672  1367  1997
0005:   65  476   79   40 1 |  5902  5837   208  5153
0006:   16  227   29   43 3 |  3396  3380   407  2746
0007:   21  341   30   72 3 |  4422  4401   762  3298
0008:   14  337   74   97 3 |  4333  4319   335  3647
0009:   42  445   79   77 1 |  5985  5943   378  5120
0010:   65  369   18   96 1 |  6541  6476  1792  4315
0011:   62  147   76   27 3 |  2602  2540    37  2356
0012:   23  360   44   72 3 |  4521  4498   657  3481
0013:   65  172   81   44 4 |  2314  2249    75  2002
0014:   64  357   64   64 4 |  3830  3766   534  2875
0015:   61  132   44   46 2 |  3155  3094    68  2894
0016:   97  415   89   28 2 |  5209  5112   129  4568
0017:   12  394   99   98 2 |  5192  5180   346  4440
0018:   39  116   32   55 4 |  1427  1388   141  1131
0019:   38  204   47   27 4 |  2607  2569    77  2288
SUM: 6541 91.39 74.99 3989.75 3273.60 0.306
