SRTF
0000:   68  177   60   52 2 |   705   637   109   351
0001:   46  377   35   36 4 |  3498  3452   346  2729
0002:   29  144   69   66 2 |   427   398    72   182
0003:   55  409   11   85 4 |  8057  8002  2937  4656
0004:   69  458   52   97 4 |  5502  5433   702  4273
0005:   57  200   70   77 1 |  1408  1351   352   799
0006:   23  352   98   20 3 |  2366  2343   108  1883
0007:   31  497   93   56 3 |  5548  5517   166  4854
0008:   70  351   36   12 3 |  2499  2429    82  1996
0009:    0  465   41   19 1 |  6261  6261   295  5501
0010:   25  496   54   88 1 |  6288  6263   812  4955
0011:   74  318   89   55 3 |  1808  1734   192  1224
0012:    4  153   55   89 3 |   453   449   191   105
0013:   58  449   61   24 4 |  4315  4257   231  3577
0014:   37  429   30   68 4 |  4301  4264   711  3124
0015:   83  214   71   36 2 |  1641  1558   116  1228
0016:   53  454  100   90 2 |  3892  3839   480  2905
0017:   53  147   22   38 2 |  1121  1068   209   712
0018:   20  140   32   62 4 |   722   702   280   282
0019:   14  211   97   31 4 |  1089  1075    43   821
SUM: 8057 79.94 74.31 3051.60 2307.85 0.248
