PRIO 5
0000:   10  333   58   46 3 |  4203  4193   248  3612
0001:   83  191   74   20 2 |  3905  3822    66  3565
0002:   30  429   68   85 1 |  6518  6488   580  5479
0003:   88  391   64   51 3 |  4441  4353   305  3657
0004:   95  385   95   10 2 |  5464  5369    45  4939
0005:   39  201   79   19 3 |  2989  2950    32  2717
0006:   97  388   93   14 3 |  4684  4587    31  4168
0007:    5  463   47   36 1 |  6340  6335   226  5646
0008:   17  273   36  100 3 |  3711  3694   550  2871
0009:   50  259   68   34 3 |  3479  3429   159  3011
0010:   41  480   62   69 1 |  6528  6487   428  5579
0011:   18  188   37   14 1 |  5429  5411    54  5169
0012:   95  204   24   53 2 |  3878  3783   549  3030
0013:   82  165   88   51 1 |  5282  5200    56  4979
0014:   83  439   20   75 3 |  5058  4975  1781  2755
0015:   33  437   20   32 2 |  5358  5325   846  4042
0016:   20  129   34   98 1 |  4637  4617   374  4114
0017:   16  374   78   87 1 |  6261  6245   354  5517
0018:   54  415   61   13 3 |  4524  4470   153  3902
0019:   77  324   74   95 2 |  5397  5320   446  4550
SUM: 6528 99.08 68.43 4852.65 4165.10 0.306
