PREPRIO 4
0000:   68  177   60   52 2 |  4721  4653   108  4368
0001:   46  377   35   36 4 |  3996  3950   376  3197
0002:   29  144   69   66 2 |  4187  4158    72  3942
0003:   55  409   11   85 4 |  4106  4051  2856   786
0004:   69  458   52   97 4 |  5199  5130   786  3886
0005:   57  200   70   77 1 |  5823  5766   262  5304
0006:   23  352   98   20 3 |  5148  5125   112  4661
0007:   31  497   93   56 3 |  5573  5542   299  4746
0008:   70  351   36   12 3 |  4880  4810   159  4300
0009:    0  465   41   19 1 |  6356  6356   252  5639
0010:   25  496   54   88 1 |  6738  6713   688  5529
0011:   74  318   89   55 3 |  5106  5032   160  4554
0012:    4  153   55   89 3 |  2930  2926   455  2318
0013:   58  449   61   24 4 |  4924  4866   144  4273
0014:   37  429   30   68 4 |  4765  4728   818  3481
0015:   83  214   71   36 2 |  5181  5098   117  4767
0016:   53  454  100   90 2 |  6008  5955   373  5128
0017:   53  147   22   38 2 |  3807  3754   259  3348
0018:   20  140   32   62 4 |  1645  1625   172  1313
0019:   14  211   97   31 4 |  2749  2735    53  2471
SUM: 6738 95.59 74.78 4648.65 3900.55 0.297
