SRTF
0000:   18  474   98   12 2 |  5764  5746    57  5215
0001:   64  273   85   58 4 |  1107  1043   160   610
0002:   81  377   88   87 2 |  3018  2937   389  2171
0003:   62  246   90   79 4 |   695   633   151   236
0004:   63  450   35   10 4 |  4892  4829   130  4249
0005:   71  344   84   17 1 |  1479  1408    83   981
0006:    0  456   23   29 3 |  6930  6930   597  5877
0007:   75  361   35   35 3 |  3282  3207   381  2465
0008:    9  334   32   29 3 |  2112  2103   344  1425
0009:   95  186   27   25 1 |   998   903   135   582
0010:   54  211   97   61 1 |   627   573   208   154
0011:   11  296   14   32 3 |  3397  3386   670  2420
0012:   47  417   20   19 3 |  5938  5891   439  5035
0013:   34  390   76   20 4 |  3468  3434    78  2966
0014:   56  448   57   47 4 |  4331  4275   346  3481
0015:   14  447   27   46 2 |  5249  5235   800  3988
0016:   55  473   42   95 2 |  8002  7947   988  6486
0017:   32  471   79   48 2 |  6698  6666   368  5827
0018:   42  373   79   37 4 |  2339  2297   183  1741
0019:   96  477   53   41 4 |  7421  7325   270  6578
SUM: 8002 93.78 60.90 3838.40 3124.35 0.250
