PRIO 5
0000:   53  358   81   68 3 |  3848  3795   317  3120
0001:   85  374   33   13 2 |  4350  4265   153  3738
0002:  100  125   37   12 1 |  4038  3938    41  3772
0003:   81  376   29   44 3 |  3505  3424   633  2415
0004:   33  345   86   54 2 |  4621  4588   213  4030
0005:   13  116   78   18 3 |  1493  1480    14  1350
0006:   86  133   28   66 3 |  1727  1641   299  1209
0007:   52  336   38   45 1 |  5364  5312   499  4477
0008:   38  126   37   87 3 |  1622  1584   248  1210
0009:   14  103   36   72 3 |   973   959   129   727
0010:   63  411   65   97 1 |  5479  5416   461  4544
0011:   93  267   72   48 1 |  5044  4951   167  4517
0012:   94  264   10   96 2 |  4619  4525  2511  1750
0013:    4  350   41   49 1 |  5319  5315   388  4577
0014:    0  354   94   14 3 |  3716  3716    39  3323
0015:   12  257   79   75 2 |  4054  4042   283  3502
0016:   80  223   29   61 1 |  4955  4875   360  4292
0017:   64  125   76  100 1 |  4079  4015     2  3888
0018:   65  314   34   70 3 |  3167  3102   690  2098
0019:   67  433   26   51 2 |  4874  4807   661  3713
SUM: 5479 98.38 79.74 3787.50 3112.60 0.365
