FCFS
0000:   69  499   21   49 2 |  6159  6090  1228  4363
0001:   59  380   87   10 4 |  3924  3865    30  3455
0002:   64  107   73   71 2 |  2020  1956   122  1727
0003:   61  426   84   45 4 |  4419  4358   267  3665
0004:   20  386   94   68 4 |  3111  3091   234  2471
0005:   93  368   92   64 1 |  4193  4100   171  3561
0006:   76  164   66   72 3 |  2719  2643    29  2450
0007:   33  319   22   56 3 |  5460  5427   880  4228
0008:   50  280   33   74 3 |  5324  5274   779  4215
0009:   76  245   85   19 1 |  3243  3167    59  2863
0010:    8  370   14   88 1 |  6985  6977  2254  4353
0011:   51  379   98   25 3 |  4209  4158   125  3654
0012:   85  149   97   75 3 |  2814  2729   107  2473
0013:   98  130   23   10 4 |  4329  4231    44  4057
0014:   67  330   69   26 4 |  4306  4239   125  3784
0015:   20  224   43   14 2 |  4139  4119    65  3830
0016:   68  238   43   18 2 |  4345  4277   100  3939
0017:   51  227   82   98 2 |  4304  4253   456  3570
0018:   16  370   63   35 4 |  4930  4914   358  4186
0019:   56  136   13   73 4 |  5199  5143   782  4225
SUM: 6985 81.99 71.65 4250.55 3553.45 0.286
