PRIO 2
0000:   59  326   89   30 2 |  5177  5118   170  4622
0001:   31  253   96   40 4 |  3570  3539   102  3184
0002:   98  238   12   54 2 |  4868  4770   993  3539
0003:   29  363   11   90 4 |  4547  4518  2371  1784
0004:   32  336   11   10 4 |  2970  2938   357  2245
0005:   13  201   46   25 1 |  5317  5304   134  4969
0006:   10  120   45   92 3 |  2496  2486   163  2203
0007:   41  325   27   90 3 |  4798  4757   946  3486
0008:   10  201   17   75 3 |  3604  3594   929  2464
0009:   35  311   35   44 1 |  5697  5662   354  4997
0010:   75  272   52   73 1 |  5651  5576   381  4923
0011:   78  203   79   31 3 |  3806  3728    70  3455
0012:   20  163   88   41 3 |  3194  3174    77  2934
0013:   47  248   33   70 4 |  3781  3734   648  2838
0014:   61  442   85   18 4 |  4677  4616    94  4080
0015:   62  493   34   82 2 |  6121  6059  1420  4146
0016:  100  346   80   55 2 |  5237  5137   195  4596
0017:   43  190   71   13 2 |  4503  4460    35  4235
0018:   88  331   58   99 4 |  4152  4064   237  3496
0019:   70  359   93   64 4 |  4364  4294   292  3643
SUM: 6121 93.47 81.82 4376.40 3591.95 0.327
