RR 5
0000:   21  498   13   95 2 |  7617  7596  3286  3812
0001:   89  405   60   63 4 |  5660  5571   384  4782
0002:   11  216   72   56 2 |  3908  3897   221  3460
0003:   93  298   92   40 4 |  4775  4682   115  4269
0004:   46  433   37   77 4 |  5906  5860   804  4623
0005:   82  203   30   30 1 |  4107  4025   199  3623
0006:   32  125   50   22 3 |  2259  2227    30  2072
0007:   77  250   20   95 3 |  5046  4969   926  3793
0008:   36  280   70   84 3 |  5021  4985   616  4089
0009:   15  437   12   54 1 |  6648  6633  1879  4317
0010:   36  245   73   61 1 |  4186  4150   130  3775
0011:    3  251   46   99 3 |  4282  4279   253  3775
0012:   22  466   73   91 3 |  5813  5791   521  4804
0013:   98  147   38   99 4 |  3658  3560   635  2778
0014:   76  237   89   98 4 |  4330  4254   275  3742
0015:   16  427   58   45 2 |  5682  5666   338  4901
0016:   34  408   80   87 2 |  5548  5514   360  4746
0017:   87  239   80   69 2 |  4309  4222   264  3719
0018:    9  360   18   39 4 |  5674  5665   693  4612
0019:   23  257   99   12 4 |  4243  4220    28  3935
SUM: 7617 81.16 86.15 4888.30 3981.35 0.263
