SRTF
0000:   55  241   67   92 2 |  1668  1613   160  1212
0001:   60  367   25   36 4 |  4320  4260   558  3335
0002:   99  443   47   88 2 |  5082  4983   648  3892
0003:   71  330   96   89 4 |  2293  2222    91  1801
0004:   88  295   26   43 4 |  3118  3030   466  2269
0005:   79  276   94   64 1 |  1730  1651   207  1168
0006:   49  416   62  100 3 |  4423  4374   358  3600
0007:   60  459   28   27 3 |  6268  6208   482  5267
0008:   35  202   99   42 3 |   806   771    30   539
0009:   45  168   57   74 1 |  1110  1065   203   694
0010:   39  402   92   17 1 |  3398  3359    66  2891
0011:   33  160   81   27 3 |   503   470    56   254
0012:   26  386   69   58 3 |  2906  2880   263  2231
0013:   64  486   64   34 4 |  6071  6007   278  5243
0014:   70  206   89   62 4 |  1121  1051   187   658
0015:   37  229   64   88 2 |  1994  1957   386  1342
0016:   48  310   11   37 2 |  5325  5277  1023  3944
0017:   41  118   70   17 2 |   577   536    73   345
0018:   71  453   59   72 4 |  5705  5634   612  4569
0019:   87  129   86   96 4 |   375   288    40   119
SUM: 6268 96.94 63.94 2881.80 2268.65 0.319
