RR 2
0000:   58  346   57   58 2 |  4840  4782   171  4265
0001:    9  367   66   26 4 |  4885  4876   186  4323
0002:   65  227   69   20 2 |  3798  3733    35  3471
0003:   31  129   61   36 4 |  2478  2447   106  2212
0004:   72  116   88   77 4 |  2298  2226    81  2029
0005:   61  158   84   26 1 |  2981  2920    54  2708
0006:   10  193   86   35 3 |  3280  3270    61  3016
0007:    5  418   23   42 3 |  5292  5287   718  4151
0008:   73  116   11   54 3 |  2964  2891   632  2143
0009:   99  198   43   16 1 |  3578  3479    80  3201
0010:   61  308   28   60 1 |  4788  4727   479  3940
0011:   81  190   13   75 3 |  4101  4020   821  3009
0012:   75  255   83  100 3 |  4198  4123   252  3616
0013:   66  437   16   73 4 |  5810  5744  1514  3793
0014:   25  392   77   54 4 |  5098  5073   337  4344
0015:   16  193   29   16 2 |  3409  3393   100  3100
0016:   56  464   89   51 2 |  5222  5166   206  4496
0017:   65  325   97   18 2 |  4679  4614   136  4153
0018:   52  157   29   10 4 |  2961  2909    23  2729
0019:    1  426   18   64 4 |  5557  5556  1279  3851
SUM: 5810 93.20 74.27 4061.80 3427.50 0.344
