RR 5
0000:   11  330   60   40 2 |  5430  5419   202  4887
0001:   71  287   33   72 4 |  5717  5646   878  4481
0002:   17  491   14   33 2 |  6777  6760  1266  5003
0003:   34  288   95   93 4 |  5240  5206   389  4529
0004:   23  439   84   66 4 |  5983  5960   314  5207
0005:   74  454   70   89 1 |  6279  6205   683  5068
0006:   21  299   59   49 3 |  5183  5162   234  4629
0007:   65  288   42   82 3 |  5391  5326   537  4501
0008:   24  235   60   71 3 |  4489  4465   257  3973
0009:   97  394   70   74 1 |  5971  5874   508  4972
0010:   13  197   61   63 1 |  3562  3549   126  3226
0011:   13  323   35   55 3 |  5633  5620   445  4852
0012:   29  295   58   77 3 |  5249  5220   291  4634
0013:   45  499   29   31 4 |  6354  6309   521  5289
0014:   18  177   68   73 4 |  3433  3415   184  3054
0015:   87  285   79   15 2 |  4876  4789    41  4463
0016:   33  443   66   80 2 |  6115  6082   510  5129
0017:   33  292  100   96 2 |  5080  5047   185  4570
0018:   48  208   80   43 4 |  3731  3683    46  3429
0019:   17  184   50   28 4 |  3436  3419   114  3121
SUM: 6777 94.56 68.60 5157.80 4450.85 0.295
