LCFS
0000:   24  328   78   61 2 |  5654  5630   254  5048
0001:   65  175   61   99 4 |  1929  1864   323  1366
0002:   29  424   91   70 2 |  1078  1049   256   369
0003:   53  146   24   62 4 |  3473  3420   566  2708
0004:   46  212   95   14 4 |  2537  2491    18  2261
0005:   35  284   89   92 1 |  3566  3531   223  3024
0006:    4  213   40   99 3 |  1813  1809   769   827
0007:   57  270   55   94 3 |  3870  3813   247  3296
0008:   42  489   28   70 3 |  6537  6495  1415  4591
0009:   64  493   75   36 1 |  2139  2075   214  1368
0010:   14  121   33   18 1 |  5367  5353    82  5150
0011:   62  456   61   99 3 |  4542  4480   777  3247
0012:   44  455   62   70 3 |  3605  3561   299  2807
0013:   24  266   48   89 4 |  5312  5288   526  4496
0014:   95  327   91   17 4 |   591   496    45   124
0015:   14  268   84   63 2 |  5146  5132    81  4783
0016:   90  269   32   89 2 |  2179  2089   728  1092
0017:   12  302   39   80 2 |  6171  6159   481  5376
0018:   25  331   92   26 4 |  4646  4621   147  4143
0019:   79  198   35   39 4 |  2134  2055   223  1634
SUM: 6537 92.20 74.39 3570.55 2885.50 0.306
