SRTF
0000:   78  159   63   67 2 |   683   605   142   304
0001:   37  253   63   66 4 |  1653  1616   199  1164
0002:   28  227   79   82 2 |  1320  1292   302   763
0003:   40  363   65   43 4 |  4020  3980   252  3365
0004:   12  243   94   23 4 |   622   610    67   300
0005:    8  477   18   19 1 |  6655  6647   540  5630
0006:   30  447   80   51 3 |  4328  4298   212  3639
0007:   23  219   99   46 3 |   446   423    72   132
0008:   23  482   93   58 3 |  5593  5570   180  4908
0009:   21  360   29   10 1 |  5160  5139   136  4643
0010:   63  287   52   62 1 |  2732  2669   183  2199
0011:   64  313   81   40 3 |  2352  2288   134  1841
0012:   28  303   90   32 3 |  2068  2040    86  1651
0013:   52  245   40   77 4 |  2145  2093   389  1459
0014:   98  346   70   79 4 |  3386  3288   383  2559
0015:   73  348   92   23 2 |  3297  3224    87  2789
0016:   33  222   99   21 2 |   961   928    51   655
0017:   98  340   27   44 2 |  4876  4778   700  3738
0018:    1  460   55   63 4 |  5689  5688   518  4710
0019:   73  467   13   84 4 |  8677  8604  2698  5439
SUM: 8677 75.61 67.81 3289.00 2594.40 0.230
