RR 2
0000:   38  120   18   82 2 |  2873  2835   560  2155
0001:   49  201   88   26 4 |  3487  3438    27  3210
0002:   33  115   57   57 2 |  2297  2264   123  2026
0003:   35  475   89   81 4 |  5825  5790   508  4807
0004:   25  212   68   59 4 |  3761  3736   254  3270
0005:   37  477   23   22 1 |  5835  5798   483  4838
0006:   15  251   53   16 3 |  4052  4037    74  3712
0007:   39  494   98   82 3 |  5820  5781   416  4871
0008:    4  423   25   26 3 |  5489  5485   425  4637
0009:   26  360   55   90 1 |  5268  5242   484  4398
0010:    5  107   17   52 1 |  2255  2250   319  1824
0011:   91  256   36   66 3 |  4503  4412   577  3579
0012:   89  467   56   86 3 |  5872  5783   632  4684
0013:   54  342   75   91 4 |  5101  5047   451  4254
0014:   34  106   64   30 4 |  2035  2001    26  1869
0015:   23  430   30   85 2 |  5839  5816   969  4417
0016:   19  174   84   88 2 |  3088  3069    74  2821
0017:   51  294   35   12 2 |  4559  4508   111  4103
0018:   67  212   75   38 4 |  3694  3627    91  3324
0019:   46  323   86   71 4 |  4886  4840   324  4193
SUM: 5872 99.44 71.29 4287.95 3649.60 0.341
