SRTF
0000:   13  440   17   59 2 |  7212  7199  1631  5128
0001:   96  456   36   73 4 |  5021  4925   729  3740
0002:   69  300   61   71 2 |  2272  2203   207  1696
0003:   13  370   80   10 4 |  3146  3133    60  2703
0004:   95  188   85   31 4 |   921   826    94   544
0005:   95  342   17   73 1 |  5139  5044  1229  3473
0006:   15  350   12   85 3 |  6962  6947  2529  4068
0007:   28  146   36   99 3 |   899   871   289   436
0008:   41  272   99   61 3 |  1161  1120    70   778
0009:   92  274   38   73 1 |  2289  2197   628  1295
0010:    4  361   49   22 1 |  3041  3037   222  2454
0011:    3  497   56   71 3 |  6363  6360   573  5290
0012:    5  460   63   26 3 |  5149  5144   203  4481
0013:   23  172   98   51 4 |   427   404    48   184
0014:   58  244   97   74 4 |  1416  1358   242   872
0015:   82  453   39   70 2 |  6211  6129   701  4975
0016:   27  282   35   80 2 |  2880  2853   816  1755
0017:   59  162   60   24 2 |   453   394    70   162
0018:   75  444   45   10 4 |  3981  3906   120  3342
0019:   23  298   64   97 4 |  2163  2140   397  1445
SUM: 7212 90.28 81.56 3309.50 2441.05 0.277
