RR 5
0000:    5  498   23   92 2 |  5999  5994  1888  3608
0001:   84  140   27   32 4 |  2616  2532   141  2251
0002:   74  426   47   99 2 |  5352  5278  1019  3833
0003:   75  396   44   96 4 |  5390  5315   844  4075
0004:   97  281   24   42 4 |  4562  4465   449  3735
0005:   70  176   60   50 1 |  3067  2997   143  2678
0006:   38  184   14   24 3 |  3709  3671   336  3151
0007:   62  307   53   59 3 |  4440  4378   296  3775
0008:   11  234   41   53 3 |  3813  3802   289  3279
0009:   46  164   26   44 1 |  3289  3243   355  2724
0010:   95  108   66   79 1 |  2114  2019   105  1806
0011:   24  244   45   93 3 |  4046  4022   448  3330
0012:   18  482   66   95 3 |  5593  5575   977  4116
0013:   12  102   87   69 4 |  1715  1703    68  1533
0014:   80  379   62   26 4 |  4854  4774   201  4194
0015:   92  246   28   67 2 |  4211  4119   578  3295
0016:   35  162   49   83 2 |  2960  2925   188  2575
0017:   64  133   93  100 2 |  2373  2309   124  2052
0018:   55  432   38   31 4 |  5093  5038   291  4315
0019:   28  418   22   65 4 |  5450  5422  1205  3799
SUM: 5999 91.88 83.73 3979.05 3206.20 0.333
