PREPRIO 4
0000:   63  141   83   78 2 |  3858  3795    57  3597
0001:  100  126   43   89 4 |  2019  1919   174  1619
0002:   39  326   73   45 2 |  5153  5114   174  4614
0003:    2  369   61   89 4 |  4208  4206   370  3467
0004:   96  345   21   49 4 |  3320  3224  1043  1836
0005:   22  213   56   11 1 |  5218  5196    36  4947
0006:   70  421   32   62 3 |  4968  4898   646  3831
0007:   42  353   61   33 3 |  4643  4601   159  4089
0008:   12  399   72   88 3 |  4905  4893   468  4026
0009:   81  442   49   38 1 |  5758  5677   447  4788
0010:   83  175   75   94 1 |  5281  5198   197  4826
0011:   26  382   20   36 3 |  4428  4402   801  3219
0012:   70  290   50   18 3 |  4146  4076    86  3700
0013:   52  375   32   24 4 |  3526  3474   320  2779
0014:   12  116   10   16 4 |   543   531   218   197
0015:   24  105   47   47 2 |  3150  3126    85  2936
0016:   71  375   18   16 2 |  5115  5044   331  4338
0017:   93  156   79   93 2 |  3954  3861   285  3420
0018:   89  134   59   67 4 |  1811  1722   157  1431
0019:   52  255   89   11 4 |  3323  3271    31  2985
SUM: 5758 95.48 65.96 3911.40 3332.25 0.347
