PREPRIO 4
0000:   56  121   95   27 2 |  4260  4204    48  4035
0001:   50  331   12   80 4 |  3118  3068  2072   665
0002:   70  151   22   21 2 |  4120  4050   188  3711
0003:   81  500   55   71 4 |  5575  5494   491  4503
0004:   14  272   33   86 4 |  3942  3928   745  2911
0005:    8  304   11   90 1 |  7574  7566  2470  4792
0006:   64  362   18   44 3 |  4465  4401   715  3324
0007:   83  177   72   56 3 |  3697  3614   115  3322
0008:   14  374   77   72 3 |  5803  5789   322  5093
0009:   63  307   82   13 1 |  6162  6099    33  5759
0010:   87  117   20   20 1 |  5553  5466   137  5212
0011:   85  324   43   99 3 |  5486  5401  1271  3806
0012:    1  478   54   61 3 |  6024  6023   691  4854
0013:   26  459   76   91 4 |  5706  5680   615  4606
0014:   30  420   38   14 4 |  4430  4400   137  3843
0015:   25  326   40   48 2 |  5882  5857   391  5140
0016:   62  280   50   21 2 |  5874  5812   144  5388
0017:    9  259   21   22 2 |  5481  5472   253  4960
0018:   96  297   99   41 4 |  4414  4318   118  3903
0019:   48  436   88   92 4 |  5224  5176   389  4351
SUM: 7574 83.11 87.43 5090.90 4208.90 0.264
