RR 2
0000:    5  498   23   92 2 |  6032  6027  2028  3501
0001:   84  140   27   32 4 |  2725  2641   166  2335
0002:   74  426   47   99 2 |  5348  5274   844  4004
0003:   75  396   44   96 4 |  5191  5116  1021  3699
0004:   97  281   24   42 4 |  4509  4412   544  3587
0005:   70  176   60   50 1 |  3103  3033   130  2727
0006:   38  184   14   24 3 |  3438  3400   298  2918
0007:   62  307   53   59 3 |  4510  4448   313  3828
0008:   11  234   41   53 3 |  3711  3700   240  3226
0009:   46  164   26   44 1 |  3141  3095   347  2584
0010:   95  108   66   79 1 |  2092  1997    61  1828
0011:   24  244   45   93 3 |  4155  4131   634  3253
0012:   18  482   66   95 3 |  5403  5385   780  4123
0013:   12  102   87   69 4 |  1750  1738    66  1570
0014:   80  379   62   26 4 |  4756  4676   145  4152
0015:   92  246   28   67 2 |  4195  4103   534  3323
0016:   35  162   49   83 2 |  3018  2983   264  2557
0017:   64  133   93  100 2 |  2513  2449   143  2173
0018:   55  432   38   31 4 |  5137  5082   456  4194
0019:   28  418   22   65 4 |  5382  5354  1307  3629
SUM: 6032 91.38 84.58 3952.20 3160.55 0.332
