PREPRIO 2
0000:   89  230   71   75 2 |  4285  4196    97  3869
0001:   34  307   22   82 5 |  3059  3025  1079  1639
0002:   32  261   59   79 3 |  3892  3860   354  3245
0003:    5  274   16   98 2 |  5046  5041  1765  3002
0004:   85  232   51   85 5 |  2472  2387   317  1838
0005:   11  396   64   83 2 |  5210  5199   630  4173
0006:   44  137   14   94 2 |  3564  3520   855  2528
0007:   66  339   29   65 4 |  3876  3810   842  2629
0008:   63  159   14   23 2 |  3323  3260   320  2781
0009:    5  373   39  100 1 |  5964  5959  1265  4321
0010:    8  299   31   76 4 |  3411  3403   676  2428
0011:   14  482   88   87 4 |  4619  4605   562  3561
0012:    0  201   81   25 1 |  4904  4904    37  4666
0013:    6  136   81   14 4 |  1772  1766    35  1595
0014:   29  190   50   30 1 |  4871  4842   110  4542
0015:   56  371   30   23 2 |  4848  4792   226  4195
0016:   18  150   65   55 2 |  3596  3578   254  3174
0017:   17  391   17   47 4 |  3668  3651   903  2357
0018:   42  121   27   52 2 |  2985  2943   164  2658
0019:   24  215   15   94 1 |  5408  5384  1158  4011
SUM: 5964 88.26 88.50 4006.25 3160.60 0.335
