LCFS
0000:   47  305   60   66 2 |  5459  5412   497  4610
0001:    3  395   87   99 4 |  1657  1654   467   792
0002:   78  270   43   46 2 |  2291  2213   194  1749
0003:   38  407   89   28 4 |   821   783    77   299
0004:   75  338   57   49 4 |  2954  2879   311  2230
0005:   87  394   35   29 1 |  2950  2863   381  2088
0006:   49  271   24   81 3 |  6452  6403   837  5295
0007:   24  323   48   85 3 |  6407  6383   404  5656
0008:   62  341   35   22 3 |  3851  3789   182  3266
0009:   83  107   64   80 1 |  1341  1258   114  1037
0010:   68  196   99   39 1 |  2233  2165    39  1930
0011:   48  290   71   20 3 |  4611  4563    77  4196
0012:   75  246   45   82 3 |  2602  2527   382  1899
0013:    5  151   97   27 4 |  5755  5750     5  5594
0014:    8  453   57   50 4 |  4710  4702   380  3869
0015:   33  301   45   78 2 |  6048  6015   447  5267
0016:   53  277   98   21 2 |  3425  3372    28  3067
0017:   78  463   25   25 2 |  3868  3790   475  2852
0018:   28  416   91   33 4 |  5408  5380   113  4851
0019:   85  297   83   79 4 |  1073   988   164   527
SUM: 6452 96.73 64.94 3644.45 3053.70 0.310
