LCFS
0000:   35  319   25   90 2 |  4959  4924   998  3607
0001:   23  333   34   56 4 |  6233  6210   578  5299
0002:    5  292   64   37 2 |  7036  7031   241  6498
0003:   70  333   60   51 4 |  2651  2581   309  1939
0004:   47  460   17   50 4 |  7236  7189  1074  5655
0005:   28  380   57   80 1 |  4823  4795   525  3890
0006:   24  474   26   91 3 |  7281  7257  1594  5189
0007:    5  330   97   49 3 |   770   765   227   208
0008:   25  467   58   72 3 |  4437  4412   506  3439
0009:   68  331   42   34 1 |  2956  2888   268  2289
0010:   89  125   54   40 1 |   449   360    83   152
0011:   33  431   48   62 3 |  6044  6011   704  4876
0012:   71  385   88   56 3 |  1795  1724    80  1259
0013:   46  280   41   63 4 |  4096  4050   454  3316
0014:   40  243   25   17 4 |  2815  2775   138  2394
0015:   73  447   13   69 2 |  7317  7244  2241  4556
0016:   16  319   69   12 2 |  5703  5687    53  5315
0017:    9  347   53   59 2 |  6959  6950   479  6124
0018:   80  480   73   30 4 |  1890  1810   183  1147
0019:   80  386   74   24 4 |  1005   925    55   484
SUM: 7317 97.88 78.73 4279.40 3381.80 0.273
