FCFS
0000:   96  252   61   10 2 |  3948  3852    29  3571
0001:   80  278   95   17 4 |  3368  3288    58  2952
0002:   89  417   71   48 2 |  5339  5250   260  4573
0003:   12  108   60   59 4 |  1634  1622   100  1414
0004:    3  429   39   73 4 |  6030  6027   767  4831
0005:   70  375   63   65 1 |  4428  4358   231  3752
0006:   86  259   34   29 3 |  5536  5450   196  4995
0007:   91  493   67   15 3 |  5650  5559   124  4942
0008:   20  188   23   32 3 |  5405  5385   257  4940
0009:   31  460   71   24 1 |  5387  5356   190  4706
0010:   15  416   26   21 1 |  6099  6084   297  5371
0011:   41  421   48   42 3 |  5876  5835   397  5017
0012:  100  355   55   87 3 |  5227  5127   470  4302
0013:   67  199   47   83 4 |  4209  4142   299  3644
0014:   67  142   74   87 4 |  2209  2142   132  1868
0015:   91  156   74   39 2 |  3059  2968   101  2711
0016:   87  166   28   47 2 |  5491  5404   269  4969
0017:   88  275   92   17 2 |  3822  3734    52  3407
0018:   27  227   75   58 4 |  3540  3513   121  3165
0019:   41  422   89   36 4 |  4394  4353   220  3711
SUM: 6099 99.00 57.06 4472.45 3942.05 0.328
