PRIO 5
0000:   39  457   89   73 3 |  5117  5078   241  4380
0001:   22  169   98   95 2 |  3802  3780   292  3319
0002:   84  387   66   70 1 |  6922  6838   441  6010
0003:    3  168   87   23 3 |  2486  2483    31  2284
0004:   20  471   42   67 2 |  5923  5903   753  4679
0005:    7  404   58   51 3 |  4710  4703   244  4055
0006:   38  315   22   63 3 |  3098  3060   859  1886
0007:   80  369   51   28 1 |  6717  6637   219  6049
0008:   33  497   30   16 3 |  4367  4334   222  3615
0009:   74  274   59   80 3 |  3424  3350   536  2540
0010:   60  406   24   11 1 |  6702  6642   160  6076
0011:   20  397   78   89 1 |  6891  6871   377  6097
0012:   82  200   87   79 2 |  4180  4098   168  3730
0013:  100  119   72   96 1 |  4737  4637   125  4393
0014:    8  482   29   26 3 |  4618  4610   497  3631
0015:   88  495   87  100 2 |  6377  6289   905  4889
0016:   35  481   39   76 1 |  7227  7192   990  5721
0017:   58  341   12   49 1 |  6860  6802  1344  5117
0018:   52  182   95   27 3 |  2527  2475   100  2193
0019:   99  403   60   36 2 |  5672  5573   181  4989
SUM: 7227 97.09 70.57 5067.75 4282.65 0.277
