LCFS
0000:   54  113   93   84 2 |   259   205    78    14
0001:   72  150   21   72 4 |  3024  2952   379  2423
0002:   28  298   25   68 2 |  5503  5475   804  4373
0003:   22  383   10   91 4 |  8521  8499  2833  5283
0004:   78  272   90   65 4 |  2909  2831   298  2261
0005:    5  257  100   77 1 |   665   660    98   305
0006:   25  224   81   41 3 |  4073  4048    40  3784
0007:   89  412   99   54 3 |  1627  1538   174   952
0008:   15  300   98   21 3 |  4782  4767    55  4412
0009:   72  474   38   56 1 |  3609  3537   620  2443
0010:  100  382   99   66 1 |   974   874   160   332
0011:   71  326   27   77 3 |  5498  5427  1023  4078
0012:   80  453   36   18 3 |  2725  2645   226  1966
0013:   84  158   42   90 4 |   860   776   148   470
0014:   32  240   68   55 4 |  3654  3622   214  3168
0015:    7  301   64   42 2 |  5404  5397   181  4915
0016:   37  217   15   95 2 |  5700  5663  1278  4168
0017:   34  413  100   61 2 |  4205  4171   233  3525
0018:   82  287   26   87 4 |  3374  3292  1077  1928
0019:   17  389   41   95 4 |  5960  5943   901  4653
SUM: 8521 70.99 78.95 3616.10 2772.65 0.235
