RR 2
0000:   81  449   47   81 2 |  7097  7016   559  6008
0001:   61  145   46   32 4 |  2851  2790    77  2568
0002:   55  162   75   47 2 |  3190  3135   186  2787
0003:   16  496   84   45 4 |  7086  7070   258  6316
0004:    3  283   16   70 4 |  5916  5913  1322  4308
0005:   90  447   98   72 1 |  6909  6819   291  6081
0006:   86  329   64   17 3 |  5600  5514    80  5105
0007:   76  460   58   67 3 |  7101  7025   423  6142
0008:   14  124   38   21 3 |  2192  2178    63  1991
0009:   73  482   55   38 1 |  7119  7046   238  6326
0010:   27  496   55   24 1 |  7113  7086   188  6402
0011:   71  428   71   64 3 |  6818  6747   399  5920
0012:   75  354   23   52 3 |  6425  6350   750  5246
0013:   95  433   90   57 4 |  6914  6819   394  5992
0014:  100  322   87   23 4 |  5475  5375    93  4960
0015:   67  477   82   72 2 |  7130  7063   393  6193
0016:   64  465   69   87 2 |  7125  7061   501  6095
0017:   57  164   94   52 2 |  3231  3174   117  2893
0018:   58  260   59   29 4 |  4603  4545   114  4171
0019:   41  351   85   98 4 |  6023  5982   443  5188
SUM: 7130 99.96 62.38 5735.40 5034.60 0.281
