PRIO 5
0000:   63  141   83   78 3 |  1921  1858   114  1603
0001:  100  126   43   89 2 |  2709  2609   238  2245
0002:   39  326   73   45 1 |  5377  5338   112  4900
0003:    2  369   61   89 3 |  3793  3791   409  3013
0004:   96  345   21   49 2 |  4347  4251   935  2971
0005:   22  213   56   11 3 |  2340  2318    49  2056
0006:   70  421   32   62 3 |  4160  4090   694  2975
0007:   42  353   61   33 1 |  5404  5362   184  4825
0008:   12  399   72   88 3 |  3954  3942   420  3123
0009:   81  442   49   38 3 |  4189  4108   307  3359
0010:   83  175   75   94 1 |  4641  4558   148  4235
0011:   26  382   20   36 1 |  5537  5511   663  4466
0012:   70  290   50   18 2 |  4318  4248    61  3897
0013:   52  375   32   24 1 |  5502  5450   318  4757
0014:   12  116   10   16 3 |   469   457   158   183
0015:   24  105   47   47 2 |  2265  2241    52  2084
0016:   71  375   18   16 1 |  5392  5321   269  4677
0017:   93  156   79   93 1 |  4569  4476   199  4121
0018:   89  134   59   67 3 |  1785  1696   102  1460
0019:   52  255   89   11 2 |  4267  4215    38  3922
SUM: 5537 99.30 63.18 3792.00 3243.60 0.361
