SRTF
0000:   25  379   36   55 2 |  5421  5396   542  4475
0001:   43  182   28   50 4 |  1759  1716   259  1275
0002:   86  220   55   37 2 |  2057  1971   134  1617
0003:   13  229   70   27 4 |  1678  1665    54  1382
0004:   11  413   86   76 4 |  4657  4646   361  3872
0005:   85  216   99   94 1 |  1176  1091   107   768
0006:   39  358   71   30 3 |  3422  3383   212  2813
0007:    1  367   78   29 3 |  4252  4251   131  3753
0008:   66  414   58   38 3 |  5303  5237   347  4476
0009:   30  302   60   84 1 |  3383  3353   470  2581
0010:   57  163   96   29 1 |   861   804    31   610
0011:   47  161   75   28 3 |   604   557    32   364
0012:   95  138   87   63 3 |   637   542   144   260
0013:   11  155   87   85 4 |   403   392    91   146
0014:    1  293   48   92 4 |  2792  2791   434  2064
0015:   74  257   59   66 2 |  2263  2189   179  1753
0016:   35  342   67   12 2 |  4072  4037   102  3593
0017:   46  123   33   67 2 |   833   787   310   354
0018:   79  225   98   32 4 |  1353  1274    71   978
0019:    4  278   45   38 4 |  3024  3020   290  2452
SUM: 5421 96.20 58.96 2455.10 1979.30 0.369
