PRIO 5
0000:   29  236   52   48 3 |  3060  3031   181  2614
0001:    9  482   95   20 2 |  5599  5590    63  5045
0002:   20  460   27   26 1 |  6169  6149   369  5320
0003:   96  282   79   99 3 |  3765  3669   512  2875
0004:   76  276   46   74 2 |  4328  4252   397  3579
0005:   74  453   27   57 3 |  4267  4193   874  2866
0006:   22  184   97   72 3 |  2655  2633   136  2313
0007:   41  262   76   77 1 |  5810  5769    99  5408
0008:   34  301   92   46 3 |  3636  3602   139  3162
0009:   25  491   81   85 3 |  5028  5003   367  4145
0010:   78  333   40   81 1 |  6098  6020   646  5041
0011:   35  137   28   45 1 |  4490  4455   204  4114
0012:   98  354   93   62 2 |  5260  5162   160  4648
0013:   77  242   74   94 1 |  5772  5695   244  5209
0014:    4  285   42   35 3 |  3157  3153   275  2593
0015:   37  435   99   97 2 |  5733  5696   383  4878
0016:   26  240   15   56 1 |  5731  5705   747  4718
0017:   65  194   50   29 1 |  5282  5217   110  4913
0018:   78  236   46   29 3 |  3149  3071   171  2664
0019:   55  169   21   46 2 |  3001  2946   351  2426
SUM: 6169 98.10 67.01 4550.55 3926.55 0.324
