PRIO 5
0000:   27  367   19   76 3 |  3514  3487  1762  1358
0001:   89  220   24   37 2 |  3682  3593   472  2901
0002:   80  489  100   69 1 |  5966  5886   292  5105
0003:   23  177   90   23 3 |  2570  2547    77  2293
0004:   95  189   76   63 2 |  3553  3458   242  3027
0005:   77  119   33   85 3 |  1568  1491   311  1061
0006:   25  302   36   50 3 |  3323  3298   337  2659
0007:   41  255   31   17 1 |  5158  5117   130  4732
0008:   55  408   79   42 3 |  4336  4281   259  3614
0009:   86  265   84   28 3 |  3430  3344    52  3027
0010:    6  432   79   58 1 |  5834  5828   275  5121
0011:   43  402   76   26 1 |  5720  5677   153  5122
0012:    7  383   34   69 2 |  5061  5054   713  3958
0013:   33  189   41   37 1 |  4807  4774   116  4469
0014:   15  415   63   41 3 |  4288  4273   276  3582
0015:   82  418   15   71 2 |  5270  5188  1910  2860
0016:   30  316   27   77 1 |  5589  5559   727  4516
0017:   61  109   78   13 1 |  4017  3956    16  3831
0018:   43  126   15   37 3 |  1340  1297   249   922
0019:   14  311   42   33 2 |  4284  4270   267  3692
SUM: 5966 98.76 78.68 4118.90 3392.50 0.335
