FCFS
0000:   54  434   55   75 2 |  6198  6144   585  5125
0001:   38  244   32   43 4 |  5833  5795   296  5255
0002:   45  466   31   57 2 |  6962  6917   967  5484
0003:   99  287   84   67 4 |  2735  2636   116  2233
0004:   27  365   97   84 4 |  4206  4179   347  3467
0005:   68  482   73   36 1 |  5706  5638   205  4951
0006:   96  178   73   79 3 |  3993  3897   272  3447
0007:   12  364   61   13 3 |  5221  5209    69  4776
0008:   43  494   48   31 3 |  6499  6456   213  5749
0009:   46  229   55   52 1 |  4533  4487   179  4079
0010:   20  456   94   16 1 |  5363  5343   101  4786
0011:   96  355   86   26 3 |  5344  5248   155  4738
0012:    2  163   18   26 3 |  6110  6108   256  5689
0013:   39  486   76   21 4 |  5429  5390    93  4811
0014:    6  446   16   27 4 |  7504  7498   857  6195
0015:   50  352   12   16 2 |  7172  7122   415  6355
0016:   26  403   66   56 2 |  5218  5192   300  4489
0017:   24  335   54   82 2 |  5640  5616   461  4820
0018:   99  446   37   63 4 |  6864  6765   890  5429
0019:   66  228   73  100 4 |  2772  2706   331  2147
SUM: 7504 96.12 64.39 5417.30 4701.25 0.267
