RR 5
0000:   95  447   28   47 2 |  5841  5746   738  4561
0001:   10  167   17   20 4 |  3391  3381   165  3049
0002:   74  172   71   71 2 |  3080  3006    38  2796
0003:   48  382   15   22 4 |  5650  5602   521  4699
0004:    7  277   50   24 4 |  4224  4217   114  3826
0005:   75  113   20   62 1 |  2689  2614   340  2161
0006:   34  443   81   13 3 |  5463  5429    59  4927
0007:   17  186   96   25 3 |  3222  3205    40  2979
0008:   98  204   38   41 3 |  3711  3613   197  3212
0009:   11  462   30   43 1 |  5821  5810   723  4625
0010:   10  137   63   94 1 |  2605  2595   188  2270
0011:   54  440   28   46 3 |  5749  5695   684  4571
0012:   13  437   46   18 3 |  5478  5465   145  4883
0013:   40  381   40   38 4 |  5514  5474   554  4539
0014:   34  231   55   80 4 |  4038  4004   249  3524
0015:   54  230   79   78 2 |  3944  3890   213  3447
0016:   26  110   52   45 2 |  2122  2096   104  1882
0017:   47  398   83   80 2 |  5455  5408   451  4559
0018:    6  238   58   50 4 |  3997  3991   257  3496
0019:   92  323   59   82 4 |  4912  4820   432  4065
SUM: 5841 98.92 68.46 4303.05 3703.55 0.342
