PRIO 2
0000:   51  248   97   65 2 |  5287  5236   244  4744
0001:   12  287   19   71 4 |  3524  3512   801  2424
0002:   81  358   84  100 2 |  5792  5711   381  4972
0003:   74  283   64   52 4 |  4025  3951   208  3460
0004:   80  382   24   47 4 |  4420  4340   668  3290
0005:   89  120   45   73 1 |  5296  5207   218  4869
0006:   93  281   37   93 3 |  4980  4887   683  3923
0007:   72  292   87   74 3 |  4911  4839   272  4275
0008:   81  250   63   65 3 |  4532  4451   226  3975
0009:   49  401   12   29 1 |  6596  6547  1059  5087
0010:    9  295   55   90 1 |  5998  5989   299  5395
0011:   73  329   33   73 3 |  5062  4989   688  3972
0012:   41  442   17   74 3 |  6105  6064  2306  3316
0013:   84  295   87   81 4 |  4185  4101   147  3659
0014:   37  368   44   27 4 |  4590  4553   250  3935
0015:   38  214   84   82 2 |  5072  5034   266  4554
0016:   40  448   38   18 2 |  5770  5730   188  5094
0017:   16  121   96   36 2 |  3589  3573    27  3425
0018:   76  301   37   51 4 |  4135  4059   319  3439
0019:   20  370   50   28 4 |  4623  4603   231  4002
SUM: 6596 92.25 79.05 4868.80 4090.50 0.303
