RR 5
0000:   90  287   89   69 2 |  3811  3721   206  3228
0001:   63  107   12   64 4 |  2632  2569   403  2059
0002:   24  370   46   40 2 |  4218  4194   231  3593
0003:   47  195   73   15 4 |  3136  3089    41  2853
0004:   91  388   51   94 4 |  4743  4652  1005  3259
0005:   35  188   20   62 1 |  3597  3562   613  2761
0006:   66  137   80   36 3 |  2644  2578   136  2305
0007:   46  109   29   68 3 |  2303  2257   323  1825
0008:   58  473   59   27 3 |  4539  4481   250  3758
0009:    3  106   63   33 1 |  1769  1766    74  1586
0010:   63  179   95   61 1 |  2979  2916    57  2680
0011:   14  116   17   24 3 |  2458  2444   124  2204
0012:   12  221   58   89 3 |  3425  3413   278  2914
0013:   30  250   94   10 4 |  3478  3448    39  3159
0014:   76  141   18   49 4 |  3158  3082   393  2548
0015:   64  113   94   11 2 |  2096  2032    27  1892
0016:   64  118   88   87 2 |  2259  2195   113  1964
0017:   42  489   34   48 2 |  4798  4756   650  3617
0018:   15  489   92   37 4 |  4530  4515   211  3815
0019:   75  185   48   13 4 |  3146  3071    85  2801
SUM: 4798 97.14 67.78 3237.05 2741.05 0.417
