PREPRIO 4
0000:   41  142   69   55 2 |  3511  3470   178  3150
0001:   12  171   93   65 4 |  2647  2635    54  2410
0002:    5  387   73   22 2 |  5351  5346    83  4876
0003:   87  166   55   25 4 |  2623  2536    59  2311
0004:    8  341   51   98 4 |  4131  4123   554  3228
0005:   23  301   64   59 1 |  5940  5917   280  5336
0006:   81  254   16   18 3 |  3165  3084   284  2546
0007:   35  310   11   37 3 |  3549  3514  1067  2137
0008:   26  374   78   15 3 |  4573  4547    56  4117
0009:   77  485   14   44 1 |  6757  6680  1332  4863
0010:   69  410   83   19 1 |  5986  5917   106  5401
0011:   53  155   47   47 3 |  3137  3084   177  2752
0012:   20  284   98   69 3 |  4371  4351   208  3859
0013:   77  225   27   62 4 |  2776  2699   428  2046
0014:   91  285   42   13 4 |  2766  2675   132  2258
0015:   98  463   17   39 2 |  5602  5504   914  4127
0016:    9  429   80   72 2 |  5735  5726   656  4641
0017:    7  345   89   78 2 |  5345  5338   404  4589
0018:   11  420   55   22 4 |  4267  4256   160  3676
0019:   32  206   47   30 4 |  2597  2565   178  2181
SUM: 6757 91.06 68.43 4198.35 3525.20 0.296
