RR 5
0000:   29  236   52   48 2 |  4204  4175    77  3862
0001:    9  482   95   20 4 |  5826  5817   111  5224
0002:   20  460   27   26 2 |  6005  5985   457  5068
0003:   96  282   79   99 4 |  5232  5136   579  4275
0004:   76  276   46   74 4 |  5110  5034   526  4232
0005:   74  453   27   57 1 |  6173  6099   889  4757
0006:   22  184   97   72 3 |  3374  3352   125  3043
0007:   41  262   76   77 3 |  4706  4665   298  4105
0008:   34  301   92   46 3 |  4929  4895   105  4489
0009:   25  491   81   85 1 |  6015  5990   594  4905
0010:   78  333   40   81 1 |  5622  5544   648  4563
0011:   35  137   28   45 3 |  3033  2998   174  2687
0012:   98  354   93   62 3 |  5302  5204    89  4761
0013:   77  242   74   94 4 |  4368  4291   179  3870
0014:    4  285   42   35 4 |  4951  4947   185  4477
0015:   37  435   99   97 2 |  5814  5777   359  4983
0016:   26  240   15   56 2 |  5123  5097   814  4043
0017:   65  194   50   29 2 |  3723  3658    99  3365
0018:   78  236   46   29 4 |  4376  4298   144  3918
0019:   55  169   21   46 4 |  3572  3517   365  2983
SUM: 6173 98.04 68.01 4823.95 4180.50 0.324
