SRTF
0000:   60  230   93   95 2 |  1454  1394   263   901
0001:    5  415   80   17 4 |  3992  3987    81  3491
0002:   24  237   63   33 2 |   553   529    88   204
0003:   77  440   95   97 4 |  5880  5803   386  4977
0004:   26  370   30   37 4 |  3302  3276   372  2534
0005:   73  435   80   77 1 |  5310  5237   459  4343
0006:   11  102   18   44 3 |   555   544   265   177
0007:    4  257   17   23 3 |  1988  1984   288  1439
0008:   52  229   17   93 3 |  2566  2514   980  1305
0009:    6  326   14   62 1 |  4467  4461  1132  3003
0010:   38  163   28   50 1 |   783   745   261   321
0011:   17  263   38   45 3 |  2318  2301   376  1662
0012:   71  419   51   80 3 |  5395  5324   615  4290
0013:   79  355   41   95 4 |  3170  3091   804  1932
0014:   75  436   13   41 4 |  6966  6891  1088  5367
0015:   69  177   39   89 2 |  1314  1245   451   617
0016:   38  410   58   66 2 |  4942  4904   465  4029
0017:   70  183   41   27 2 |   935   865   148   534
0018:   82  220   41   72 4 |  1379  1297   281   796
0019:   61  408   54   27 4 |  3476  3415   189  2818
SUM: 6966 87.21 77.30 2990.35 2237.00 0.287
