SRTF
0000:   24  217   84   14 2 |  1055  1031    65   749
0001:   76  199   25   47 4 |  1056   980   287   494
0002:   29  459   10   97 2 | 10052 10023  4232  5332
0003:   83  428   48   99 4 |  5750  5667  1236  4003
0004:   89  230   61   83 4 |  1494  1405   227   948
0005:   10  268   73  100 1 |  1774  1764   229  1267
0006:   79  318   54   14 3 |  3049  2970    95  2557
0007:   40  471  100   98 3 |  5114  5074   385  4218
0008:    9  362   28   66 3 |  4770  4761   923  3476
0009:   97  208   41   37 1 |   652   555   196   151
0010:    1  242   42   81 1 |  2375  2374   632  1500
0011:   63  458   74   76 3 |  5657  5594   373  4763
0012:   13  169   21   70 3 |   689   676   364   143
0013:   84  447   66   93 4 |  4709  4625   617  3561
0014:   28  278   16   50 4 |  3940  3912   771  2863
0015:   75  307   76   41 2 |  2533  2458   165  1986
0016:   48  420   95   35 2 |  3340  3292   138  2734
0017:    9  200   26   76 2 |   860   851   372   279
0018:   43  296   93   20 4 |  2102  2059   117  1646
0019:   55  471   22   51 4 |  6911  6856  1030  5355
SUM: 10052 64.15 82.26 3346.35 2401.25 0.199
