FCFS
0000:   33  369   65   17 2 |  5334  5301   125  4807
0001:   10  212   94   66 4 |  2529  2519   147  2160
0002:   62  228   31   39 2 |  5876  5814   302  5284
0003:   91  336   21   13 4 |  6249  6158   186  5636
0004:   89  147   55   37 4 |  3325  3236    59  3030
0005:   50  469   35   52 1 |  6359  6309   538  5302
0006:    8  312   84   87 3 |  5106  5098   389  4397
0007:    7  316   73   82 3 |  5634  5627   591  4720
0008:   45  455   89   68 3 |  5493  5448   452  4541
0009:   69  320   38   15 1 |  5854  5785    97  5368
0010:   37  396  100   30 1 |  4035  3998   130  3472
0011:   44  230   43   60 3 |  5340  5296   232  4834
0012:   26  238   76   15 3 |  2654  2628    23  2367
0013:   48  165   69   82 4 |  1691  1643   109  1369
0014:   66  495   59   13 4 |  5889  5823   143  5185
0015:   81  210   10   50 2 |  6637  6556   871  5475
0016:   78  394   79   51 2 |  5023  4945   262  4289
0017:   44  486   97   76 2 |  5307  5263   377  4400
0018:   50  342   85   50 4 |  3912  3862   156  3364
0019:   21  235   73   63 4 |  2607  2586   159  2192
SUM: 6637 95.75 59.53 4694.75 4109.60 0.301
