PRIO 2
0000:   32  189   12   41 2 |  4126  4094   656  3249
0001:   12  297   60   20 4 |  3668  3656   100  3259
0002:   62  475   58   27 2 |  5871  5809   260  5074
0003:   48  325   69   90 4 |  4049  4001   347  3329
0004:   29  309   48   85 4 |  3927  3898   464  3125
0005:   52  382   51   70 1 |  6356  6304   471  5451
0006:   16  423   93   44 3 |  5318  5302   189  4690
0007:   95  457   59   42 3 |  5379  5284   393  4434
0008:   27  153   90   53 3 |  2893  2866    33  2680
0009:   24  371   80   20 1 |  6128  6104   129  5604
0010:   57  134   81   25 1 |  5121  5064    21  4909
0011:   91  403   17   72 3 |  5035  4944  1320  3221
0012:   96  380   47   64 3 |  5049  4953   410  4163
0013:    0  267   10   48 4 |  2833  2833  1292  1274
0014:   53  141   88   86 4 |  2154  2101    61  1899
0015:   83  413   12   23 2 |  5511  5428   627  4388
0016:   44  488   33   36 2 |  5910  5866   587  4791
0017:   48  122   90   32 2 |  3324  3276    56  3098
0018:   34  270   74   87 4 |  3665  3631   263  3098
0019:   60  179   58   70 4 |  2555  2495   460  1856
SUM: 6356 97.20 74.37 4395.45 3679.60 0.315
