SRTF
0000:   43  116  100   67 2 |   578   535    99   320
0001:   62  349   18   21 4 |  4611  4549   517  3683
0002:   51  153   79   62 2 |   789   738    74   511
0003:   35  124   72   18 4 |   708   673    19   530
0004:   16  420   96   64 4 |  3780  3764   183  3161
0005:   84  362   78   91 1 |  2249  2165   358  1445
0006:   11  186   71   85 3 |  1399  1388   166  1036
0007:    5  372   59   47 3 |  2938  2933   223  2338
0008:   34  456   53   86 3 |  5027  4993   547  3990
0009:   95  393   81   36 1 |  2897  2802   105  2304
0010:   69  123   11   97 1 |  2178  2109  1113   873
0011:   31  479   28   59 3 |  5946  5915   992  4444
0012:   48  140   10   40 3 |  1967  1919   433  1346
0013:   40  112   67   19 4 |   260   220    37    71
0014:   19  122   51   10 4 |   329   310    22   166
0015:   12  163   96   24 2 |   991   979    23   793
0016:   58  477   91   19 2 |  4224  4166   140  3549
0017:   18  341   40   10 2 |  2056  2038    85  1612
0018:   54  419   15   91 4 |  7039  6985  2563  4003
0019:    0  142   67   69 4 |   549   549   172   235
SUM: 7039 77.41 72.94 2486.50 1820.50 0.284
