RR 5
0000:    1  305   90   88 2 |  4407  4406   279  3822
0001:   67  342   66   54 4 |  4775  4708   336  4030
0002:   52  179   96   16 2 |  3074  3022    27  2816
0003:   75  129   70   88 4 |  2548  2473    97  2247
0004:   60  300   68   96 4 |  4546  4486   377  3809
0005:    5  144   61   37 1 |  2613  2608   107  2357
0006:   33  301   46   72 3 |  4659  4626   400  3925
0007:   36  436   49   23 3 |  4909  4873   194  4243
0008:   39  168   21   74 3 |  3631  3592   593  2831
0009:   72  213   49   49 1 |  3765  3693   240  3240
0010:   40  256   75   67 1 |  4091  4051   166  3629
0011:   82  140   44   80 3 |  2797  2715   223  2352
0012:   60  207   35   22 3 |  3768  3708   113  3388
0013:    3  304   14   32 4 |  4859  4856   532  4020
0014:   73  295   96   58 4 |  4448  4375   165  3915
0015:   82  239   30   38 2 |  4346  4264   349  3676
0016:   90  108   91   61 2 |  1991  1901    20  1773
0017:   99  478   13   63 2 |  6309  6210  2336  3396
0018:   20  378   26   55 4 |  5141  5121   737  4006
0019:   93  290   49   89 4 |  4612  4519   501  3728
SUM: 6309 82.61 76.81 4010.35 3360.15 0.317
