SRTF
0000:    1  337   94   46 2 |  1833  1832   115  1380
0001:   41  244   18   75 4 |  3729  3688  1130  2314
0002:   28  379   96   38 2 |  4354  4326   191  3756
0003:   83  271   98   62 4 |  2822  2739   177  2291
0004:   69  214   21   14 4 |  2259  2190   195  1781
0005:   95  268   85   80 1 |  2587  2492   226  1998
0006:   44  460   41   39 3 |  5396  5352   430  4462
0007:   22  328   82   40 3 |  3393  3371   203  2840
0008:   36  351   50   87 3 |  5021  4985   822  3812
0009:   14  239   76   42 1 |  1370  1356    76  1041
0010:   22  139   46   74 1 |   781   759   172   448
0011:   90  413   88   58 3 |  4507  4417   118  3886
0012:   83  137   32   97 3 |  1169  1086   332   617
0013:   32  369   73   44 4 |  3609  3577   186  3022
0014:   22  166   95   51 4 |   856   834    67   601
0015:    7  159   93   66 2 |  1103  1096   121   816
0016:   20  252   65   83 2 |  2204  2184   432  1500
0017:   83  114   32   72 2 |   473   390   160   116
0018:   74  124   42   93 4 |   857   783   306   353
0019:   34  112   99   65 4 |   249   215    25    78
SUM: 5396 94.07 64.77 2383.60 1855.60 0.371
