SRTF
0000:   66  189   44   82 2 |  1784  1718   454  1075
0001:   88  238   95   97 4 |  1899  1811   176  1397
0002:   93  401   68   29 2 |  3835  3742   173  3168
0003:   22  254   26   84 4 |  2964  2942   704  1984
0004:   26  217   96   18 4 |  1301  1275    31  1027
0005:   12  154   98   87 1 |   293   281   112    15
0006:   89  185   85   16 3 |   836   747    27   535
0007:   38  411   94   47 3 |  4645  4607   195  4001
0008:   57  174   10   63 3 |  2895  2838  1089  1575
0009:    7  352   22   48 1 |  3514  3507   667  2488
0010:   63  205   47   99 1 |  1930  1867   372  1290
0011:   82  375   48   89 3 |  4132  4050   991  2684
0012:   98  367   32   89 3 |  4833  4735  1068  3300
0013:   34  122   97   76 4 |   356   322   115    85
0014:    3  156   33   96 4 |   755   752   303   293
0015:   94  413   29   91 2 |  6286  6192  1317  4462
0016:   68  466   87   73 2 |  5073  5005   226  4313
0017:   93  166   50   67 2 |  1038   945   251   528
0018:    4  166   40   99 4 |  1204  1200   402   632
0019:   39  265   16   63 4 |  3660  3621  1007  2349
SUM: 6286 83.93 83.38 2607.85 1860.05 0.318
