PREPRIO 4
0000:   39  422   76   85 2 |  5401  5362   641  4299
0001:    5  198   89   14 4 |  2463  2458    19  2241
0002:   78  415   79   86 2 |  5318  5240   430  4395
0003:   84  248   93   98 4 |  3122  3038   149  2641
0004:    7  411   85   83 4 |  4360  4353   484  3458
0005:   33  124   51   88 1 |  4719  4686   205  4357
0006:    7  304  100   47 3 |  4453  4446   198  3944
0007:   75  277   99   56 3 |  4297  4222   166  3779
0008:    6  142   71   66 3 |  2862  2856    24  2690
0009:   41  193   89   42 1 |  5184  5143    82  4868
0010:   15  189   88   16 1 |  5074  5059    33  4837
0011:   69  352   49   78 3 |  4633  4564   444  3768
0012:   22  129   69   76 3 |  2400  2378   205  2044
0013:    7  450   91   26 4 |  4475  4468   103  3915
0014:   53  351   76   88 4 |  3923  3870   478  3041
0015:   55  151   34   31 2 |  3555  3500   137  3212
0016:   87  409   34   38 2 |  5240  5153   483  4261
0017:   19  202   65   39 2 |  4379  4360   128  4030
0018:   93  207   75   39 4 |  2696  2603   147  2249
0019:   37  141   23   33 4 |  1281  1244   252   851
SUM: 5401 98.41 58.88 3950.15 3444.00 0.370
