PREPRIO 2
0000:   71  473   81   79 2 |  5115  5044   386  4185
0001:   61  338   74   41 5 |  2990  2929   144  2447
0002:   85  444   52   57 3 |  4631  4546   530  3572
0003:   25  111   76   26 2 |  2792  2767    15  2641
0004:   27  272   73   72 5 |  2773  2746   239  2235
0005:   96  230   36   41 2 |  4090  3994   251  3513
0006:   89  476   11   91 2 |  6816  6727  3579  2672
0007:    6  308   15  100 4 |  3414  3408  1949  1151
0008:   91  374   53   73 2 |  5003  4912   599  3939
0009:   91  193   66   50 1 |  4882  4791   178  4420
0010:   65  163   22   33 4 |  1844  1779   222  1394
0011:   70  153   76   83 4 |  2052  1982    89  1740
0012:   58  132   49   24 1 |  4477  4419    47  4240
0013:   45  121   14   67 4 |  1466  1421   500   800
0014:   62  128   80   21 1 |  4344  4282    42  4112
0015:   56  281   65   10 2 |  4514  4458    28  4149
0016:   87  225   32   40 2 |  4055  3968   247  3496
0017:   80  447   11   62 4 |  4368  4288  2486  1355
0018:   39  158   75   46 2 |  3367  3328    97  3073
0019:   50  159   30   74 1 |  4713  4663   279  4225
SUM: 6816 76.09 90.24 3822.60 2967.95 0.293
