PREPRIO 2
0000:    7  204   62   59 2 |  3811  3804   271  3329
0001:   57  384   68   55 5 |  3136  3079   232  2463
0002:   55  404   68   46 3 |  4201  4146   231  3511
0003:   16  461   14   90 2 |  6432  6416  2955  3000
0004:   72  123   94   99 5 |  1314  1242    35  1084
0005:    3  346   60   76 2 |  4790  4787   450  3991
0006:   18  272   52   86 2 |  4346  4328   253  3803
0007:   40  165   93   68 4 |  2032  1992   136  1691
0008:   20  381   47   41 2 |  4959  4939   400  4158
0009:   26  199   47   25 1 |  4947  4921   113  4609
0010:   69  234   49   31 4 |  2482  2413   138  2041
0011:   15  221   58   95 4 |  2628  2613   291  2101
0012:    7  345   71   28 1 |  5573  5566   124  5097
0013:   51  215   46   17 4 |  2384  2333    62  2056
0014:   91  337   18   18 1 |  5574  5483   346  4800
0015:   75  107   39   78 2 |  2640  2565   184  2274
0016:   14  323   32   13 2 |  4433  4419   135  3961
0017:    1  119   10   37 4 |  1132  1131   407   605
0018:   50  498   78   71 2 |  5378  5328   506  4324
0019:   78  424   93   25 1 |  5674  5596   101  5071
SUM: 6432 89.58 73.29 3855.05 3198.45 0.311
