PREPRIO 4
0000:   44  193   96   35 2 |  4510  4466   149  4124
0001:   67  222   66   66 4 |  2969  2902   258  2422
0002:   67  163   84   45 2 |  4278  4211    63  3985
0003:   90  339   23   67 4 |  3342  3252   904  2009
0004:   62  452   60   43 4 |  4526  4464   222  3790
0005:   36  224   49   97 1 |  5476  5440   312  4904
0006:   63  190   88   16 3 |  3286  3223    34  2999
0007:   46  334   96   72 3 |  4750  4704    98  4272
0008:   32  429   70   23 3 |  4998  4966   124  4413
0009:   96  227   59   83 1 |  5403  5307   258  4822
0010:   52  153   40   91 1 |  5251  5199   487  4559
0011:    8  489   42   12 3 |  5047  5039   149  4401
0012:   67  171   48   76 3 |  3013  2946   278  2497
0013:   78  136   52   58 4 |  1818  1740   165  1439
0014:   51  419   69   98 4 |  4723  4672   569  3684
0015:   81  150   62   47 2 |  3709  3628   114  3364
0016:   65  383   35   58 2 |  5507  5442   676  4383
0017:   59  325   92   92 2 |  5245  5186   206  4655
0018:   79  164   77   64 4 |  2406  2327   167  1996
0019:   50  260   62   30 4 |  3184  3134    79  2795
SUM: 5507 98.47 66.46 4112.40 3575.65 0.363
