SRTF
0000:   65  184   20   56 2 |  1778  1713   533   996
0001:   68  438   32   28 4 |  5807  5739   374  4927
0002:   29  113   50   99 2 |   499   470   223   134
0003:   65  487   99   99 4 |  5574  5509   493  4529
0004:   51  216   68   34 4 |  1350  1299   138   945
0005:   21  135   66   27 1 |   220   199    45    19
0006:   68  275   29   29 3 |  2753  2685   146  2264
0007:   21  219   69   11 3 |  1441  1420    29  1172
0008:   96  315   87   77 3 |  3060  2964   229  2420
0009:   41  470   92   85 1 |  5338  5297   586  4241
0010:   76  397   60   43 1 |  3975  3899   295  3207
0011:   41  441   70   26 3 |  4386  4345   184  3720
0012:   39  435  100   96 3 |  4436  4397   489  3473
0013:   88  315   60   64 4 |  3002  2914   346  2253
0014:   58  108   14  100 4 |  1271  1213   727   378
0015:   25  190   78   18 2 |   882   857    72   595
0016:   14  159   55   31 2 |   775   761   135   467
0017:   72  305   91   74 2 |  2018  1946   167  1474
0018:   11  271   39   58 4 |  2287  2276   316  1689
0019:    1  140   63   63 4 |   526   525   143   242
SUM: 5807 96.66 65.54 2521.40 1957.25 0.344
