PRIO 5
0000:   76  115   71   22 3 |  1617  1541     8  1418
0001:   73  263   23   43 2 |  3735  3662   494  2905
0002:    7  232   64   90 1 |  4823  4816   232  4352
0003:   51  185   85   88 3 |  2503  2452    82  2185
0004:   72  378   40   59 2 |  4694  4622   487  3757
0005:    3  135   97   72 3 |  2121  2118    85  1898
0006:    3  330   37   81 3 |  3487  3484   390  2764
0007:   37  445   51   34 1 |  5267  5230   366  4419
0008:    8  187   26   37 3 |  2040  2032   257  1588
0009:   92  493   17   54 3 |  4022  3930  1316  2121
0010:   82  113   40   44 1 |  3710  3628   103  3412
0011:   32  210   80   55 1 |  4705  4673    94  4369
0012:    7  175   74   10 2 |  3335  3328    32  3121
0013:   20  485   47   13 1 |  5245  5225   111  4629
0014:   72  295   15   86 3 |  3458  3386  1510  1581
0015:   75  428   60   80 2 |  4709  4634   429  3777
0016:   84  230   14   88 1 |  5021  4937  1249  3458
0017:   71  152   62   83 1 |  4300  4229   204  3873
0018:   85  273   36   33 3 |  3015  2930   196  2461
0019:  100  124   36   66 2 |  2273  2173   173  1876
SUM: 5267 99.64 79.19 3651.50 2998.20 0.380
