LCFS
0000:   59  298   58   97 2 |  4089  4030   474  3258
0001:   79  339   17   93 4 |  5380  5301  1621  3341
0002:   69  444   78   84 2 |  4176  4107   548  3115
0003:   33  131   22   45 4 |  5314  5281   222  4928
0004:   43  145   81   37 4 |  5116  5073    66  4862
0005:   85  189   79   96 1 |  2095  2010   198  1623
0006:   88  244   27   87 3 |  2011  1923   640  1039
0007:   94  421   68   10 3 |  1137  1043    65   557
0008:   75  186   37   62 3 |  2893  2818   347  2285
0009:   78  215   91   32 1 |  1577  1499    63  1221
0010:   14  354   50   13 1 |  4380  4366    90  3922
0011:   59  346   65   82 3 |  1759  1700   323  1031
0012:   42  242   74   34 3 |  5667  5625   116  5267
0013:   70  209   88   62 4 |  2881  2811   190  2412
0014:   69  417   74   60 4 |  3509  3440   371  2652
0015:   97  187   44   26 2 |   675   578    94   297
0016:   97  404   45   50 2 |  2465  2368   421  1543
0017:   47  469   92   83 2 |  5534  5487   381  4637
0018:   47  198   78   86 4 |  4362  4315   125  3992
0019:   29  400   46   66 4 |  6095  6066   584  5082
SUM: 6095 95.78 70.37 3492.05 2853.20 0.328
