PRIO 5
0000:   93  309   85   76 3 |  3920  3827   321  3197
0001:   24  489   67   54 2 |  6050  6026   303  5234
0002:   95  419   82   25 1 |  6609  6514    93  6002
0003:   97  225   52   56 3 |  2920  2823   216  2382
0004:   88  490   26   77 2 |  5949  5861  1150  4221
0005:   22  385   44   18 3 |  3878  3856   203  3268
0006:   56  333   52   14 3 |  4153  4097    50  3714
0007:   78  263   75   25 1 |  6161  6083    92  5728
0008:   99  224   87   47 3 |  2966  2867    75  2568
0009:   61  153   77   35 3 |  2221  2160    65  1942
0010:   96  328   51   46 1 |  6512  6416   284  5804
0011:   67  419   85   93 1 |  6752  6685   490  5776
0012:   85  290   87   65 2 |  4887  4802   111  4401
0013:   76  214   46   40 1 |  5725  5649   129  5306
0014:    5  456   20   64 3 |  4182  4177  1091  2630
0015:   88  330   86   41 2 |  5278  5190    73  4787
0016:   19  483   17   20 1 |  6868  6849   562  5804
0017:   56  218   20   74 1 |  5813  5757   764  4775
0018:    8  224   72   72 3 |  3277  3269   143  2902
0019:   40  499   97   26 2 |  6069  6029    54  5476
SUM: 6868 98.30 61.72 4946.85 4295.85 0.291
