PREPRIO 4
0000:   21  498   13   95 2 |  6885  6864  3175  3191
0001:   89  405   60   63 4 |  4365  4276   456  3415
0002:   11  216   72   56 2 |  4788  4777   129  4432
0003:   93  298   92   40 4 |  3968  3875   109  3468
0004:   46  433   37   77 4 |  4475  4429   633  3363
0005:   82  203   30   30 1 |  5624  5542   188  5151
0006:   32  125   50   22 3 |  1815  1783    77  1581
0007:   77  250   20   95 3 |  3777  3700  1098  2352
0008:   36  280   70   84 3 |  4689  4653   302  4071
0009:   15  437   12   54 1 |  6872  6857  1577  4843
0010:   36  245   73   61 1 |  5862  5826   281  5300
0011:    3  251   46   99 3 |  4396  4393   640  3502
0012:   22  466   73   91 3 |  5471  5449   556  4427
0013:   98  147   38   99 4 |  1975  1877   579  1151
0014:   76  237   89   98 4 |  3574  3498   330  2931
0015:   16  427   58   45 2 |  5685  5669   226  5016
0016:   34  408   80   87 2 |  5878  5844   434  5002
0017:   87  239   80   69 2 |  4963  4876   276  4361
0018:    9  360   18   39 4 |  3158  3149   716  2073
0019:   23  257   99   12 4 |  3473  3450    43  3150
SUM: 6885 89.79 87.73 4539.35 3639.00 0.290
