PREPRIO 2
0000:   39  370   41   26 2 |  5128  5089   234  4485
0001:   21  198   70   93 5 |  2021  2000   320  1482
0002:    9  397   80   51 3 |  4457  4448   277  3774
0003:   16  394   67   64 2 |  5533  5517   336  4787
0004:   11  174   57   97 5 |  1818  1807   219  1414
0005:    8  203   14   42 2 |  3748  3740   552  2985
0006:   25  379   39   83 2 |  5511  5486   857  4250
0007:   16  116   61   86 4 |  1581  1565   244  1205
0008:   33  156   87   11 2 |  3294  3261     9  3096
0009:   48  239   71   45 1 |  5742  5694   227  5228
0010:   88  479   57   72 4 |  4312  4224   479  3266
0011:   65  139   28   90 4 |  1614  1549   309  1101
0012:   10  346   90   89 1 |  6113  6103   459  5298
0013:   26  287   39   52 4 |  2957  2931   355  2289
0014:   95  349   89   50 1 |  5947  5852    99  5404
0015:   29  403   64   52 2 |  5473  5444   281  4760
0016:   95  401   87   67 2 |  5550  5455   263  4791
0017:    4  249   70   64 4 |  2809  2805   312  2244
0018:   31  408   38   75 2 |  5657  5626   660  4558
0019:   99  318   56   74 1 |  5926  5827   360  5149
SUM: 6113 98.23 68.26 4221.15 3578.30 0.327
