RR 2
0000:   40  277   48   91 2 |  4596  4556   494  3785
0001:   20  314   76   67 4 |  4759  4739   385  4040
0002:   47  495   73   45 2 |  5730  5683   306  4882
0003:   44  423   70   98 4 |  5648  5604   547  4634
0004:   39  250   12   93 4 |  5856  5817  2666  2901
0005:   69  387   94   79 1 |  5168  5099   189  4523
0006:   66  122   58   57 3 |  2355  2289    66  2101
0007:   26  148   78   29 3 |  2633  2607    40  2419
0008:   39  258   63   88 3 |  4161  4122   220  3644
0009:   56  442   54   92 1 |  5755  5699   692  4565
0010:   88  244   44   95 1 |  4233  4145   385  3516
0011:   51  399   25   97 3 |  6165  6114  1855  3860
0012:   79  481   10   28 3 |  6226  6147  1385  4281
0013:    5  375   10   92 4 |  6611  6606  2815  3416
0014:   12  157   76   32 4 |  2768  2756    75  2524
0015:    1  154   87   38 2 |  2641  2640   106  2380
0016:   22  269   33   76 2 |  4501  4479   533  3677
0017:    1  492   34   17 2 |  5687  5686   237  4957
0018:   68  110   58   18 4 |  2036  1968     3  1855
0019:   63  221   26   68 4 |  4213  4150   623  3306
SUM: 6611 91.03 90.83 4545.30 3563.30 0.303
