RR 2
0000:   11  363   84   20 2 |  5973  5962   108  5491
0001:   49  417   69   65 4 |  6931  6882   563  5902
0002:   52  474   51   51 2 |  7191  7139   416  6249
0003:   12  487   45   66 4 |  7269  7257   643  6127
0004:    7  417   81   54 4 |  6574  6567   192  5958
0005:   23  124   51   98 1 |  2590  2567   321  2122
0006:   74  295   75   56 3 |  5311  5237   259  4683
0007:   79  471   61   90 3 |  7216  7137   665  6001
0008:   41  422   54   71 3 |  6981  6940   570  5948
0009:   54  342   87   19 1 |  5738  5684    66  5276
0010:   23  353   44   83 1 |  6371  6348   720  5275
0011:    2  496   89   79 3 |  7222  7220   435  6289
0012:   30  454   14   33 3 |  7314  7284  1124  5706
0013:   80  454   83   97 4 |  7088  7008   481  6073
0014:   63  110   46   72 4 |  2360  2297   170  2017
0015:   61  220   97   39 2 |  3991  3930    46  3664
0016:   64  371   46   27 2 |  6311  6247   221  5655
0017:   55  499   23   25 2 |  7299  7244   492  6253
0018:   71  415   74   11 4 |  6561  6490    71  6004
0019:   54  121   44   14 4 |  2392  2338    58  2159
SUM: 7314 99.88 64.49 5888.90 5142.60 0.273
