PRIO 5
0000:   73  306   35   96 3 |  3543  3470   540  2624
0001:   67  180   34   21 2 |  3052  2985    85  2720
0002:   50  468   30   21 1 |  5446  5396   261  4667
0003:    7  184   89   11 3 |  2456  2449    25  2240
0004:   15  496   49   88 2 |  5130  5115   478  4141
0005:   57  351   73   64 3 |  3935  3878   242  3285
0006:   58  325   73   15 3 |  3845  3787    95  3367
0007:   26  102   50   59 1 |  3772  3746   213  3431
0008:   99  237   37   99 3 |  2734  2635   483  1915
0009:   81  161   12   65 3 |  1999  1918   669  1088
0010:   26  303   64   81 1 |  5249  5223   336  4584
0011:   17  101   16   82 1 |  3530  3513   528  2884
0012:   95  384   47   23 2 |  4531  4436   151  3901
0013:   78  198   47   76 1 |  4694  4616   268  4150
0014:   93  170   76   99 3 |  2529  2436    98  2168
0015:   21  157   33   82 2 |  3075  3054   301  2596
0016:   10  256   14   76 1 |  5207  5197  1223  3718
0017:   26  345   17   50 1 |  5503  5477   825  4307
0018:   35  306   81   53 3 |  3800  3765   121  3338
0019:    3  369   16   36 2 |  4414  4411   849  3193
SUM: 5503 98.11 79.28 3875.35 3215.85 0.363
