FCFS
0000:   88  345   69   96 2 |  5112  5024   477  4202
0001:   25  272   29   43 4 |  5392  5367   400  4695
0002:   90  164   86   71 2 |  1467  1377    62  1151
0003:   98  487   29   88 4 |  6354  6256  1295  4474
0004:  100  125   59   46 4 |  2008  1908    30  1753
0005:   99  402   52   40 1 |  5214  5115   271  4442
0006:   29  165   18   21 3 |  5333  5304   181  4958
0007:   66  272   82   88 3 |  3789  3723   414  3037
0008:   31  329   35   98 3 |  5565  5534  1011  4194
0009:   18  107   40   17 1 |  2527  2509    50  2352
0010:   99  114   15   84 1 |  5058  4959   511  4334
0011:   37  313   38   31 3 |  5163  5126   244  4569
0012:   15  420   57   89 3 |  5143  5128   461  4247
0013:    0  368   57   42 4 |  4835  4835   258  4209
0014:   23  466   69   63 4 |  5181  5158   394  4298
0015:   66  269   71   22 2 |  4395  4329   101  3959
0016:   68  333   65   39 2 |  3870  3802   121  3348
0017:   49  407   16   94 2 |  7790  7741  2881  4453
0018:   69  335   37   73 4 |  5394  5325   449  4541
0019:  100  285   68   50 4 |  4043  3943   215  3443
SUM: 7790 76.74 79.61 4623.15 3832.95 0.257
