PREPRIO 4
0000:   32  111   93   54 2 |  3063  3031   103  2817
0001:   82  205   70   67 4 |  2829  2747   125  2417
0002:   17  204   99   81 2 |  4392  4375   139  4032
0003:   33  364   94   93 4 |  4209  4176   281  3531
0004:   82  410   93   62 4 |  4344  4262   194  3658
0005:   48  412   41   61 1 |  5992  5944   570  4962
0006:   68  450   72   43 3 |  4931  4863   292  4121
0007:   92  217   28   79 3 |  3567  3475   584  2674
0008:   98  234   93   80 3 |  3813  3715   197  3284
0009:   64  200   59   83 1 |  5403  5339   194  4945
0010:   26  320   40   21 1 |  5675  5649   150  5179
0011:   37  131   89   20 3 |  2481  2444     9  2304
0012:   38  465   83   97 3 |  5191  5153   469  4219
0013:   67  232   46   14 4 |  2727  2660    78  2350
0014:   64  426   82   91 4 |  4253  4189   619  3144
0015:   46  424   26   82 2 |  5670  5624  1452  3748
0016:   55  421   68   22 2 |  5370  5315    77  4817
0017:   78  197   71   90 2 |  4455  4377   190  3990
0018:   41  241   70   33 4 |  2769  2728   142  2345
0019:   48  104   73   39 4 |  1421  1373    24  1245
SUM: 5992 96.26 64.35 4071.95 3489.10 0.334
