RR 5
0000:   27  367   19   76 2 |  6051  6024  1654  4003
0001:   89  220   24   37 4 |  4268  4179   330  3629
0002:   80  489  100   69 2 |  5791  5711   254  4968
0003:   23  177   90   23 4 |  3047  3024    38  2809
0004:   95  189   76   63 4 |  3517  3422   117  3116
0005:   77  119   33   85 1 |  2423  2346   167  2060
0006:   25  302   36   50 3 |  5026  5001   482  4217
0007:   41  255   31   17 3 |  4456  4415   157  4003
0008:   55  408   79   42 3 |  5507  5452   116  4928
0009:   86  265   84   28 1 |  4429  4343    78  4000
0010:    6  432   79   58 1 |  5655  5649   373  4844
0011:   43  402   76   26 3 |  5437  5394    91  4901
0012:    7  383   34   69 3 |  5660  5653   834  4436
0013:   33  189   41   37 4 |  3560  3527   161  3177
0014:   15  415   63   41 4 |  5631  5616   325  4876
0015:   82  418   15   71 2 |  6242  6160  1629  4113
0016:   30  316   27   77 2 |  5419  5389   887  4186
0017:   61  109   78   13 2 |  1948  1887     4  1774
0018:   43  126   15   37 4 |  3226  3183   347  2710
0019:   14  311   42   33 4 |  4950  4936   277  4348
SUM: 6242 94.39 76.02 4565.55 3854.90 0.320
