LCFS
0000:   68  434   23   33 2 |  5938  5870   629  4807
0001:   46  233   86   96 4 |  4033  3987   183  3571
0002:    7  452   74  100 2 |  2007  2000   392  1156
0003:   70  458   24   52 4 |  5652  5582  1014  4110
0004:   57  100   84   21 4 |  3414  3357    54  3203
0005:   22  418   63   46 1 |  6190  6168   333  5417
0006:   33  229   96   17 3 |  4242  4209    36  3944
0007:   71  383   82   51 3 |  1746  1675   267  1025
0008:   37  312   32   56 3 |  4871  4834   475  4047
0009:   75  199   49   11 1 |  2351  2276    38  2039
0010:   79  330   60   57 1 |   811   732   167   235
0011:   53  151   38   83 3 |  3433  3380   167  3062
0012:   69  168   57   17 3 |  3001  2932    47  2717
0013:   70  127   42   78 4 |  2819  2749   163  2459
0014:   73  445   43   17 4 |  3063  2990   186  2359
0015:   89  448   32   42 2 |  1896  1807   484   875
0016:   15  124   51   42 2 |  5758  5743    80  5539
0017:   27  270   41   15 2 |  5220  5193    89  4834
0018:   96  375   26   83 4 |  2287  2191   910   906
0019:   51  352   40   86 4 |  5315  5264   720  4192
SUM: 6190 97.06 68.64 3646.95 3024.85 0.323
