SRTF
0000:   66  100  100   47 2 |   250   184    33    51
0001:   41  401   40   65 4 |  4453  4412   761  3250
0002:   84  358   86   35 2 |  3155  3071   182  2531
0003:   91  280   60   10 4 |  1741  1650    24  1346
0004:   39  414   82   82 4 |  4336  4297   475  3408
0005:    5  131   72   16 1 |   371   366    58   177
0006:   38  471   25   88 3 |  6737  6699  1479  4749
0007:   54  116   89   61 3 |   568   514    72   326
0008:   81  112   61   94 3 |   507   426    87   227
0009:   28  331   87   28 1 |  2390  2362   112  1919
0010:   58  108   35   62 1 |   660   602   162   332
0011:   43  451   92   21 3 |  4746  4703   107  4145
0012:   95  242   92   54 3 |  1142  1047   111   694
0013:   15  180   19   83 4 |  2913  2898   899  1819
0014:   68  403   40   21 4 |  4255  4187   172  3612
0015:   46  457   52   76 2 |  5464  5418   526  4435
0016:    0  359   84   14 2 |  2601  2601    69  2173
0017:   18  162   63   28 2 |   802   784    45   577
0018:   58  262   80   23 4 |  1390  1332    53  1017
0019:    1  179   15   55 4 |  1953  1952   498  1275
SUM: 6737 81.89 67.27 2475.25 1903.15 0.297
