FCFS
0000:   78  159   63   67 2 |  3715  3637   162  3316
0001:   37  253   63   66 4 |  5255  5218   323  4642
0002:   28  227   79   82 2 |  4062  4034   411  3396
0003:   40  363   65   43 4 |  5227  5187   251  4573
0004:   12  243   94   23 4 |  3531  3519    73  3203
0005:    8  477   18   19 1 |  6379  6371   471  5423
0006:   30  447   80   51 3 |  5040  5010   143  4420
0007:   23  219   99   46 3 |  2440  2417    53  2145
0008:   23  482   93   58 3 |  4416  4393   237  3674
0009:   21  360   29   10 1 |  5958  5937   130  5447
0010:   63  287   52   62 1 |  4860  4797   210  4300
0011:   64  313   81   40 3 |  4912  4848   234  4301
0012:   28  303   90   32 3 |  4636  4608   148  4157
0013:   52  245   40   77 4 |  4551  4499   335  3919
0014:   98  346   70   79 4 |  5302  5204   458  4400
0015:   73  348   92   23 2 |  4017  3944    34  3562
0016:   33  222   99   21 2 |  4268  4235    47  3966
0017:   98  340   27   44 2 |  6198  6100   624  5136
0018:    1  460   55   63 4 |  5872  5871   474  4937
0019:   73  467   13   84 4 |  8282  8209  2581  5161
SUM: 8282 79.22 67.94 4901.90 4203.90 0.241
