SRTF
0000:   29  454   23   52 2 |  5814  5785  1035  4296
0001:   58  249   16   11 4 |  1995  1937   171  1517
0002:  100  125   60   43 2 |   482   382   131   126
0003:   19  330   41   83 4 |  3320  3301   616  2355
0004:  100  489   23   77 4 |  7788  7688  1597  5602
0005:   41  337   69   23 1 |  2656  2615    83  2195
0006:   39  417   86   71 3 |  3415  3376   329  2630
0007:   99  178   30   19 3 |   964   865   118   569
0008:   32  107   42   95 3 |   500   468   226   135
0009:   59  277   53   44 1 |  1852  1793   225  1291
0010:   29  490   64   53 1 |  6105  6076   425  5161
0011:   65  484   79   73 3 |  5970  5905   831  4590
0012:   10  250   94   50 3 |   472   462    73   139
0013:   56  195   13   65 4 |  2425  2369  1047  1127
0014:   24  436   83   44 4 |  3940  3916   304  3176
0015:   94  170   17   37 2 |  1113  1019   256   593
0016:   28  478   72   34 2 |  4447  4419   236  3705
0017:  100  454   30   94 2 |  6122  6022  1357  4211
0018:   17  236   53   54 4 |  1284  1267   256   775
0019:   67  270   30   25 4 |  2151  2084   207  1607
SUM: 7788 82.51 78.42 3087.45 2290.00 0.257
