SRTF
0000:   73  284   25   21 2 |  2452  2379   205  1890
0001:   11  403   21   40 4 |  5072  5061   574  4084
0002:    7  193   78   88 2 |   688   681   159   329
0003:   77  132   41   74 4 |   639   562   187   243
0004:   26  134   67   77 4 |   449   423   127   162
0005:   23  417   18   96 1 |  7029  7006  2133  4456
0006:   55  148   67   69 3 |   400   345   148    49
0007:    0  329   22   45 3 |  3808  3808   643  2836
0008:   82  172   48   73 3 |  1304  1222   363   687
0009:    4  284   61   54 1 |  1555  1551   100  1167
0010:   36  434   28   53 1 |  6212  6176   857  4885
0011:  100  242   57   95 3 |  1741  1641   440   959
0012:   94  202   55   34 3 |  1112  1018   132   684
0013:   10  350   40   48 4 |  2984  2974   447  2177
0014:   63  429   80   81 4 |  4646  4583   553  3601
0015:   60  453   50   61 2 |  6048  5988   493  5042
0016:   55  189   13   82 2 |  2673  2618   985  1444
0017:   69  480   96   95 2 |  4945  4876   128  4268
0018:   22  390   28   59 4 |  4619  4597   878  3329
0019:   98  395   82   25 4 |  2812  2714    74  2245
SUM: 7029 86.21 79.03 3011.15 2226.85 0.285
