FCFS
0000:   67  233   53   35 2 |  4543  4476   143  4100
0001:   11  337   44   63 4 |  5891  5880   567  4976
0002:   94  184   43   21 2 |  4591  4497    86  4227
0003:   97  175   29   60 4 |  5571  5474   489  4810
0004:    3  135   80   69 4 |  1364  1361    93  1133
0005:   60  432   95   90 1 |  3844  3784   245  3107
0006:   91  422   80   15 3 |  4883  4792    62  4308
0007:   80  472   58   76 3 |  5712  5632   637  4523
0008:   51  181   92   91 3 |  2455  2404   147  2076
0009:    3  434   46   70 1 |  5942  5939   543  4962
0010:   26  234   22   20 1 |  5981  5955   251  5470
0011:   32  152   26   96 3 |  5177  5145   544  4449
0012:   51  371   88   18 3 |  4742  4691    66  4254
0013:   97  332   72   78 4 |  5063  4966   335  4299
0014:   63  209   75   30 4 |  4446  4383   126  4048
0015:   97  157   51   48 2 |  3952  3855   183  3515
0016:   24  372   68   29 2 |  5120  5096   147  4577
0017:   27  419   38   93 2 |  6061  6034   886  4729
0018:   18  415   86   74 4 |  3685  3667   246  3006
0019:   30  307   86   26 4 |  2965  2935    43  2585
SUM: 6061 98.55 67.96 4548.30 3957.70 0.330
