FCFS
0000:   51  378   45   62 2 |  6023  5972   411  5183
0001:   29  192   34   14 4 |  4867  4838   100  4546
0002:   15  446   90   54 2 |  5206  5191   211  4534
0003:   39  152   19   69 4 |  5772  5733   547  5034
0004:   57  357   91   64 4 |  4280  4223   215  3651
0005:   64  244   71   44 1 |  5124  5060   146  4670
0006:   69  439   98   85 3 |  4637  4568   340  3789
0007:   68  494   58   68 3 |  6327  6259   582  5183
0008:   53  468   80   72 3 |  5415  5362   432  4462
0009:   98  131   96   93 1 |  2435  2337   212  1994
0010:   48  177   44   27 1 |  3565  3517   117  3223
0011:   71  166   17   86 3 |  6169  6098   784  5148
0012:   95  435   99   99 3 |  4945  4850   545  3870
0013:   84  316   28   33 4 |  6293  6209   383  5510
0014:   16  303   35   52 4 |  6059  6043   463  5277
0015:   99  278   36   50 2 |  5855  5756   367  5111
0016:   11  409   72   50 2 |  4847  4836   171  4256
0017:   56  400   58   15 2 |  5714  5658   107  5151
0018:   25  231   12   21 4 |  6454  6429   311  5887
0019:    0  374   38   65 4 |  6193  6193   666  5153
SUM: 6454 99.01 71.15 5256.60 4581.60 0.310
