PREPRIO 4
0000:   62  316   18   43 2 |  4901  4839   550  3973
0001:   43  403   47   29 4 |  4245  4202   225  3574
0002:   14  291   19   24 2 |  4927  4913   384  4238
0003:   54  436   41   46 4 |  4198  4144   377  3331
0004:   18  235   18   21 4 |  2010  1992   294  1463
0005:    4  107   47   51 1 |  4918  4914    68  4739
0006:   27  173   52   21 3 |  3110  3083    75  2835
0007:   10  114   92   17 3 |  2779  2769     5  2650
0008:   76  457   89   88 3 |  5287  5211   596  4158
0009:   71  229   38   55 1 |  5360  5289   299  4761
0010:   77  370   97   34 1 |  5508  5431   140  4921
0011:   63  463   11   74 3 |  5851  5788  2595  2730
0012:   90  260   22   66 3 |  4100  4010   856  2894
0013:   72  267   18   40 4 |  2715  2643   626  1750
0014:   42  491   74   73 4 |  4933  4891   463  3937
0015:   16  111   95   72 2 |  3377  3361    60  3190
0016:   53  230   99   18 2 |  4774  4721    66  4425
0017:   38  143   33   91 2 |  3773  3735   346  3246
0018:   29  241   27   96 4 |  3003  2974   614  2119
0019:   64  165   85   19 4 |  2525  2461    43  2253
SUM: 5851 94.04 82.69 4068.55 3359.35 0.342
