FCFS
0000:   87  215   76   78 2 |  3217  3130   137  2778
0001:   42  396   84   18 4 |  4976  4934   104  4434
0002:   71  456   21   81 2 |  7202  7131  1853  4822
0003:    6  449   97   66 4 |  5145  5139   366  4324
0004:   78  272   68   16 4 |  4338  4260    64  3924
0005:   78  299   59   99 1 |  5376  5298   660  4339
0006:   10  214   84   13 3 |  3092  3082    24  2844
0007:   50  425   92   11 3 |  4581  4531    45  4061
0008:   78  498   81   37 3 |  5346  5268   194  4576
0009:   87  260   91   23 1 |  3055  2968    51  2657
0010:   83  255   92   33 1 |  3910  3827   100  3472
0011:   26  288   69   44 3 |  4534  4508   158  4062
0012:   15  424   12   42 3 |  7212  7197  1594  5179
0013:   52  189   71   51 4 |  4604  4552   262  4101
0014:   60  245   51   92 4 |  5631  5571   803  4523
0015:   21  376   75   96 2 |  5148  5127   398  4353
0016:   69  378   92   82 2 |  5219  5150   453  4319
0017:   40  117   69   90 2 |  2001  1961   103  1741
0018:   34  135   20   96 4 |  5659  5625   683  4807
0019:   47  487   36   22 4 |  5900  5853   269  5097
SUM: 7212 88.44 71.91 4755.60 4020.65 0.277
