RR 5
0000:   77  143   88   70 2 |  2848  2771   224  2404
0001:    9  162   32   97 4 |  3295  3286   393  2731
0002:   75  137   35   20 2 |  2770  2695    75  2483
0003:   96  241   82   39 4 |  3916  3820    98  3481
0004:   80  189   62   45 4 |  3514  3434   151  3094
0005:   22  381   39   81 1 |  4867  4845   707  3757
0006:   43  488   45   71 3 |  5131  5088   722  3878
0007:   17  366   24   40 3 |  4902  4885   677  3842
0008:   65  141   94   39 3 |  2562  2497    38  2318
0009:   14  230   68   18 1 |  3628  3614    42  3342
0010:   79  188   78   38 1 |  3357  3278    89  3001
0011:   79  100   56   22 3 |  2028  1949    37  1812
0012:   16  482   30   13 3 |  4925  4909   206  4221
0013:   54  199   28   91 4 |  3924  3870   444  3227
0014:   18  170   44   32 4 |  3201  3183   192  2821
0015:   90  343   55   78 2 |  4682  4592   468  3781
0016:    4  376   67   43 2 |  4476  4472   154  3942
0017:   72  177   34   25 2 |  3305  3233    73  2983
0018:   60  269   87   97 4 |  4075  4015   192  3554
0019:   87  217   28   49 4 |  4008  3921   388  3316
SUM: 5131 97.43 63.67 3717.85 3199.40 0.390
