PRIO 2
0000:   23  166   99   30 2 |  4049  4026    40  3820
0001:   76  306   90   13 4 |  3613  3537    65  3166
0002:   42  194   92   85 2 |  4362  4320    25  4101
0003:   30  293   68   67 4 |  3522  3492   248  2951
0004:   63  112   52   92 4 |  1803  1740   158  1470
0005:   88  158   65   62 1 |  5139  5051   167  4726
0006:   34  295   43   28 3 |  4256  4222   191  3736
0007:   16  324   94   85 3 |  4628  4612   385  3903
0008:   57  494   15   15 3 |  4844  4787   467  3826
0009:   47  173   33   24 1 |  5143  5096   111  4812
0010:   85  215   93   68 1 |  5199  5114   104  4795
0011:   70  357   33   62 3 |  4792  4722  1001  3364
0012:   58  257   21   50 3 |  3638  3580   460  2863
0013:   33  153   37   55 4 |  1892  1859   229  1477
0014:   49  183   57   56 4 |  2531  2482   102  2197
0015:   12  397   86   75 2 |  5336  5324   344  4583
0016:   31  295   83   79 2 |  5080  5049   245  4509
0017:   46  313   66   22 2 |  5055  5009   131  4565
0018:   94  392   78   53 4 |  4270  4176   190  3594
0019:   56  171   73   14 4 |  2152  2096    38  1887
SUM: 5336 98.35 59.60 4014.70 3517.25 0.375
