PRIO 2
0000:   34  131   60   49 2 |  3346  3312    59  3122
0001:    9  131   42   19 4 |  1849  1840    74  1635
0002:   97  287   48   66 2 |  5017  4920   464  4169
0003:   37  173   53   36 4 |  2347  2310    77  2060
0004:   75  177   10   61 4 |  2071  1996  1046   773
0005:   94  248   16   19 1 |  5177  5083   319  4516
0006:    4  118   25   52 3 |  2197  2193   202  1873
0007:   18  299   55   98 3 |  4232  4214   286  3629
0008:    3  302   73  100 3 |  4230  4227   177  3748
0009:   80  228   40   79 1 |  5436  5356   487  4641
0010:   75  490   49   96 1 |  6251  6176  1234  4452
0011:   71  331   85   41 3 |  4369  4298   183  3784
0012:   36  475   45   34 3 |  5015  4979   314  4190
0013:    9  255   29   66 4 |  3046  3037   314  2468
0014:    6  231   32   46 4 |  2891  2885   282  2372
0015:   89  319   18   29 2 |  4895  4806   625  3862
0016:   65  246   27   99 2 |  4736  4671   888  3537
0017:   50  250   31   70 2 |  4816  4766   505  4011
0018:   20  303   38   49 4 |  3288  3268   278  2687
0019:   73  494   84  100 4 |  4827  4754   563  3697
SUM: 6251 87.79 77.67 3954.55 3261.30 0.320
