FCFS
0000:   38  404   60   77 2 |  4742  4704   434  3866
0001:   24  146   90   73 4 |  2244  2220   166  1908
0002:   27  299   45   74 2 |  4310  4283   446  3538
0003:   53  280   86   25 4 |  2835  2782    70  2432
0004:   28  218   60   72 4 |  3841  3813   293  3302
0005:   60  455   63   54 1 |  4872  4812   276  4081
0006:   83  378   17   59 3 |  6581  6498  1428  4692
0007:   84  397   12   26 3 |  6613  6529   917  5215
0008:   68  372   66   49 3 |  4721  4653   312  3969
0009:   45  268   75   45 1 |  4395  4350   222  3860
0010:    5  324   61   73 1 |  4776  4771   508  3939
0011:   55  406   29   42 3 |  5536  5481   477  4598
0012:   88  476   23   18 3 |  5974  5886   416  4994
0013:   76  173   11   54 4 |  5794  5718   787  4758
0014:   29  103   43   16 4 |  2124  2095    46  1946
0015:    8  241   43   49 2 |  4664  4656   269  4146
0016:   92  464   14   37 2 |  6475  6383   993  4926
0017:   45  378   90   81 2 |  4248  4203   302  3523
0018:   98  322   75   17 4 |  3397  3299    64  2913
0019:   46  260   91   42 4 |  2834  2788    83  2445
SUM: 6613 96.23 75.25 4496.20 3752.55 0.302
