PREPRIO 4
0000:   89  168   87   18 2 |  4939  4850     8  4674
0001:    5  170   71   14 4 |  2929  2924    33  2721
0002:   57  107   10   26 2 |  2924  2867   230  2530
0003:   56  416   13   52 4 |  3155  3099  1666  1017
0004:   58  465   43   24 4 |  4696  4638   373  3800
0005:  100  321   94   22 1 |  5801  5701    48  5332
0006:   55  285   69   43 3 |  5049  4994   123  4586
0007:   28  454   89   73 3 |  5634  5606   475  4677
0008:   75  256   41   81 3 |  4365  4290   364  3670
0009:   87  223   94   20 1 |  5667  5580    60  5297
0010:   70  168   97   58 1 |  5536  5466    39  5259
0011:   44  355   75   48 3 |  5301  5257   158  4744
0012:   30  178   13   18 3 |  2664  2634   266  2190
0013:   98  413   99   68 4 |  4984  4886   298  4175
0014:   85  349   10   89 4 |  3971  3886  2838   699
0015:   75  421   14  100 2 |  7101  7026  2842  3763
0016:   94  208   89   84 2 |  5160  5066    70  4788
0017:   18  194   30   39 2 |  4848  4830   143  4493
0018:   20  435   29   74 4 |  4190  4170  1199  2536
0019:   20  361   68   99 4 |  4824  4804   340  4103
SUM: 7101 83.75 88.04 4628.70 3752.70 0.282
