RR 5
0000:   50  218   32   79 2 |  4056  4006   331  3457
0001:   70  307   79   68 4 |  4752  4682   245  4130
0002:   21  497   22   21 2 |  5406  5385   501  4387
0003:   55  170   86   17 4 |  3162  3107    55  2882
0004:   63  416   27   10 4 |  5185  5122   162  4544
0005:   90  213   23   51 1 |  4376  4286   520  3553
0006:   39  232   10   30 3 |  4786  4747   593  3922
0007:   75  256   25   62 3 |  4772  4697   583  3858
0008:   84  253   90   89 3 |  4252  4168   160  3755
0009:   94  298   80   34 1 |  4679  4585   131  4156
0010:   17  186   44   61 1 |  3537  3520   255  3079
0011:    6  233   45   88 3 |  4202  4196   383  3580
0012:   26  435   52   33 3 |  5151  5125   252  4438
0013:   46  139   56   43 4 |  2566  2520    52  2329
0014:    1  317   94   31 4 |  4586  4585    48  4220
0015:   63  258   58   74 2 |  4413  4350   283  3809
0016:   58  111   84   80 2 |  2070  2012    68  1833
0017:    3  191   21   14 2 |  3525  3522   106  3225
0018:   16  307   22   49 4 |  5078  5062   744  4011
0019:   73  276   23   45 4 |  4827  4754   497  3981
SUM: 5406 98.28 67.59 4221.55 3657.45 0.370
