RR 2
0000:   95  447   28   47 2 |  5816  5721   734  4540
0001:   10  167   17   20 4 |  3242  3232   203  2862
0002:   74  172   71   71 2 |  3306  3232   132  2928
0003:   48  382   15   22 4 |  5533  5485   423  4680
0004:    7  277   50   24 4 |  4363  4356   110  3969
0005:   75  113   20   62 1 |  2590  2515   342  2060
0006:   34  443   81   13 3 |  5561  5527    82  5002
0007:   17  186   96   25 3 |  3307  3290    29  3075
0008:   98  204   38   41 3 |  3796  3698   276  3218
0009:   11  462   30   43 1 |  5833  5822   694  4666
0010:   10  137   63   94 1 |  2627  2617   144  2336
0011:   54  440   28   46 3 |  5761  5707   743  4524
0012:   13  437   46   18 3 |  5578  5565   172  4956
0013:   40  381   40   38 4 |  5375  5335   325  4629
0014:   34  231   55   80 4 |  4054  4020   233  3556
0015:   54  230   79   78 2 |  4080  4026   251  3545
0016:   26  110   52   45 2 |  2186  2160    98  1952
0017:   47  398   83   80 2 |  5505  5458   355  4705
0018:    6  238   58   50 4 |  4113  4107   249  3620
0019:   92  323   59   82 4 |  5072  4980   459  4198
SUM: 5833 99.06 66.12 4342.65 3751.05 0.343
