PREPRIO 2
0000:    8  276   96   59 2 |  4532  4524   123  4125
0001:   62  315   87   78 5 |  3176  3114   384  2415
0002:    7  293   46   40 3 |  4019  4012   254  3465
0003:   51  219   97   65 2 |  4265  4214   162  3833
0004:   31  425   75   80 5 |  3852  3821   414  2982
0005:   31  187   29   78 2 |  4057  4026   424  3415
0006:   75  386   79   65 2 |  4746  4671   164  4121
0007:   49  158   84   94 4 |  2182  2133   210  1765
0008:   14  179   72   45 2 |  3983  3969    52  3738
0009:   40  355   56   86 1 |  5277  5237   551  4331
0010:   13  210   77   10 4 |  2659  2646    21  2415
0011:   63  331   94   30 4 |  3858  3795    51  3413
0012:    7  350   13  100 1 |  6387  6380  2486  3544
0013:   10  348   48   38 4 |  3551  3541   404  2789
0014:   36  127   28   76 1 |  4441  4405   295  3983
0015:   34  203   88   98 2 |  4176  4142   104  3835
0016:   90  147   73   14 2 |  3500  3410    20  3243
0017:   73  156   44   44 4 |  1901  1828   128  1544
0018:   77  318   17   44 2 |  4718  4641   743  3580
0019:   73  166   13   86 1 |  4841  4768   936  3666
SUM: 6387 80.62 76.33 3963.85 3310.10 0.313
