FCFS
0000:   14  427   41   35 2 |  6181  6167   523  5217
0001:   99  336   80   13 4 |  4076  3977    52  3589
0002:   79  236   72   89 2 |  3152  3073   224  2613
0003:   43  394   20   30 4 |  6287  6244   537  5313
0004:   66  438   44   38 4 |  5692  5626   338  4850
0005:   68  412   87   77 1 |  4274  4206   329  3465
0006:   12  146   64   68 3 |  1782  1770   124  1500
0007:   15  221   92   40 3 |  2850  2835   105  2509
0008:    1  317   24   17 3 |  6013  6012   167  5528
0009:   64  269   41   60 1 |  5083  5019   492  4258
0010:   28  247   45   31 1 |  4203  4175   173  3755
0011:   77  446   39   11 3 |  6003  5926   135  5345
0012:   24  485  100   79 3 |  4914  4890   446  3959
0013:   83  408   65   72 4 |  5670  5587   632  4547
0014:   79  126   98   49 4 |  1584  1505    38  1341
0015:   82  374   86   19 2 |  3396  3314    43  2897
0016:   45  182   46   35 2 |  3814  3769   116  3471
0017:  100  133   67   73 2 |  2429  2329   126  2070
0018:   14  141   80   87 4 |  1833  1819   139  1539
0019:   73  467   41   40 4 |  6080  6007   536  5004
SUM: 6287 98.70 60.36 4212.50 3638.50 0.318
