PRIO 2
0000:   50  218   32   79 2 |  4644  4594   462  3914
0001:   70  307   79   68 4 |  4072  4002   277  3418
0002:   21  497   22   21 2 |  5309  5288   383  4408
0003:   55  170   86   17 4 |  2524  2469    26  2273
0004:   63  416   27   10 4 |  4289  4226   129  3681
0005:   90  213   23   51 1 |  5182  5092   297  4582
0006:   39  232   10   30 3 |  3199  3160   639  2289
0007:   75  256   25   62 3 |  4116  4041   511  3274
0008:   84  253   90   89 3 |  4210  4126   286  3587
0009:   94  298   80   34 1 |  5315  5221   126  4797
0010:   17  186   44   61 1 |  5046  5029   249  4594
0011:    6  233   45   88 3 |  3949  3943   550  3160
0012:   26  435   52   33 3 |  4900  4874   344  4095
0013:   46  139   56   43 4 |  2023  1977   192  1646
0014:    1  317   94   31 4 |  3961  3960   108  3535
0015:   63  258   58   74 2 |  4813  4750   292  4200
0016:   58  111   84   80 2 |  3374  3316   116  3089
0017:    3  191   21   14 2 |  4196  4193    85  3917
0018:   16  307   22   49 4 |  3331  3315   716  2292
0019:   73  276   23   45 4 |  3325  3252   626  2350
SUM: 5315 99.96 71.38 4041.40 3455.05 0.376
