SRTF
0000:   27  109   20   63 2 |   966   939   503   327
0001:   69  163   55   42 4 |   353   284    26    95
0002:   29  301   31   12 2 |  2477  2448   112  2035
0003:   87  211   45   83 4 |  1899  1812   475  1126
0004:   96  154   59   41 4 |   959   863   105   604
0005:   87  129   66   53 1 |   408   321    73   119
0006:   33  453   11   85 3 |  8260  8227  2982  4792
0007:   84  413   44   49 3 |  5232  5148   369  4366
0008:   68  294   27   10 3 |  3136  3068   106  2668
0009:    6  251   28   98 1 |  2720  2714   790  1673
0010:   41  380   61   23 1 |  4347  4306   161  3765
0011:   14  385   93   26 3 |  3946  3932    94  3453
0012:    9  158  100   84 3 |   612   603   139   306
0013:   54  370   29   22 4 |  4222  4168   276  3522
0014:  100  354   40   85 4 |  3901  3801   720  2727
0015:   73  482  100   32 2 |  5191  5118   147  4489
0016:   85  262   65   64 2 |  2474  2389   202  1925
0017:   42  287   96   33 2 |  1556  1514   103  1124
0018:   65  237   94   30 4 |  1027   962    40   685
0019:   98  216   23   42 4 |  2066  1968   347  1405
SUM: 8260 67.91 74.54 2729.25 2060.30 0.242
