PRIO 2
0000:   73  144   41   69 2 |  3704  3631   197  3290
0001:   64  148   41   18 4 |  1735  1671    84  1439
0002:   54  327   61   91 2 |  5752  5698   400  4971
0003:   86  240   61   98 4 |  3430  3344   419  2685
0004:   79  435   71   72 4 |  4850  4771   660  3676
0005:   45  496   84   80 1 |  6628  6583   495  5592
0006:   26  484   87   58 3 |  5689  5663   338  4841
0007:   60  476   65   46 3 |  5551  5491   419  4596
0008:   25  161   83  100 3 |  2972  2947   127  2659
0009:   94  484   75   91 1 |  6588  6494   633  5377
0010:   37  136   70   16 1 |  5235  5198    38  5024
0011:   78  442   27   88 3 |  5698  5620  1045  4133
0012:   21  289   89   18 3 |  4467  4446    41  4116
0013:   58  292   63   87 4 |  3984  3926   491  3143
0014:   86  364   55   96 4 |  4342  4256   469  3423
0015:   66  301   53   86 2 |  5638  5572   506  4765
0016:   12  223   44   77 2 |  4959  4947   544  4180
0017:   12  415   31   30 2 |  5857  5845   401  5029
0018:   95  322   27   10 4 |  3632  3537    96  3119
0019:   22  236   49   75 4 |  3330  3308   289  2783
SUM: 6628 96.79 68.74 4647.40 3942.05 0.302
