PRIO 5
0000:   99  319   84   24 3 |  4164  4065    80  3666
0001:   83  191   62   18 2 |  3533  3450    58  3201
0002:   82  317   55   49 1 |  6232  6150   236  5597
0003:   72  261   17   91 3 |  3718  3646  1413  1972
0004:   64  274   17   19 2 |  4107  4043   248  3521
0005:   13  219   79   90 3 |  3453  3440   233  2988
0006:   31  409   57   54 3 |  4824  4793   475  3909
0007:   16  437   91   94 1 |  6705  6689   422  5830
0008:    6  379   54   46 3 |  4286  4280   273  3628
0009:   93  428   24   82 3 |  4646  4553  1375  2750
0010:   86  449   53   42 1 |  6653  6567   426  5692
0011:   54  290   99   12 1 |  6057  6003    37  5676
0012:   48  476   64  100 2 |  5800  5752   500  4776
0013:   80  202   75   29 1 |  5455  5375    58  5115
0014:   72  438   94   40 3 |  4887  4815   148  4229
0015:   34  118   49   67 2 |  2679  2645   239  2288
0016:   58  305  100   16 1 |  6065  6007    51  5651
0017:   49  480   94   42 1 |  6586  6537   153  5904
0018:   82  393   22   64 3 |  4256  4174  1045  2736
0019:   50  235   46   27 2 |  4287  4237   152  3850
SUM: 6705 98.73 67.13 4861.05 4148.95 0.298
