PRIO 5
0000:   81  433   97   52 3 |  5024  4943   267  4243
0001:   91  182   80   26 2 |  4039  3948    41  3725
0002:   32  149   96   92 1 |  5303  5271   412  4710
0003:   51  376   93   60 3 |  4799  4748   218  4154
0004:   88  212   63   51 2 |  4638  4550    96  4242
0005:    6  337   62   62 3 |  4505  4499   479  3683
0006:   52  385   76   30 3 |  4699  4647   184  4078
0007:   87  366   47   76 1 |  6014  5927   667  4894
0008:   14  425   27   14 3 |  4418  4404   168  3811
0009:   96  280   93   57 3 |  4405  4309   142  3887
0010:    4  408   69   48 1 |  5873  5869   161  5300
0011:   42  123   88   43 1 |  4942  4900    32  4745
0012:   73  448   90   25 2 |  5562  5489   209  4832
0013:   64  142   73   76 1 |  5142  5078   133  4803
0014:    4  341   67   99 3 |  4863  4859   429  4089
0015:   91  144   52   47 2 |  3059  2968    86  2738
0016:    0  201   81   41 1 |  5379  5379    74  5104
0017:   74  268   35   84 1 |  5890  5816   676  4872
0018:   49  481   10   39 3 |  3523  3474  1939  1054
0019:   58  232   97   13 2 |  4640  4582    45  4305
SUM: 6014 98.65 71.88 4783.00 4163.45 0.333
