PREPRIO 2
0000:   55  301   70   97 2 |  5611  5556   316  4939
0001:   31  118   52   45 5 |   964   933   104   711
0002:   59  338   20   96 3 |  5242  5183  1427  3418
0003:   30  366   89   50 2 |  5781  5751   160  5225
0004:   53  440   45   11 5 |  3718  3665   105  3120
0005:   26  330   86   97 2 |  5669  5643   278  5035
0006:   50  231   48   74 2 |  4967  4917   400  4286
0007:   15  321   66   72 4 |  3883  3868   516  3031
0008:   36  264   24   79 2 |  5255  5219   729  4226
0009:   24  476   22   32 1 |  6763  6739   673  5590
0010:   64  403   40   20 4 |  4117  4053   203  3447
0011:   73  328   71   52 4 |  3975  3902   216  3358
0012:   90  458   35   74 1 |  6877  6787   706  5623
0013:   50  467   13   93 4 |  5282  5232  2999  1766
0014:   86  365   43   98 1 |  6712  6626   752  5509
0015:   74  251   77   60 2 |  5143  5069   196  4622
0016:   49  379   12   55 2 |  6158  6109  1438  4292
0017:   89  259   69   93 4 |  3336  3247   320  2668
0018:    2  332   72   65 2 |  5650  5648   273  5043
0019:   32  203   94   22 1 |  5896  5864    40  5621
SUM: 6877 96.41 84.35 5000.55 4076.50 0.291
