SRTF
0000:   11  308   30   58 2 |  2424  2413   611  1494
0001:   76  201   32   87 4 |  1422  1346   547   598
0002:   30  222   75   36 2 |   521   491    95   174
0003:    0  121   40   79 4 |   617   617   295   201
0004:   99  323   35   23 4 |  2381  2282   281  1678
0005:   12  317   74   21 1 |  1411  1399   107   975
0006:   30  336   18   62 3 |  3708  3678   883  2459
0007:    2  154   73   35 3 |   372   370    91   125
0008:   67  389   51   65 3 |  3622  3555   399  2767
0009:   54  444   27   15 1 |  5543  5489   261  4784
0010:    7  481   39   27 1 |  6120  6113   369  5263
0011:   90  353   89   75 3 |  2628  2538   242  1943
0012:    0  441   11   22 3 |  7071  7071   871  5759
0013:   24  386   32   57 4 |  4290  4266   655  3225
0014:   23  231   91   99 4 |   970   947   177   539
0015:    6  440   51   80 2 |  4932  4926   720  3766
0016:  100  210   18   48 2 |  1909  1809   638   961
0017:   91  486   53   40 2 |  6468  6377   395  5496
0018:   12  347   19   80 4 |  4763  4751  1277  3127
0019:    4  354   17   90 4 |  5611  5607  1880  3373
SUM: 7071 92.55 80.87 3302.25 2435.35 0.283
