RR 5
0000:   69  331   41   67 2 |  5873  5804   631  4842
0001:   75  206   14   75 4 |  4898  4823   755  3862
0002:   88  264   87   50 2 |  4689  4601   104  4233
0003:   19  249   18  100 4 |  5631  5612  1155  4208
0004:   42  358   43   87 4 |  6118  6076   988  4730
0005:   32  296   94   33 1 |  5035  5003   109  4598
0006:   80  177   27   53 3 |  3977  3897   426  3294
0007:    0  444   42   72 3 |  6416  6416   879  5093
0008:   48  446   53   14 3 |  6164  6116   131  5539
0009:   38  290   51   78 1 |  5131  5093   253  4550
0010:   82  463   19   41 1 |  6558  6476   974  5039
0011:   48  289   53   84 3 |  5257  5209   311  4609
0012:   41  397   19   47 3 |  6332  6291   891  5003
0013:    3  332   24   42 4 |  6031  6028   685  5011
0014:   15  194   67   19 4 |  3218  3203    38  2971
0015:   35  213   81   47 2 |  3903  3868   206  3449
0016:    5  384   69   13 2 |  5659  5654    63  5207
0017:   40  304   85   81 2 |  5180  5140   281  4555
0018:   69  332   39   74 4 |  5782  5713   530  4851
0019:   84  440   96   90 4 |  6280  6196   468  5288
SUM: 6558 97.73 77.25 5360.95 4546.60 0.305
