SRTF
0000:   39  422   76   85 2 |  5391  5352   525  4405
0001:    5  198   89   14 4 |   423   418    18   202
0002:   78  415   79   86 2 |  4235  4157   385  3357
0003:   84  248   93   98 4 |  1945  1861   123  1490
0004:    7  411   85   83 4 |  4593  4586   315  3860
0005:   33  124   51   88 1 |   525   492   266   102
0006:    7  304  100   47 3 |  2508  2501    83  2114
0007:   75  277   99   56 3 |  2630  2555   204  2074
0008:    6  142   71   66 3 |   748   742   199   401
0009:   41  193   89   42 1 |  1207  1166   132   841
0010:   15  189   88   16 1 |  1465  1450    47  1214
0011:   69  352   49   78 3 |  3795  3726   522  2852
0012:   22  129   69   76 3 |   603   581   217   235
0013:    7  450   91   26 4 |  5295  5288   115  4723
0014:   53  351   76   88 4 |  3223  3170   320  2499
0015:   55  151   34   31 2 |  1002   947    92   704
0016:   87  409   34   38 2 |  4612  4525   425  3691
0017:   19  202   65   39 2 |  1675  1656   134  1320
0018:   93  207   75   39 4 |  1978  1885   157  1521
0019:   37  141   23   33 4 |  1103  1066   183   742
SUM: 5391 98.59 60.42 2406.20 1917.35 0.371
