LCFS
0000:   77  116   74   41 2 |  1378  1301    68  1117
0001:   94  149   55   74 4 |   401   307   104    54
0002:   92  152   97   21 2 |   739   647    47   448
0003:   67  382   34   45 4 |  2892  2825   384  2059
0004:   18  395   50   66 4 |  5240  5222   417  4410
0005:    5  322   88   76 1 |  1225  1220   289   609
0006:   33  354   23   75 3 |  5216  5183   803  4026
0007:   36  207   40   56 3 |  3904  3868   363  3298
0008:   19  105   67   68 3 |  3860  3841   208  3528
0009:   50  249   77   88 1 |  3273  3223   337  2637
0010:   18  485   72   94 1 |  5227  5209   512  4212
0011:   68  119   85   72 3 |   408   340    91   130
0012:   53  193   90   98 3 |  2878  2825   182  2450
0013:   62  266   97   38 4 |  2332  2270   129  1875
0014:    9  271   44   51 4 |  5037  5028   305  4452
0015:   93  307   53   73 2 |  1414  1321   316   698
0016:   31  388   68   17 2 |  3898  3867   128  3351
0017:   66  477   74   19 2 |  2189  2123   105  1541
0018:   85  143   60   44 4 |  1148  1063    73   847
0019:   37  117   42   70 4 |  2865  2828   197  2514
SUM: 5240 99.18 68.03 2725.55 2212.80 0.382
