PRIO 5
0000:   67  233   53   35 3 |  2839  2772   134  2405
0001:   11  337   44   63 2 |  4952  4941   591  4013
0002:   94  184   43   21 1 |  5071  4977    44  4749
0003:   97  175   29   60 3 |  1966  1869   461  1233
0004:    3  135   80   69 2 |  2879  2876    52  2689
0005:   60  432   95   90 3 |  4658  4598   270  3896
0006:   91  422   80   15 3 |  4448  4357    85  3850
0007:   80  472   58   76 1 |  6142  6062   664  4926
0008:   51  181   92   91 3 |  2659  2608   168  2259
0009:    3  434   46   70 3 |  4680  4677   589  3654
0010:   26  234   22   20 1 |  5160  5134   194  4706
0011:   32  152   26   96 1 |  4646  4614   626  3836
0012:   51  371   88   18 2 |  5034  4983    94  4518
0013:   97  332   72   78 1 |  5701  5604   360  4912
0014:   63  209   75   30 3 |  2475  2412    74  2129
0015:   97  157   51   48 2 |  2858  2761   177  2427
0016:   24  372   68   29 1 |  5707  5683   127  5184
0017:   27  419   38   93 1 |  6120  6093   955  4719
0018:   18  415   86   74 3 |  4710  4692   424  3853
0019:   30  307   86   26 2 |  4851  4821    59  4455
SUM: 6142 97.25 66.48 4326.70 3720.65 0.326
