PRIO 5
0000:   85  322   88   45 3 |  3763  3678   223  3133
0001:   18  102   31   42 2 |  1737  1719   177  1440
0002:   10  238   89   23 1 |  5113  5103    78  4787
0003:   49  260   56   14 3 |  3061  3012    83  2669
0004:   85  436   66   29 2 |  4947  4862   151  4275
0005:   37  254   24   69 3 |  3107  3070   992  1824
0006:   82  177   62   28 3 |  2400  2318    55  2086
0007:   26  443   59   52 1 |  5855  5829   516  4870
0008:   14  229  100   70 3 |  3149  3135    91  2815
0009:   76  322   21   82 3 |  3864  3788  1374  2092
0010:   78  193   84   42 1 |  4810  4732   108  4431
0011:   42  275   30   39 1 |  5210  5168   321  4572
0012:   82  157   84   12 2 |  3267  3185    14  3014
0013:   21  410   35   48 1 |  5825  5804   645  4749
0014:   94  438   42   51 3 |  4194  4100   580  3082
0015:   73  142   82   14 2 |  3118  3045    21  2882
0016:   40  446   40   96 1 |  6142  6102  1290  4366
0017:   95  497   58   90 1 |  6227  6132   758  4877
0018:    0  454   71   99 3 |  4556  4556   559  3543
0019:   71  213   11   40 2 |  3352  3281   623  2445
SUM: 6227 96.48 79.19 4130.95 3397.60 0.321
