RR 5
0000:   18  205   76   24 2 |  3713  3695   116  3374
0001:   90  314   62   67 4 |  5277  5187   516  4357
0002:    4  307   74   18 2 |  4738  4734    98  4329
0003:   45  475   63   47 4 |  5893  5848   382  4991
0004:   24  101   15   11 4 |  2190  2166    95  1970
0005:   34  170   67   47 1 |  3163  3129    87  2872
0006:   27  168   50   32 3 |  3147  3120   109  2843
0007:   84  372   24   47 3 |  5881  5797   780  4645
0008:   10  482   61   23 3 |  5844  5834   188  5164
0009:   70  281   82   16 1 |  4496  4426    48  4097
0010:   11  256   14   91 1 |  5791  5780  1705  3819
0011:   49  157   48   38 3 |  3010  2961   120  2684
0012:   75  428   76   87 3 |  5794  5719   524  4767
0013:   12  190   34   86 4 |  3797  3785   535  3060
0014:    2  297   70   98 4 |  4886  4884   533  4054
0015:   71  324   61   20 2 |  5087  5016   145  4547
0016:   14  172   18   26 2 |  3615  3601   220  3209
0017:   21  416   93   69 2 |  5595  5574   345  4813
0018:    0  330   54   11 4 |  4992  4992    75  4587
0019:   92  423   64   61 4 |  5828  5736   512  4801
SUM: 5893 99.58 73.39 4599.20 3949.15 0.339
