FCFS
0000:    2  426   46   65 2 |  5922  5920   612  4882
0001:   70  358   16   83 4 |  7041  6971  1413  5200
0002:    5  289   45   90 2 |  5378  5373   587  4497
0003:   50  184   53   23 4 |  3380  3330    72  3074
0004:   19  159   62   13 4 |  2341  2322    24  2139
0005:   54  356   80   84 1 |  3995  3941   333  3252
0006:   62  414   44   25 3 |  5875  5813   186  5213
0007:   27  474   38   59 3 |  6378  6351   632  5245
0008:   36  320   80   98 3 |  4279  4243   409  3514
0009:   13  232   48   14 1 |  4789  4776    67  4477
0010:   97  416   47   75 1 |  5893  5796   616  4764
0011:   93  201   69   98 3 |  3831  3738   303  3234
0012:   42  280   26   37 3 |  6073  6031   373  5378
0013:   13  270   39   33 4 |  5462  5449   218  4961
0014:    5  435   55   88 4 |  5794  5789   717  4637
0015:   75  443   92   31 2 |  4642  4567   148  3976
0016:   22  217   53   65 2 |  3871  3849   199  3433
0017:   48  416   19   15 2 |  6537  6489   335  5738
0018:   72  174   72   20 4 |  3427  3355    51  3130
0019:   80  485   54   32 4 |  5861  5781   170  5126
SUM: 7041 93.01 73.27 4994.20 4293.50 0.284
