PREPRIO 4
0000:   54  306   32   55 2 |  5475  5421   455  4660
0001:   20  217   51   57 4 |  3232  3212   210  2785
0002:   70  197   85   72 2 |  5136  5066   110  4759
0003:   25  340   39   79 4 |  4127  4102   526  3236
0004:   53  178   63   93 4 |  2702  2649    99  2372
0005:    9  115   60   45 1 |  5236  5227    54  5058
0006:   54  150   89   70 3 |  3197  3143   202  2791
0007:   20  491   18   10 3 |  4960  4940   264  4185
0008:   60  176   39   97 3 |  3641  3581   435  2970
0009:   99  215   31   80 1 |  6293  6194   569  5410
0010:   61  400   89   97 1 |  6569  6508   316  5792
0011:   18  457   65  100 3 |  5763  5745   415  4873
0012:   51  446   26   14 3 |  4951  4900   287  4167
0013:   56  364   94   59 4 |  4679  4623   154  4105
0014:   95  296   75   81 4 |  3799  3704   266  3142
0015:   35  497   46   32 2 |  6154  6119   374  5248
0016:   30  245   11   54 2 |  5084  5054  1259  3550
0017:   64  490   82   71 2 |  6313  6249   403  5356
0018:   41  359   11   64 4 |  3047  3006  1861   786
0019:   70  430   83   48 4 |  5128  5058   396  4232
SUM: 6569 96.96 72.37 4725.05 3973.85 0.304
