PREPRIO 4
0000:   17  374   39   41 2 |  5543  5526   478  4674
0001:   74  257   45   18 4 |  2985  2911    39  2615
0002:   36  194   37   35 2 |  4315  4279   109  3976
0003:   30  481   49   96 4 |  5088  5058  1231  3346
0004:    9  140   82   91 4 |  1959  1950   217  1593
0005:   18  199   63   65 1 |  5518  5500    85  5216
0006:   95  143   69   25 3 |  2631  2536    33  2360
0007:    2  114   17   50 3 |  1922  1920   329  1477
0008:   59  392   45   95 3 |  5099  5040   736  3912
0009:   33  428   79   87 1 |  6187  6154   548  5178
0010:   64  144   70   34 1 |  5169  5105    60  4901
0011:   55  448   25   53 3 |  4731  4676  1037  3191
0012:   23  481   31   13 3 |  4933  4910   187  4242
0013:   58  152   52   94 4 |  2237  2179   158  1869
0014:   72  453   24   62 4 |  3932  3860  1254  2153
0015:    2  336   81   44 2 |  5383  5381   162  4883
0016:   78  188   54   92 2 |  4340  4262   312  3762
0017:   58  457   35   95 2 |  6168  6110  1452  4201
0018:   21  240   95   82 4 |  3183  3162   248  2674
0019:    9  285   75   81 4 |  3494  3485   173  3027
SUM: 6187 95.46 81.38 4200.20 3462.50 0.323
