FCFS
0000:   24  432   59   27 2 |  5286  5262   187  4643
0001:   15  178   24   88 4 |  5663  5648   856  4614
0002:   76  341   13   93 2 |  7569  7493  2388  4764
0003:   11  322   98   78 4 |  3115  3104   167  2615
0004:   97  387   28   19 4 |  5968  5871   357  5127
0005:   65  299   36   38 1 |  5339  5274   254  4721
0006:   22  342   19   41 3 |  6088  6066   826  4898
0007:   48  461   71   85 3 |  5144  5096   398  4237
0008:   99  390   26   81 3 |  6507  6408  1381  4637
0009:   32  257   59   24 1 |  4249  4217   129  3831
0010:   85  230   59   94 1 |  3576  3491   306  2955
0011:   20  338   49   40 3 |  5327  5307   343  4626
0012:    8  150   64   70 3 |  2277  2269   174  1945
0013:   90  197   28   19 4 |  5233  5143   127  4819
0014:   21  262   46   19 4 |  5256  5235   123  4850
0015:   87  407   52   10 2 |  5209  5122    73  4642
0016:   11  330   82   29 2 |  3616  3605   127  3148
0017:   38  144   44   77 2 |  3804  3766   255  3367
0018:   66  333   54   64 4 |  4573  4507   244  3930
0019:    2  489   96   50 4 |  3534  3532   119  2924
SUM: 7569 83.09 74.07 4820.80 4064.65 0.264
