SRTF
0000:   14  224   89   87 2 |  1710  1696   176  1296
0001:   82  203   92   14 4 |   825   743    40   500
0002:   90  269   86   65 2 |  2574  2484    81  2134
0003:   55  266   70   16 4 |  2279  2224    79  1879
0004:   75  153   95   51 4 |   656   581    86   342
0005:  100  306   63   41 1 |  3349  3249   296  2647
0006:   60  237   87   83 3 |  2005  1945   122  1586
0007:   32  455   14   69 3 |  7559  7527  2220  4852
0008:   12  426   34   37 3 |  5361  5349   582  4341
0009:   23  356   78   46 1 |  4262  4239   239  3644
0010:   54  221   80   70 1 |  1388  1334   166   947
0011:   13  215   65   17 3 |  1700  1687    83  1389
0012:   51  481   40   77 3 |  5909  5858   822  4555
0013:   12  388   83   58 4 |  3949  3937   359  3190
0014:   80  159   33   14 4 |   611   531    56   316
0015:   15  259   19   47 2 |  3803  3788   691  2838
0016:   34  401   51   78 2 |  5111  5077   726  3950
0017:   70  338   73   23 2 |  3307  3237   132  2767
0018:  100  214   97   49 4 |  1138  1038    81   743
0019:   30  195   72   31 4 |   372   342    53    94
SUM: 7559 76.28 65.92 2843.30 2200.50 0.265
