RR 2
0000:   57  147   34   50 2 |  2890  2833   205  2481
0001:   95  425   52   98 4 |  5830  5735   761  4549
0002:   25  360   98   25 2 |  5238  5213    97  4756
0003:   65  112   23   61 4 |  2485  2420   297  2011
0004:   33  399   84   82 4 |  5526  5493   271  4823
0005:   70  122   20   59 1 |  2630  2560   333  2105
0006:   79  367   72   51 3 |  5421  5342   275  4700
0007:   70  227   16   84 3 |  4893  4823  1232  3364
0008:   15  183   70   49 3 |  3136  3121   118  2820
0009:   54  471   77   95 1 |  5819  5765   723  4571
0010:   66  209   20   10 1 |  3740  3674    86  3379
0011:   16  157   60   89 3 |  2931  2915   294  2464
0012:   63  268   41   13 3 |  4415  4352    69  4015
0013:   86  389   57   46 4 |  5543  5457   339  4729
0014:   48  274   27   49 4 |  4823  4775   503  3998
0015:   95  362   97   68 2 |  5472  5377   379  4636
0016:   52  438   12   89 2 |  7039  6987  3015  3534
0017:   39  347   99   82 2 |  5202  5163   233  4583
0018:   83  321   66   71 4 |  5228  5145   481  4343
0019:   37  284   61   39 4 |  4585  4548   200  4064
SUM: 7039 83.28 79.95 4584.90 3796.25 0.284
