RR 5
0000:   53  358   81   68 2 |  5070  5017   327  4332
0001:   85  374   33   13 4 |  5139  5054   159  4521
0002:  100  125   37   12 2 |  2460  2360    67  2168
0003:   81  376   29   44 4 |  5274  5193   545  4272
0004:   33  345   86   54 4 |  4715  4682    71  4266
0005:   13  116   78   18 1 |  2072  2059    28  1915
0006:   86  133   28   66 3 |  2875  2789   253  2403
0007:   52  336   38   45 3 |  5041  4989   381  4272
0008:   38  126   37   87 3 |  2672  2634   309  2199
0009:   14  103   36   72 1 |  2007  1993   117  1773
0010:   63  411   65   97 1 |  5213  5150   356  4383
0011:   93  267   72   48 3 |  4347  4254   203  3784
0012:   94  264   10   96 3 |  5835  5741  2431  3046
0013:    4  350   41   49 4 |  4881  4877   235  4292
0014:    0  354   94   14 4 |  4617  4617    53  4210
0015:   12  257   79   75 2 |  3918  3906   265  3384
0016:   80  223   29   61 2 |  4103  4023   445  3355
0017:   64  125   76  100 2 |  2313  2249    90  2034
0018:   65  314   34   70 4 |  4968  4903   710  3879
0019:   67  433   26   51 4 |  5468  5401   784  4184
SUM: 5835 92.37 79.31 4094.55 3433.60 0.343
