FCFS
0000:   53  437   79   76 2 |  4591  4538   318  3783
0001:   62  344   87   34 4 |  3771  3709   109  3256
0002:   85  351   86   30 2 |  4614  4529   125  4053
0003:   51  285   21   43 4 |  5918  5867   592  4990
0004:   74  112   12   30 4 |  5511  5437   319  5006
0005:  100  268   97   52 1 |  2589  2489   103  2118
0006:   71  115   29   75 3 |  2890  2819   209  2495
0007:   58  232   24   65 3 |  5565  5507   573  4702
0008:   75  463  100   67 3 |  4861  4786   390  3933
0009:   37  253   22   89 1 |  6036  5999  1106  4640
0010:   33  363   91   12 1 |  3549  3516    46  3107
0011:   33  402   50   72 3 |  5673  5640   743  4495
0012:   48  371   25   52 3 |  5971  5923   790  4762
0013:   21  291   44  100 4 |  5298  5277   714  4272
0014:   21  186   64   88 4 |  4230  4209   319  3704
0015:   35  276   26   69 2 |  5703  5668   751  4641
0016:    5  135   97   14 2 |  1236  1231    19  1077
0017:   82  420   84   68 2 |  4259  4177   295  3462
0018:   80  155   46   40 4 |  4090  4010   182  3673
0019:   83  425   50   11 4 |  5489  5406   107  4874
SUM: 6036 97.48 71.16 4536.85 3852.15 0.331
