FCFS
0000:   77  116   74   41 2 |  1667  1590    22  1452
0001:   94  149   55   74 4 |  3784  3690   307  3234
0002:   92  152   97   21 2 |  1846  1754     8  1594
0003:   67  382   34   45 4 |  5050  4983   500  4101
0004:   18  395   50   66 4 |  5056  5038   602  4041
0005:    5  322   88   76 1 |  3215  3210   144  2744
0006:   33  354   23   75 3 |  5641  5608  1156  4098
0007:   36  207   40   56 3 |  4470  4434   308  3919
0008:   19  105   67   68 3 |   831   812    36   671
0009:   50  249   77   88 1 |  3623  3573   331  2993
0010:   18  485   72   94 1 |  4721  4703   606  3612
0011:   68  119   85   72 3 |  1746  1678   102  1457
0012:   53  193   90   98 3 |  3405  3352   300  2859
0013:   62  266   97   38 4 |  3299  3237   108  2863
0014:    9  271   44   51 4 |  4268  4259   285  3703
0015:   93  307   53   73 2 |  4799  4706   435  3964
0016:   31  388   68   17 2 |  4509  4478    77  4013
0017:   66  477   74   19 2 |  4654  4588   155  3956
0018:   85  143   60   44 4 |  3135  3050    55  2852
0019:   37  117   42   70 4 |  3276  3239   163  2959
SUM: 5641 92.13 67.38 3599.10 3054.25 0.355
