RR 5
0000:   55  241   67   92 2 |  4384  4329   304  3784
0001:   60  367   25   36 4 |  5754  5694   520  4807
0002:   99  443   47   88 2 |  6166  6067  1050  4574
0003:   71  330   96   89 4 |  4983  4912   215  4367
0004:   88  295   26   43 4 |  5091  5003   372  4336
0005:   79  276   94   64 1 |  4639  4560   197  4087
0006:   49  416   62  100 3 |  5822  5773   542  4815
0007:   60  459   28   27 3 |  6122  6062   493  5110
0008:   35  202   99   42 3 |  3596  3561    90  3269
0009:   45  168   57   74 1 |  3488  3443   336  2939
0010:   39  402   92   17 1 |  5517  5478   105  4971
0011:   33  160   81   27 3 |  2871  2838    32  2646
0012:   26  386   69   58 3 |  5612  5586   337  4863
0013:   64  486   64   34 4 |  6035  5971   242  5243
0014:   70  206   89   62 4 |  3697  3627   143  3278
0015:   37  229   64   88 2 |  3966  3929   214  3486
0016:   48  310   11   37 2 |  5989  5941  1169  4462
0017:   41  118   70   17 2 |  2189  2148    26  2004
0018:   71  453   59   72 4 |  5967  5896   339  5104
0019:   87  129   86   96 4 |  2517  2430    84  2217
SUM: 6166 98.54 67.47 4662.40 4018.10 0.324
