RR 2
0000:   52  476   38   54 2 |  6356  6304   486  5342
0001:   80  470   50   62 4 |  6339  6259   426  5363
0002:   36  192   76   67 2 |  3649  3613   131  3290
0003:   56  327   70   86 4 |  5559  5503   429  4747
0004:   75  376   76   53 4 |  5890  5815   227  5212
0005:   81  415   97   66 1 |  6075  5994   312  5267
0006:   15  312   65   42 3 |  5107  5092   180  4600
0007:   22  369   83   66 3 |  5800  5778   269  5140
0008:   45  478   34   35 3 |  6410  6365   525  5362
0009:   72  294   41   44 1 |  5172  5100   260  4546
0010:   24  213   29   17 1 |  3902  3878    97  3568
0011:   36  353   39   46 3 |  5759  5723   332  5038
0012:   37  130   29   66 3 |  2695  2658   205  2323
0013:   60  237  100   69 4 |  4380  4320   226  3857
0014:   67  193   78   97 4 |  3736  3669   179  3297
0015:   40  395   44   98 2 |  6194  6154   673  5086
0016:   53  475   24   58 2 |  6564  6511   967  5069
0017:   48  268   76   41 2 |  4704  4656   122  4266
0018:    9  328   30   77 4 |  5820  5811   902  4581
0019:   80  129   64   25 4 |  2582  2502    32  2341
SUM: 6564 97.96 65.63 5085.25 4414.75 0.305
