FCFS
0000:   37  214   95   57 2 |  2484  2447    93  2140
0001:   73  281   68   37 4 |  3815  3742    53  3408
0002:   87  328   85   20 2 |  4188  4101    91  3682
0003:   25  258   56   66 4 |  4511  4486   275  3953
0004:   14  355   27   81 4 |  5928  5914  1119  4440
0005:   55  272   10   37 1 |  6664  6609  1183  5154
0006:   84  256   63   23 3 |  3551  3467    78  3133
0007:   35  403   70   30 3 |  4267  4232   166  3663
0008:   64  112   66   98 3 |  2594  2530   133  2285
0009:   68  245   95   18 1 |  3084  3016    37  2734
0010:   59  445   46   53 1 |  5528  5469   462  4562
0011:   50  403   24   40 3 |  6079  6029   626  5000
0012:   10  414   77   30 3 |  4646  4636   183  4039
0013:   73  123   18   40 4 |  4787  4714   248  4343
0014:   61  270   12   48 4 |  6285  6224   829  5125
0015:    0  477   39   33 2 |  5799  5799   433  4889
0016:   66  274   89   29 2 |  3464  3398   110  3014
0017:   98  322   52   88 2 |  5389  5291   617  4352
0018:   54  476   84   24 4 |  4673  4619   123  4020
0019:   45  231   25   53 4 |  5400  5355   498  4626
SUM: 6664 92.42 69.34 4603.90 3928.10 0.300
