PREPRIO 2
0000:    4  286   27   73 2 |  5505  5501   822  4393
0001:   48  283   53   49 5 |  2823  2775   284  2208
0002:    1  128   55   28 3 |  2088  2087    42  1917
0003:    7  400   48   87 2 |  6494  6487   780  5307
0004:   30  156   59   39 5 |  1664  1634    65  1413
0005:   77  352   67   99 2 |  6139  6062   561  5149
0006:    8  407   46   79 2 |  6487  6479   776  5296
0007:   55  446   98   62 4 |  4864  4809   351  4012
0008:   12  451   59   88 2 |  6691  6679   869  5359
0009:   93  310   20   53 1 |  6908  6815   761  5744
0010:   97  397   78   80 4 |  4540  4443   473  3573
0011:   26  375   12   24 4 |  3126  3100   628  2097
0012:   78  352   27   90 1 |  7216  7138  1094  5692
0013:   77  473   88   14 4 |  4944  4867    74  4320
0014:   99  461   14   62 1 |  7782  7683  1600  5622
0015:   78  300   49   91 2 |  5680  5602   429  4873
0016:   44  341   38   78 2 |  6038  5994   534  5119
0017:   69  472   94   21 4 |  4921  4852    67  4313
0018:   73  407   42   45 2 |  6425  6352   569  5376
0019:   35  318   37   17 1 |  6771  6736   155  6263
SUM: 7782 91.43 75.87 5304.75 4402.30 0.257
