PREPRIO 2
0000:   91  195   64   30 2 |  4322  4231    70  3966
0001:   93  360   14   42 5 |  2885  2792  1126  1306
0002:   34  383   15   45 3 |  4618  4584  1136  3065
0003:   46  313   47   30 2 |  5049  5003   120  4570
0004:   47  139   59   67 5 |  1576  1529   169  1221
0005:   50  136   20   67 2 |  3081  3031   406  2489
0006:   64  265   36   48 2 |  4865  4801   242  4294
0007:    8  231   61   31 4 |  2745  2737   125  2381
0008:   16  203   48   79 2 |  4468  4452   337  3912
0009:   33  179   71   75 1 |  5214  5181   158  4844
0010:   50  345   35   57 4 |  3821  3771   557  2869
0011:   30  411   57   53 4 |  4316  4286   421  3454
0012:   61  296   27   46 1 |  5761  5700   464  4940
0013:   45  145   32   58 4 |  1713  1668   151  1372
0014:   47  414   97   43 1 |  5866  5819   188  5217
0015:   22  278   55   68 2 |  5001  4979   360  4341
0016:   53  275   18   28 2 |  4788  4735   531  3929
0017:   15  461   40   51 4 |  4588  4573   496  3616
0018:   84  404   90   27 2 |  5326  5242   123  4715
0019:   92  404   56   21 1 |  5814  5722   187  5131
SUM: 5866 99.51 69.54 4241.80 3581.60 0.341
