PRIO 5
0000:   24  484   93   66 3 |  4653  4629   351  3794
0001:   69  153   75   53 2 |  3199  3130   144  2833
0002:    0  415   96  100 1 |  5563  5563   315  4833
0003:    6  163   86   21 3 |  2126  2120    29  1928
0004:   18  175   58   66 2 |  3536  3518   258  3085
0005:   56  289   75   35 3 |  3527  3471    71  3111
0006:  100  251   63   65 3 |  3215  3115   317  2547
0007:   42  125   89   29 1 |  4357  4315    28  4162
0008:   55  441   55   25 3 |  4352  4297   232  3624
0009:   24  441   27   43 3 |  3952  3928   801  2686
0010:   57  407   32   77 1 |  5898  5841  1001  4433
0011:   52  317   48   93 1 |  5508  5456   647  4492
0012:   94  207   58   19 2 |  3798  3704    60  3437
0013:   44  318   33   73 1 |  5418  5374   576  4480
0014:   50  185   73   45 3 |  2426  2376    93  2098
0015:   40  350   15   56 2 |  4651  4611  1306  2955
0016:   20  360   10   87 1 |  6776  6756  2872  3524
0017:   16  236   37   86 1 |  5016  5000   572  4192
0018:   89  258   63   30 3 |  3236  3147    97  2792
0019:   46  208   81   30 2 |  3888  3842    99  3535
SUM: 6776 85.35 82.19 4209.65 3427.05 0.295
