RR 5
0000:   19  101   66   28 2 |  1764  1745    10  1634
0001:   31  468   84   82 4 |  6600  6569   601  5500
0002:   41  406   16   47 2 |  6767  6726  1429  4891
0003:   90  312   11   16 4 |  6205  6115   412  5391
0004:   16  406   36   80 4 |  6472  6456   781  5269
0005:    4  435   99   67 1 |  6167  6163   264  5464
0006:   35  131   29   60 3 |  2581  2546   150  2265
0007:   80  369   20   31 3 |  6354  6274   556  5349
0008:   60  379   33   68 3 |  6383  6323   721  5223
0009:   23  480   60   93 1 |  6628  6605   721  5404
0010:   16  438   65   59 1 |  6513  6497   619  5440
0011:   66  381   53   60 3 |  6067  6001   381  5239
0012:   43  288   75   98 3 |  5085  5042   477  4277
0013:   76  104   48   18 4 |  2090  2014    21  1889
0014:   57  307   68   18 4 |  4972  4915    72  4536
0015:   14  448   81   37 2 |  6276  6262   176  5638
0016:   83  338   42   51 2 |  5529  5446   393  4715
0017:   89  236   93   18 2 |  4037  3948    45  3667
0018:   35  397   85   87 4 |  6189  6154   504  5253
0019:   14  187   71   96 4 |  3252  3238   175  2876
SUM: 6767 97.69 71.18 5251.95 4496.00 0.296
