RR 2
0000:   21  498   13   95 2 |  7907  7886  3889  3499
0001:   89  405   60   63 4 |  5561  5472   267  4800
0002:   11  216   72   56 2 |  3820  3809   118  3475
0003:   93  298   92   40 4 |  4886  4793   157  4338
0004:   46  433   37   77 4 |  5899  5853   873  4547
0005:   82  203   30   30 1 |  3889  3807   184  3420
0006:   32  125   50   22 3 |  2298  2266    40  2101
0007:   77  250   20   95 3 |  4988  4911  1007  3654
0008:   36  280   70   84 3 |  4777  4741   351  4110
0009:   15  437   12   54 1 |  6334  6319  1952  3930
0010:   36  245   73   61 1 |  4323  4287   173  3869
0011:    3  251   46   99 3 |  4443  4440   402  3787
0012:   22  466   73   91 3 |  5928  5906   803  4637
0013:   98  147   38   99 4 |  3126  3028   306  2575
0014:   76  237   89   98 4 |  4412  4336   295  3804
0015:   16  427   58   45 2 |  5705  5689   495  4767
0016:   34  408   80   87 2 |  5596  5562   386  4768
0017:   87  239   80   69 2 |  4348  4261   203  3819
0018:    9  360   18   39 4 |  5542  5533   638  4535
0019:   23  257   99   12 4 |  4325  4302    25  4020
SUM: 7907 78.18 87.40 4860.05 3922.75 0.253
