LCFS
0000:   96  365   41   81 2 |  2214  2118   769   984
0001:   24  319   13   77 4 |  7206  7182  1933  4930
0002:   67  398   80   84 2 |  2337  2270   352  1520
0003:   17  407   66   58 4 |  5930  5913   462  5044
0004:    5  461   53   28 4 |  4418  4413   266  3686
0005:   17  206   12   24 1 |  6132  6115   324  5585
0006:   89  460   47   96 3 |  2644  2555   845  1250
0007:   39  328   84   13 3 |  3258  3219    49  2842
0008:   69  265   99   18 3 |  1250  1181    45   871
0009:   58  230   40   93 1 |  4441  4383   524  3629
0010:   42  102   44   68 1 |   804   762   104   556
0011:   69  106   87   24 3 |   467   398    38   254
0012:   22  276   92   68 3 |   519   497   169    52
0013:   40  299   73   66 4 |  3132  3092   249  2544
0014:   11  278   82   35 4 |  4337  4326   206  3842
0015:   24  413   74   97 2 |  6168  6144   774  4957
0016:   94  130   19   84 2 |  2729  2635   853  1652
0017:   37  427   72   71 2 |  4228  4191   267  3497
0018:   12  419   92   89 4 |  5711  5699   422  4858
0019:   88  275   52   80 4 |  2287  2199   441  1483
SUM: 7206 85.54 75.30 3464.60 2701.80 0.278
