RR 2
0000:   90  328   37   30 2 |  5556  5466   270  4868
0001:   84  349   53   58 4 |  5730  5646   396  4901
0002:   29  244   41   96 2 |  4885  4856   713  3899
0003:   56  222   79   67 4 |  4102  4046   110  3714
0004:   44  254   88   52 4 |  4607  4563   168  4141
0005:   88  179   69   79 1 |  3467  3379   107  3093
0006:   44  488   28   40 3 |  6498  6454   633  5333
0007:    8  307   97   44 3 |  5081  5073   148  4618
0008:    4  398   58   21 3 |  5836  5832   102  5332
0009:   90  424   34   69 1 |  6461  6371  1082  4865
0010:   18  391   38   28 1 |  5964  5946   284  5271
0011:   22  476   91   99 3 |  6476  6454   530  5448
0012:   96  179   66   48 3 |  3518  3422    99  3144
0013:   44  491   57   94 4 |  6485  6441   726  5224
0014:    8  110   20   69 4 |  2278  2270   281  1879
0015:   66  336   76   46 2 |  5444  5378   160  4882
0016:   75  265   82   18 2 |  4655  4580    50  4265
0017:   44  219   89   18 2 |  3979  3935    42  3674
0018:   67  443   45   98 4 |  6378  6311   612  5256
0019:   37  416   21   81 4 |  6679  6642  1622  4604
SUM: 6679 97.60 68.56 5153.25 4420.55 0.299
