RR 5
0000:   90  328   37   30 2 |  5549  5459   233  4898
0001:   84  349   53   58 4 |  5593  5509   242  4918
0002:   29  244   41   96 2 |  4661  4632   442  3946
0003:   56  222   79   67 4 |  4218  4162   221  3719
0004:   44  254   88   52 4 |  4390  4346   119  3973
0005:   88  179   69   79 1 |  3489  3401   143  3079
0006:   44  488   28   40 3 |  6475  6431   581  5362
0007:    8  307   97   44 3 |  4914  4906   101  4498
0008:    4  398   58   21 3 |  5794  5790   138  5254
0009:   90  424   34   69 1 |  6290  6200   825  4951
0010:   18  391   38   28 1 |  5884  5866   239  5236
0011:   22  476   91   99 3 |  6229  6207   377  5354
0012:   96  179   66   48 3 |  3561  3465   138  3148
0013:   44  491   57   94 4 |  6469  6425   841  5093
0014:    8  110   20   69 4 |  2284  2276   325  1841
0015:   66  336   76   46 2 |  5484  5418   277  4805
0016:   75  265   82   18 2 |  4696  4621    69  4287
0017:   44  219   89   18 2 |  3881  3837    50  3568
0018:   67  443   45   98 4 |  6421  6354   687  5224
0019:   37  416   21   81 4 |  6727  6690  1504  4770
SUM: 6727 96.91 68.71 5099.75 4396.20 0.297
