RR 5
0000:   89  230   71   75 2 |  4029  3940   442  3268
0001:   34  307   22   82 4 |  5297  5263  1452  3504
0002:   32  261   59   79 2 |  4077  4045   312  3472
0003:    5  274   16   98 4 |  5357  5352  1914  3164
0004:   85  232   51   85 4 |  3978  3893   413  3248
0005:   11  396   64   83 1 |  4966  4955   446  4113
0006:   44  137   14   94 3 |  3698  3654  1009  2508
0007:   66  339   29   65 3 |  5064  4998   725  3934
0008:   63  159   14   23 3 |  3275  3212   263  2790
0009:    5  373   39  100 1 |  5099  5094   828  3893
0010:    8  299   31   76 1 |  4701  4693   808  3586
0011:   14  482   88   87 3 |  5232  5218   444  4292
0012:    0  201   81   25 3 |  3039  3039    24  2814
0013:    6  136   81   14 4 |  2223  2217    35  2046
0014:   29  190   50   30 4 |  3321  3292   126  2976
0015:   56  371   30   23 2 |  5015  4959   360  4228
0016:   18  150   65   55 2 |  2694  2676   219  2307
0017:   17  391   17   47 2 |  5394  5377  1085  3901
0018:   42  121   27   52 4 |  2285  2243   151  1971
0019:   24  215   15   94 4 |  4811  4787  1468  3104
SUM: 5394 97.59 92.70 4145.35 3255.95 0.371
