PREPRIO 2
0000:   57  374   41  100 2 |  5962  5905   815  4716
0001:    9  393   60   46 5 |  3353  3344   297  2654
0002:   36  416   41   94 3 |  5177  5141   993  3732
0003:   20  410   29   59 2 |  6009  5989   732  4847
0004:   32  156   93   19 5 |  1578  1546    22  1368
0005:   18  486   56   56 2 |  6270  6252   440  5326
0006:   51  310   40   55 2 |  5221  5170   357  4503
0007:   13  104   67   60 4 |  1411  1398    38  1256
0008:   75  451   55   62 2 |  6176  6101   531  5119
0009:   55  300   13   31 1 |  6364  6309   632  5377
0010:    1  492   51  100 4 |  4744  4743   674  3577
0011:   58  348   65   34 4 |  3656  3598   208  3042
0012:   79  317   83   47 1 |  6433  6354   243  5794
0013:    6  336   66   70 4 |  3719  3713   296  3081
0014:   87  290   96   16 1 |  6325  6238    40  5908
0015:   62  303   75   82 2 |  5393  5331   434  4594
0016:   41  165   53   14 2 |  3411  3370    29  3176
0017:    0  116   63   61 4 |  1570  1570   102  1352
0018:   58  490   92   28 2 |  6206  6148    92  5566
0019:   96  135   66   92 1 |  5038  4942   229  4578
SUM: 6433 99.36 70.36 4658.10 3978.30 0.311
