PREPRIO 2
0000:   49  480  100   17 2 |  5725  5676    41  5155
0001:   96  400   60   94 5 |  3817  3721   390  2931
0002:   14  152   90   45 3 |  2850  2836    15  2669
0003:   14  278   46   15 2 |  5040  5026    80  4668
0004:   34  194   34   72 5 |  1946  1912   346  1372
0005:   89  288   38   75 2 |  5296  5207   603  4316
0006:   52  138   51   13 2 |  3553  3501    28  3335
0007:   31  365   88   19 4 |  4268  4237    27  3845
0008:   50  260   58   38 2 |  4932  4882   167  4455
0009:   90  176   32   89 1 |  5628  5538   502  4860
0010:   11  359   24   46 4 |  3697  3686   680  2647
0011:   46  480   65   52 4 |  4710  4664   288  3896
0012:   79  234  100   29 1 |  5738  5659    86  5339
0013:   18  242   94   61 4 |  3081  3063   137  2684
0014:   58  159   67   36 1 |  5285  5227    57  5011
0015:   19  213   50   69 2 |  4705  4686   397  4076
0016:   61  400   40   44 2 |  5641  5580   514  4666
0017:   44  349   87   96 4 |  4235  4191   371  3471
0018:  100  478   15   43 2 |  5962  5862  1043  4341
0019:    8  303   12   95 1 |  6862  6854  2054  4497
SUM: 6862 86.68 71.82 4600.40 3911.70 0.291
