FCFS
0000:   91  258   81   12 2 |  3260  3169    52  2859
0001:   15  119   71   97 4 |  1132  1117    99   899
0002:   28  110   63   86 2 |  1841  1813   122  1581
0003:    1  282   20   31 4 |  5581  5580   389  4909
0004:   22  179   93   69 4 |  1890  1868   143  1546
0005:   97  126   40   64 1 |  3325  3228   188  2914
0006:   48  471   18   67 3 |  6661  6613  1569  4573
0007:   32  335   62   40 3 |  3348  3316   105  2876
0008:   74  455   35   63 3 |  5672  5598   831  4312
0009:    6  387   14   66 1 |  6899  6893  1645  4861
0010:   81  475   90   47 1 |  4205  4124   200  3449
0011:   34  375   34   71 3 |  5551  5517   861  4281
0012:   62  371   26   17 3 |  5628  5566   287  4908
0013:   91  358   77   83 4 |  4145  4054   462  3234
0014:   94  438   33   83 4 |  6100  6006  1151  4417
0015:   87  177   83   89 2 |  2844  2757   237  2343
0016:   80  454   87   92 2 |  4686  4606   512  3640
0017:   39  193   71   28 2 |  2052  2013    53  1767
0018:   65  322   98   70 4 |  2625  2560    92  2146
0019:   84  311   34   43 4 |  5008  4924   412  4201
SUM: 6899 89.81 78.33 4066.10 3285.80 0.290
