LCFS
0000:   19  210   35   90 2 |  1915  1896   689   997
0001:   74  216   22   36 4 |  2011  1937   270  1451
0002:    9  172   33   45 2 |  5873  5864   201  5491
0003:   11  117   22   49 4 |  2872  2861   280  2464
0004:    5  124   41   34 4 |  2939  2934   108  2702
0005:   37  500   47   64 1 |  4810  4773   674  3599
0006:   12  214   78   56 3 |  5272  5260   130  4916
0007:   67  472   19   25 3 |  5653  5586   606  4508
0008:   30  230   61   73 3 |  3247  3217   196  2791
0009:   34  270   40   53 1 |  2253  2219   475  1474
0010:   14  101   26   22 1 |  4569  4555    93  4361
0011:   13  222   29   91 3 |  5623  5610   751  4637
0012:   24  286   86   20 3 |  3924  3900    89  3525
0013:   71  409   86   64 4 |  1871  1800   373  1018
0014:   12  181   76   46 4 |  4685  4673   116  4376
0015:   66  481   90   17 2 |  1679  1613    75  1057
0016:    9  389   39   76 2 |  6575  6566   965  5212
0017:   53  488   62   90 2 |  4175  4122   964  2670
0018:   45  482   29   99 4 |  5557  5512  1761  3269
0019:   53  406   60   22 4 |   716   663   130   127
SUM: 6575 90.80 78.56 3778.05 3032.25 0.304
