PRIO 5
0000:   66  285   66   63 3 |  3494  3428   335  2808
0001:   98  253   36   57 2 |  4325  4227   246  3728
0002:   20  269   54   91 1 |  5684  5664   614  4781
0003:   86  360   36   67 3 |  4243  4157   683  3114
0004:   43  295   42   78 2 |  4585  4542   430  3817
0005:   42  377   73   38 3 |  4110  4068   172  3519
0006:   38  255   14   21 3 |  1943  1905   301  1349
0007:   34  237   86   83 1 |  5522  5488   157  5094
0008:   53  270   85   22 3 |  3234  3181    44  2867
0009:   32  240   15   24 3 |  1861  1829   301  1288
0010:   54  460   82   36 1 |  6132  6078   292  5326
0011:    5  268   87   53 1 |  5662  5657   139  5250
0012:   88  493   83   79 2 |  5651  5563   450  4620
0013:   58  340   26   24 1 |  5821  5763   336  5087
0014:   78  321   39   85 3 |  3409  3331   878  2132
0015:   49  426   65   13 2 |  5222  5173    53  4694
0016:   12  118   81   57 1 |  4386  4374   159  4097
0017:   46  410   89   78 1 |  6095  6049   305  5334
0018:   32  260   89   29 3 |  3607  3575    76  3239
0019:   11  125   77   18 2 |  3000  2989    27  2837
SUM: 6132 98.86 63.23 4352.05 3749.05 0.326
