RR 5
0000:   76  405   70   73 2 |  5462  5386   351  4630
0001:   34  218   71   51 4 |  3628  3594    96  3280
0002:   55  476   79   66 2 |  5779  5724   404  4844
0003:   62  211   58   82 4 |  3655  3593   181  3201
0004:   19  101   45   30 4 |  1976  1957    84  1772
0005:    6  468   47   56 1 |  5759  5753   502  4783
0006:   40  116   68   87 3 |  2305  2265   149  2000
0007:   79  299   86   37 3 |  4543  4464    78  4087
0008:   53  368   93   58 3 |  5032  4979   138  4473
0009:    1  456   99   71 1 |  5680  5679   492  4731
0010:   60  436   14   17 1 |  5988  5928   546  4946
0011:   93  114   34   38 3 |  2680  2587   159  2314
0012:   32  468   50   98 3 |  5983  5951  1118  4365
0013:   63  196   74   16 4 |  3465  3402    49  3157
0014:   73  457   81   69 4 |  5714  5641   326  4858
0015:   58  429   66   18 2 |  5467  5409   140  4840
0016:   69  138   83   41 2 |  2547  2478    68  2272
0017:   69  137   19   27 2 |  3040  2971   249  2585
0018:   94  294   60   42 4 |  4593  4499   136  4069
0019:   33  129   90   29 4 |  2499  2466    71  2266
SUM: 5988 98.80 59.84 4236.30 3673.65 0.334
