FCFS
0000:   16  392   80   47 2 |  4116  4100   201  3507
0001:    9  335   91   64 4 |  2592  2583    86  2162
0002:   71  336   19   50 2 |  6253  6182   963  4883
0003:   83  140   64   48 4 |  2895  2812   107  2565
0004:   93  477   94   30 4 |  4586  4493   137  3879
0005:   50  317   12   60 1 |  6830  6780  1571  4892
0006:   76  153   95   74 3 |  2454  2378    84  2141
0007:   33  306   91   20 3 |  3874  3841    69  3466
0008:   21  283   55   14 3 |  4232  4211    49  3879
0009:   69  345   22   57 1 |  5968  5899   783  4771
0010:   69  398   50   19 1 |  5191  5122   156  4568
0011:   17  181   41   64 3 |  4131  4114   266  3667
0012:   60  353   20   41 3 |  5875  5815   588  4874
0013:   14  242   54   75 4 |  3907  3893   298  3353
0014:   14  285   15   73 4 |  6380  6366  1354  4727
0015:    4  173   59   65 2 |  3574  3570   178  3219
0016:   52  372   91   38 2 |  3623  3571   105  3094
0017:   73  228   46   61 2 |  3769  3696   160  3308
0018:   88  440   67   43 4 |  5344  5256   339  4477
0019:    9  430   50   70 4 |  5516  5507   650  4427
SUM: 6830 90.57 72.53 4509.45 3792.95 0.293
