RR 2
0000:   67  390   68   12 2 |  6384  6317    50  5877
0001:   63  381   88   20 4 |  6299  6236    91  5764
0002:   96  491   81   30 2 |  6962  6866   199  6176
0003:   87  327   52   33 4 |  5868  5781   190  5264
0004:   48  459   82   23 4 |  6791  6743   102  6182
0005:   95  213   57   48 1 |  4310  4215   270  3732
0006:   89  441   62   95 3 |  6973  6884   771  5672
0007:   37  341   46   41 3 |  6005  5968   294  5333
0008:   16  429   76   49 3 |  6638  6622   227  5966
0009:   59  492   94   17 1 |  6919  6860    86  6282
0010:   73  414   58   30 1 |  6630  6557   196  5947
0011:   38  357   42   63 3 |  6365  6327   596  5374
0012:   88  216   34   55 3 |  4337  4249   282  3751
0013:   63  230   20   19 4 |  4440  4377   184  3963
0014:   16  354   39   11 4 |  5828  5812    85  5373
0015:   33  118   47  100 2 |  2260  2227   150  1959
0016:   45  457   34   74 2 |  7067  7022   904  5661
0017:   75  477   10   63 2 |  7967  7892  2705  4710
0018:    2  206   15   73 4 |  4600  4598  1012  3380
0019:   84  353   97   54 4 |  6079  5995   150  5492
SUM: 7967 89.69 71.27 5877.40 5092.90 0.251
