PRIO 2
0000:   87  328   37   30 2 |  5588  5501   276  4897
0001:   37  439   72   10 4 |  4740  4703    90  4174
0002:   70  387   52   91 2 |  5974  5904   752  4765
0003:   52  308   57   31 4 |  3713  3661   209  3144
0004:   37  244   50   71 4 |  3272  3235   278  2713
0005:    1  131   45   61 1 |  5250  5249   127  4991
0006:   43  419   78   54 3 |  5435  5392   312  4661
0007:   73  226   63   29 3 |  3898  3825   140  3459
0008:   68  428   98   60 3 |  5535  5467   195  4844
0009:    1  132   50   19 1 |  5218  5217    21  5064
0010:   77  174   91   90 1 |  5660  5583    86  5323
0011:    9  191   81   90 3 |  3450  3441   178  3072
0012:   57  451   37   55 3 |  5587  5530   596  4483
0013:   19  354   54   83 4 |  4414  4395   501  3540
0014:   22  396   21   77 4 |  4759  4737  1124  3217
0015:   58  163   10   88 2 |  4273  4215  1348  2704
0016:   65  136   79   69 2 |  3817  3752    70  3546
0017:   45  364   68   82 2 |  5702  5657   258  5035
0018:   44  389   31   81 4 |  4652  4608   937  3282
0019:   29  103   58   35 4 |  1289  1260    58  1099
SUM: 5974 96.47 75.18 4566.60 3900.65 0.335
