PREPRIO 4
0000:   39  235   46   75 2 |  4682  4643   331  4077
0001:   36  296   18   27 4 |  2488  2452   525  1631
0002:   79  360   58   93 2 |  5365  5286   549  4377
0003:   47  332   85   67 4 |  3948  3901   356  3213
0004:   50  348   90   53 4 |  4128  4078   189  3541
0005:   95  243   36   71 1 |  5502  5407   378  4786
0006:   46  298   33   32 3 |  4108  4062   368  3396
0007:   15  158   42   81 3 |  3123  3108   201  2749
0008:   98  241   44   26 3 |  3814  3716   170  3305
0009:   41  440   86   51 1 |  5890  5849   141  5268
0010:   87  358   89   79 1 |  5742  5655   165  5132
0011:    0  208   34   29 3 |  3482  3482   142  3132
0012:    8  365   72   38 3 |  4549  4541   164  4012
0013:   81  197   64   63 4 |  2679  2598   206  2195
0014:   17  219   98   59 4 |  3093  3076   128  2729
0015:   41  232   28   53 2 |  4694  4653   406  4015
0016:   43  489   21   43 2 |  5719  5676  1298  3889
0017:   95  311   97   43 2 |  5013  4918   189  4418
0018:   88  162   77   74 4 |  2503  2415   121  2132
0019:   25  317   16   87 4 |  3206  3181  1329  1535
SUM: 5890 98.62 73.33 4134.85 3476.60 0.340
