PRIO 5
0000:    0  132   40   29 3 |  1620  1620    78  1410
0001:   14  125   53   70 2 |  2226  2212    88  1999
0002:   35  311   56   77 1 |  5191  5156   435  4410
0003:   61  301   72   69 3 |  3549  3488   235  2952
0004:   18  147   18   90 2 |  2743  2725   772  1806
0005:   39  363   40   54 3 |  3595  3556   455  2738
0006:   71  169   31   69 3 |  1953  1882   358  1355
0007:   61  456   62   93 1 |  5720  5659   745  4458
0008:   84  131   21   54 3 |  1648  1564   340  1093
0009:   87  310   42   29 3 |  3246  3159   210  2639
0010:   68  258   37   81 1 |  4858  4790   378  4154
0011:   78  304   94   50 1 |  5086  5008   127  4577
0012:   24  397   53   50 2 |  4547  4523   365  3761
0013:    8  259   93   50 1 |  4905  4897   181  4457
0014:    0  298   68   68 3 |  3375  3375   214  2863
0015:   37  207   67   27 2 |  3596  3559    62  3290
0016:   90  314   10   54 1 |  5461  5371  1536  3521
0017:   77  478   67   80 1 |  5711  5634   647  4509
0018:   90  399   42   85 3 |  3927  3837   922  2516
0019:    4  163   38   45 2 |  2852  2848   238  2447
SUM: 5720 96.54 78.25 3743.15 3047.75 0.350
