PREPRIO 2
0000:   69  261   73   62 2 |  4978  4909   215  4433
0001:   37  436   35   69 5 |  4077  4040   875  2729
0002:   64  228   71   53 3 |  3784  3720   140  3352
0003:   33  180   85   69 2 |  4307  4274    92  4002
0004:   41  407   43   16 5 |  3558  3517   103  3007
0005:   57  424   43   59 2 |  5530  5473   454  4595
0006:   25  234   15   78 2 |  4844  4819  1159  3426
0007:   46  130   97   68 4 |  1712  1666   134  1402
0008:   55  176   24   15 2 |  3963  3908   119  3613
0009:   93  187   79   96 1 |  5385  5292   219  4886
0010:   40  437   54   11 4 |  4378  4338    93  3808
0011:    1  293   10   91 4 |  4117  4116  2381  1442
0012:    4  149   40   99 1 |  5348  5344   593  4602
0013:    5  379   18   82 4 |  4379  4374  1595  2400
0014:   30  178   77   68 1 |  5300  5270   100  4992
0015:   95  284   76   63 2 |  5014  4919   164  4471
0016:   54  426   66   60 2 |  5522  5468   334  4708
0017:    0  204   50   28 4 |  2453  2453    85  2164
0018:   95  274   55   44 2 |  4940  4845   250  4321
0019:   48  214   91   50 1 |  5413  5365   187  4964
SUM: 5530 99.48 84.12 4405.50 3665.85 0.362
