PREPRIO 2
0000:   91  377   87   83 2 |  5459  5368   269  4722
0001:   18  305   92   87 5 |  2813  2795   214  2276
0002:   42  351   98   55 3 |  4465  4423   192  3880
0003:   20  314   53   98 2 |  5297  5277   549  4414
0004:   31  143   73   11 5 |  1421  1390    25  1222
0005:   23  166   31   84 2 |  3813  3790   420  3204
0006:   37  484   87   91 2 |  5834  5797   458  4855
0007:   93  335   41   83 4 |  3864  3771   665  2771
0008:   11  142   26   54 2 |  3345  3334   290  2902
0009:   55  362   76   67 1 |  6036  5981   324  5295
0010:   32  426   94   75 4 |  4391  4359   260  3673
0011:    7  330   50   40 4 |  3519  3512   352  2830
0012:   73  492   81   30 1 |  6134  6061   139  5430
0013:   63  362   14   75 4 |  4086  4023  1690  1971
0014:   16  247   78   24 1 |  5624  5608    49  5312
0015:   53  312   63   10 2 |  5013  4960    39  4609
0016:   55  370  100   36 2 |  5388  5333   169  4794
0017:   92  124   91   33 4 |  1631  1539    52  1363
0018:   30  297   70   94 2 |  5152  5122   426  4399
0019:  100  142   79   12 1 |  4919  4819    24  4653
SUM: 6134 99.14 66.87 4363.10 3728.75 0.326
