PREPRIO 4
0000:   37  274   79   75 2 |  5533  5496   286  4936
0001:   48  420   58   93 4 |  5156  5108   763  3925
0002:   35  180   65   35 2 |  4497  4462    81  4201
0003:    1  225   93   10 4 |  3268  3267    26  3016
0004:   83  456   51   60 4 |  5060  4977   635  3886
0005:   30  297   75   32 1 |  6132  6102   200  5605
0006:   15  395   90   54 3 |  5568  5553   148  5010
0007:   94  138   61   48 3 |  2724  2630   124  2368
0008:   50  256   29   52 3 |  3550  3500   552  2692
0009:   59  150   26   64 1 |  5692  5633   281  5202
0010:   44  263   37   58 1 |  6214  6170   396  5511
0011:   98  185   25   67 3 |  2981  2883   497  2201
0012:   94  475   83   67 3 |  5827  5733   424  4834
0013:    3  259   41   66 4 |  3291  3288   351  2678
0014:   32  445   58   51 4 |  4817  4785   393  3947
0015:   77  215   72   13 2 |  5153  5076    30  4831
0016:   10  461   75   82 2 |  6321  6311   578  5272
0017:  100  307   42   53 2 |  5676  5576   490  4779
0018:   34  370   13   34 4 |  2481  2447   905  1172
0019:   29  443   69   82 4 |  5024  4995   298  4254
SUM: 6321 98.31 70.59 4699.60 4016.00 0.316
