PREPRIO 2
0000:   38  388   84   17 2 |  5630  5592   150  5054
0001:   13  227   72   89 5 |  2389  2376   184  1965
0002:   91  413   78   47 3 |  5082  4991   239  4339
0003:   81  299   90   31 2 |  5227  5146   101  4746
0004:   89  330   37   67 5 |  3148  3059   758  1971
0005:   76  287   46   37 2 |  5043  4967   183  4497
0006:   84  495   34   82 2 |  6487  6403  1112  4796
0007:   55  438   61   93 4 |  4573  4518   709  3371
0008:   49  172   91   90 2 |  3907  3858    80  3606
0009:   78  304   72   46 1 |  6359  6281   192  5785
0010:   80  167   57   69 4 |  2153  2073   187  1719
0011:   31  254   46   95 4 |  3117  3086   537  2295
0012:   62  364   62   34 1 |  6536  6474   171  5939
0013:   55  251   72   42 4 |  3012  2957   140  2566
0014:   20  456   67   12 1 |  6603  6583    93  6034
0015:    3  110   20   86 2 |  2946  2943   481  2352
0016:   91  379   57   26 2 |  5653  5562   262  4921
0017:   36  466   77   37 4 |  4575  4539   135  3938
0018:    5  420   72   56 2 |  5819  5814   296  5098
0019:   17  491   99   81 1 |  6831  6814   358  5965
SUM: 6831 98.24 63.12 4701.80 4047.85 0.293
