SRTF
0000:   95  447   28   47 2 |  5826  5731   653  4631
0001:   10  167   17   20 4 |  1484  1474   159  1148
0002:   74  172   71   71 2 |   842   768   114   482
0003:   48  382   15   22 4 |  5169  5121   544  4195
0004:    7  277   50   24 4 |  2245  2238   123  1838
0005:   75  113   20   62 1 |   958   883   349   421
0006:   34  443   81   13 3 |  4279  4245   102  3700
0007:   17  186   96   25 3 |   512   495    64   245
0008:   98  204   38   41 3 |  1345  1247   169   874
0009:   11  462   30   43 1 |  5961  5950   666  4822
0010:   10  137   63   94 1 |   490   480   198   145
0011:   54  440   28   46 3 |  5466  5412   701  4271
0012:   13  437   46   18 3 |  4038  4025   172  3416
0013:   40  381   40   38 4 |  3483  3443   502  2560
0014:   34  231   55   80 4 |  2067  2033   181  1621
0015:   54  230   79   78 2 |  1814  1760   283  1247
0016:   26  110   52   45 2 |   407   381   126   145
0017:   47  398   83   80 2 |  3329  3282   418  2466
0018:    6  238   58   50 4 |  1502  1496   135  1123
0019:   92  323   59   82 4 |  2845  2753   468  1962
SUM: 5961 96.93 67.74 2660.85 2065.60 0.336
