PRIO 2
0000:   93  118   34   62 2 |  2972  2879   102  2659
0001:    8  405   71   45 4 |  4375  4367   293  3669
0002:   96  296   43   98 2 |  5357  5261   540  4425
0003:   13  167   54   45 4 |  2241  2228   135  1926
0004:   43  436   91   34 4 |  4505  4462   197  3829
0005:   95  165   54   96 1 |  5378  5283    88  5030
0006:   18  403   55   39 3 |  5007  4989   281  4305
0007:   30  152   84   79 3 |  2767  2737   193  2392
0008:   86  392   29   62 3 |  5030  4944   791  3761
0009:    9  329   28   94 1 |  6358  6349  1188  4832
0010:   67  294   50   47 1 |  5774  5707   234  5179
0011:   89  425   11   58 3 |  5356  5267  2346  2496
0012:   74  129   61   79 3 |  2408  2334   155  2050
0013:   69  216   92   86 4 |  2951  2882   267  2399
0014:   67  149   64   34 4 |  2094  2027    98  1780
0015:   46  376   39   41 2 |  5498  5452   265  4811
0016:   75  439   48   98 2 |  5961  5886   940  4507
0017:    8  312   50   64 2 |  5305  5297   494  4491
0018:   79  456   25   82 4 |  4773  4694  1285  2953
0019:   47  208   49   39 4 |  2495  2448   274  1966
SUM: 6358 92.28 84.82 4274.65 3473.00 0.315
