PRIO 2
0000:   87  452   34   76 2 |  6547  6460  1068  4940
0001:   29  466   12   18 4 |  3931  3902   602  2834
0002:   80  419   14   47 2 |  6200  6120   950  4751
0003:   70  405   50   45 4 |  4558  4488   255  3828
0004:   33  234   80   39 4 |  3087  3054   216  2604
0005:   12  313   41   54 1 |  6625  6613   306  5994
0006:    6  388   38   90 3 |  5484  5478   969  4121
0007:   88  110   68   24 3 |  2161  2073    58  1905
0008:   50  125   86   70 3 |  2526  2476    54  2297
0009:   61  136   48   24 1 |  5487  5426    39  5251
0010:   17  309   55   99 1 |  6708  6691   454  5928
0011:   19  418   33   86 3 |  5559  5540   868  4254
0012:   18  416   67   69 3 |  5469  5451   416  4619
0013:   50  405   12   50 4 |  4453  4403  1888  2110
0014:   62  227   38   22 4 |  2795  2733   121  2385
0015:   51  493   37   19 2 |  6413  6362   274  5595
0016:   45  272   81   69 2 |  5520  5475   288  4915
0017:   18  433  100   94 2 |  6346  6328   363  5532
0018:   70  112   37   92 4 |  1695  1625   241  1272
0019:   65  434   91   76 4 |  5010  4945   481  4030
SUM: 6708 97.90 76.57 4782.15 3958.25 0.298
