PREPRIO 4
0000:   25  162   21   48 2 |  3954  3929   304  3463
0001:   39  379   43   56 4 |  4212  4173   507  3287
0002:   62  494   41   26 2 |  6727  6665   316  5855
0003:   33  429   57   38 4 |  4670  4637   286  3922
0004:   96  336   44   98 4 |  4478  4382  1113  2933
0005:   53  487   87   61 1 |  7355  7302   288  6527
0006:   70  379   16   65 3 |  5421  5351  1498  3474
0007:   63  460   63   83 3 |  6188  6125   440  5225
0008:   56  397   97   71 3 |  5845  5789   156  5236
0009:   36  448   45   48 1 |  7349  7313   512  6353
0010:    0  439   64   82 1 |  7517  7517   792  6286
0011:   23  457   90   50 3 |  6073  6050   335  5258
0012:   60  489   29   39 3 |  5997  5937   684  4764
0013:   83  212   97   49 4 |  2781  2698   192  2294
0014:   38  238   52   23 4 |  2733  2695   126  2331
0015:   62  240   59   69 2 |  5323  5261   254  4767
0016:   49  392   73   61 2 |  6471  6422   414  5616
0017:   18  318   56   69 2 |  6305  6287   487  5482
0018:   57  123   87   40 4 |  1727  1670    97  1450
0019:   29  486   62   59 4 |  5479  5450   500  4464
SUM: 7517 97.98 71.65 5282.65 4449.35 0.266
