PRIO 2
0000:   41  119   14   54 2 |  2873  2832   594  2119
0001:   43  156   81   64 4 |  2307  2264   136  1972
0002:   47  203   11   60 2 |  3998  3951  1124  2624
0003:   55  252   73   44 4 |  3029  2974   167  2555
0004:   11  391   41   49 4 |  3861  3850   478  2981
0005:    9  122   63   56 1 |  4219  4210   101  3987
0006:   14  213   48   68 3 |  3381  3367   537  2617
0007:   34  139   57   53 3 |  2625  2591   117  2335
0008:   95  363   80   78 3 |  4361  4266   483  3420
0009:   40  444   21   13 1 |  5059  5019   297  4278
0010:   46  108   46   55 1 |  4027  3981    99  3774
0011:   52  124   15   27 3 |  1752  1700   221  1355
0012:   10  105   74   37 3 |  1991  1981    25  1851
0013:   71  212   68   24 4 |  2784  2713    76  2425
0014:   85  192   48   96 4 |  2764  2679   463  2024
0015:   91  468   41   10 2 |  4724  4633    92  4073
0016:   35  280   99   66 2 |  4362  4327   114  3933
0017:   82  391   91   88 2 |  4684  4602   229  3982
0018:   97  371   82   38 4 |  3835  3738   121  3246
0019:   11  257   18   35 4 |  2788  2777   384  2136
SUM: 5059 97.05 69.03 3422.75 2884.35 0.395
