PRIO 5
0000:   49  318   82   24 3 |  3924  3875    81  3476
0001:   73  463   20   44 2 |  5444  5371   836  4072
0002:    0  307   91   12 1 |  6118  6118    43  5768
0003:   79  233   81   28 3 |  3188  3109    80  2796
0004:   16  114   58   23 2 |  2518  2502    39  2349
0005:    6  292   94   78 3 |  3949  3943   170  3481
0006:   96  409   65   94 3 |  4656  4560   466  3685
0007:    2  256   93   95 1 |  5931  5929   127  5546
0008:   16  453   84   83 3 |  4896  4880   569  3858
0009:   29  390   51   60 3 |  4430  4401   328  3683
0010:   11  263   31   50 1 |  6021  6010   515  5232
0011:   67  198   83   32 1 |  5539  5472    93  5181
0012:   21  258   70   50 2 |  4458  4437   135  4044
0013:   63  499   99   93 1 |  6479  6416   352  5565
0014:   65  262   58   86 3 |  3178  3113   379  2472
0015:   24  460   29   84 2 |  5979  5955  1350  4145
0016:   96  308   31   93 1 |  6302  6206   785  5113
0017:   12  319   75   39 1 |  6148  6136    89  5728
0018:   88  249   19   34 3 |  2268  2180   407  1524
0019:   31  325   91   83 2 |  5298  5267   160  4782
SUM: 6479 98.41 69.84 4794.00 4125.00 0.309
