RR 2
0000:   87  311   35   91 2 |  5550  5463   702  4450
0001:    4  180   70   53 4 |  3215  3211   133  2898
0002:   63  391   78   20 2 |  5682  5619    99  5129
0003:   21  327   35   25 4 |  5259  5238   241  4670
0004:   55  191   69   85 4 |  3671  3616   215  3210
0005:   25  153   28   62 1 |  3166  3141   357  2631
0006:   68  416   16   30 3 |  6198  6130   905  4809
0007:   67  236   20   67 3 |  4693  4626   667  3723
0008:   69  436   93   10 3 |  5901  5832    67  5329
0009:   21  221   79   15 1 |  3917  3896    67  3608
0010:   47  391   58   34 1 |  5715  5668   186  5091
0011:    1  312   73   53 3 |  4946  4945   163  4470
0012:   31  484   35   12 3 |  6085  6054   152  5418
0013:   81  243   44   31 4 |  4321  4240   104  3893
0014:   77  216   48   30 4 |  4038  3961   207  3538
0015:   17  192   64   79 2 |  3598  3581   242  3147
0016:   99  385   18   53 2 |  6223  6124  1124  4615
0017:   19  451   12   36 2 |  6427  6408  1306  4651
0018:   52  346   15   69 4 |  6210  6158  1738  4074
0019:   39  476   26   92 4 |  6793  6754  1621  4657
SUM: 6793 93.60 78.18 5033.25 4200.55 0.294
