PREPRIO 4
0000:   55  349   65   26 2 |  5588  5533   114  5070
0001:   21  396   70   17 4 |  4171  4150   119  3635
0002:   89  426   68   64 2 |  5992  5903   487  4990
0003:   75  291   32   18 4 |  2609  2534   135  2108
0004:   12  316   24   83 4 |  3133  3121  1006  1799
0005:   19  428   54   27 1 |  6325  6306   231  5647
0006:   30  199   31   17 3 |  2817  2787   122  2466
0007:   42  420   83   72 3 |  5333  5291   543  4328
0008:    5  110   13   43 3 |  1355  1350   435   805
0009:    6  425   72   52 1 |  6377  6371   250  5696
0010:    9  177   85   69 1 |  5675  5666   104  5385
0011:   62  277   58   34 3 |  4086  4024   216  3531
0012:   11  212   34   26 3 |  3308  3297   122  2963
0013:   81  442   71   51 4 |  4513  4432   228  3762
0014:   89  142   36   16 4 |  1749  1660    36  1482
0015:   18  394   14   84 2 |  6169  6151  2007  3750
0016:   86  375   66   41 2 |  5662  5576   276  4925
0017:   37  351   70   45 2 |  5584  5547   151  5045
0018:   98  416   75   18 4 |  4284  4186   132  3638
0019:   59  164   87   18 4 |  2434  2375    43  2168
SUM: 6377 98.95 68.45 4313.00 3659.65 0.314
