RR 5
0000:   82  120   36   81 2 |  2668  2586   346  2120
0001:   74  440   35   12 4 |  6286  6212   121  5651
0002:   74  320   97   25 2 |  5394  5320    76  4924
0003:   44  408   61   65 4 |  6276  6232   533  5291
0004:   57  454   73   63 4 |  6338  6281   329  5498
0005:   15  448   26   42 1 |  6537  6522   712  5362
0006:   20  298   32   20 3 |  5256  5236   165  4773
0007:   98  303   68   95 3 |  5561  5463   490  4670
0008:   36  391   33   13 3 |  6087  6051   192  5468
0009:   79  219   88   66 1 |  4110  4031   177  3635
0010:   65  235   43   61 1 |  4575  4510   340  3935
0011:   50  281   43   91 3 |  6021  5971  1060  4630
0012:   33  224   47   90 3 |  4343  4310   400  3686
0013:   17  433   16   17 4 |  6471  6454   511  5510
0014:   71  344   45   58 4 |  5948  5877   497  5036
0015:    2  209   17   17 2 |  4274  4272   217  3846
0016:    3  329   89   25 2 |  5337  5334   110  4895
0017:   96  348  100   63 2 |  5741  5645   218  5079
0018:   26  434   19   84 4 |  6930  6904  1669  4801
0019:   94  310   35   90 4 |  6007  5913   784  4819
SUM: 6930 94.49 72.24 5456.20 4681.45 0.289
