FCFS
0000:   34  259   16   72 2 |  5926  5892  1181  4452
0001:   23  354   71   48 4 |  3823  3800   287  3159
0002:   55  232   25   18 2 |  4527  4472   121  4119
0003:   51  423   56   96 4 |  5048  4997   645  3929
0004:   14  337   25   41 4 |  5780  5766   682  4747
0005:    2  355   21   43 1 |  5702  5700   438  4907
0006:   73  400   19   58 3 |  6363  6290  1330  4560
0007:   83  454   39  100 3 |  5828  5745  1108  4183
0008:   83  187   28   38 3 |  3857  3774   248  3339
0009:   94  156   65   85 1 |  1991  1897   217  1524
0010:   20  439   26   54 1 |  5704  5684   726  4519
0011:   14  473   84   58 3 |  3671  3657   282  2902
0012:   47  253   32   79 3 |  4417  4370   568  3549
0013:   86  190   88   30 4 |  1504  1418    23  1205
0014:   37  436   54   25 4 |  5022  4985   305  4244
0015:   98  172   50   52 2 |  2801  2703   198  2333
0016:   90  357   36   92 2 |  5441  5351  1039  3955
0017:   15  127   35   73 2 |  2857  2842   329  2386
0018:   94  191   98   15 4 |  1571  1477    26  1260
0019:    9  138   93   11 4 |   667   658    12   508
SUM: 6363 93.24 79.68 4073.90 3289.00 0.314
