PRIO 5
0000:   88  131   84   66 3 |  1976  1888    15  1742
0001:   88  309   43   32 2 |  4055  3967   271  3387
0002:   20  432   16   66 1 |  5839  5819  1526  3861
0003:   48  138   59   86 3 |  2175  2127   166  1823
0004:   88  235   59   13 2 |  3709  3621    25  3361
0005:   40  239   13   44 3 |  2017  1977   677  1061
0006:   62  321   59   72 3 |  3422  3360   475  2564
0007:   59  444   54   38 1 |  5192  5133   402  4287
0008:   42  396   75   37 3 |  3859  3817   258  3163
0009:   73  156   15   45 3 |  1683  1610   279  1175
0010:   32  194   65   73 1 |  4348  4316   237  3885
0011:   14  396  100   41 1 |  5064  5050   138  4516
0012:   88  267   19   92 2 |  4125  4037  1445  2325
0013:   10  125   26   92 1 |  4109  4099   627  3347
0014:   34  409   86   59 3 |  4035  4001   315  3277
0015:   13  189   94   25 2 |  3426  3413    43  3181
0016:   38  209   39   54 1 |  4550  4512   218  4085
0017:    4  312   99   93 1 |  4909  4905   123  4470
0018:   47  163   83   82 3 |  2168  2121   197  1761
0019:   28  177   88   81 2 |  3391  3363   323  2863
SUM: 5839 89.78 74.34 3656.80 3006.70 0.343
