PRIO 2
0000:   82  345   40   15 2 |  5240  5158   179  4634
0001:   65  138   47   40 4 |  1862  1797    91  1568
0002:    1  242   37   64 2 |  4697  4696   441  4013
0003:   84  118   39   75 4 |  1711  1627   212  1297
0004:   98  300   31   83 4 |  3530  3432   981  2151
0005:   36  195   77   65 1 |  5443  5407   117  5095
0006:   66  359   32   46 3 |  4611  4545   556  3630
0007:   44  374   28   76 3 |  4737  4693   889  3430
0008:   67  425   62   17 3 |  4932  4865    97  4343
0009:   92  145   94   44 1 |  5064  4972    75  4752
0010:   12  368   83   17 1 |  5730  5718    85  5265
0011:   90  490   55   75 3 |  5367  5277   515  4272
0012:   21  302   27   66 3 |  4191  4170   647  3221
0013:   70  221   49   27 4 |  2843  2773   137  2415
0014:   26  358   80   74 4 |  3923  3897   386  3153
0015:    7  121   90   19 2 |  3063  3056     5  2930
0016:   92  477   83   72 2 |  5688  5596   282  4837
0017:   43  366   98   61 2 |  5467  5424   242  4816
0018:   23  160   98   40 4 |  2181  2158    62  1936
0019:   10  201   98   18 4 |  2632  2622    33  2388
SUM: 5730 99.56 67.73 4094.15 3507.30 0.349
