FCFS
0000:   54  306   32   55 2 |  5483  5429   596  4527
0001:   20  217   51   57 4 |  3479  3459   294  2948
0002:   70  197   85   72 2 |  1710  1640     9  1434
0003:   25  340   39   79 4 |  5577  5552   884  4328
0004:   53  178   63   93 4 |  2474  2421   171  2072
0005:    9  115   60   45 1 |  1993  1984    70  1799
0006:   54  150   89   70 3 |  1975  1921   107  1664
0007:   20  491   18   10 3 |  6332  6312   327  5494
0008:   60  176   39   97 3 |  3788  3728   381  3171
0009:   99  215   31   80 1 |  4504  4405   304  3886
0010:   61  400   89   97 1 |  3383  3322   343  2579
0011:   18  457   65  100 3 |  4939  4921   579  3885
0012:   51  446   26   14 3 |  5904  5853   224  5183
0013:   56  364   94   59 4 |  4113  4057   295  3398
0014:   95  296   75   81 4 |  4432  4337   478  3563
0015:   35  497   46   32 2 |  5622  5587   307  4783
0016:   30  245   11   54 2 |  6473  6443  1048  5150
0017:   64  490   82   71 2 |  5059  4995   553  3952
0018:   41  359   11   64 4 |  6987  6946  1626  4961
0019:   70  430   83   48 4 |  4506  4436   193  3813
SUM: 6987 91.16 78.65 4387.40 3629.50 0.286
