PREPRIO 4
0000:   46  428   48   47 2 |  5644  5598   498  4672
0001:   36  201   34   16 4 |  2441  2405    96  2108
0002:   54  244   84   65 2 |  5025  4971   113  4614
0003:    8  108   19   63 4 |  1321  1313   331   874
0004:   75  186   35   46 4 |  2077  2002   269  1547
0005:   45  349   32   56 1 |  6074  6029   478  5202
0006:   17  244   32   32 3 |  3626  3609   248  3117
0007:   82  452   45   20 3 |  5101  5019   158  4409
0008:   66  214   42   57 3 |  3779  3713   256  3243
0009:   50  346   54   20 1 |  5988  5938   137  5455
0010:   73  383   36   29 1 |  6092  6019   309  5327
0011:   33  157   40   30 3 |  3139  3106    55  2894
0012:   74  368   45   10 3 |  4686  4612    96  4148
0013:   67  257   50   59 4 |  3154  3087   233  2597
0014:   23  417   18   36 4 |  3109  3086   848  1821
0015:   33  172   46   16 2 |  4283  4250    87  3991
0016:    0  350   37   67 2 |  5629  5629   674  4605
0017:   42  356   27   38 2 |  5405  5363   387  4620
0018:   19  397  100   81 4 |  4498  4479   511  3571
0019:   58  440   57   42 4 |  4506  4448   274  3734
SUM: 6092 99.62 62.97 4233.80 3627.45 0.328
