PREPRIO 4
0000:   23  212   14   57 2 |  3890  3867   739  2916
0001:   86  136   18   25 4 |  1309  1223   161   926
0002:   35  484   23   64 2 |  5112  5077  1212  3381
0003:   60  228   26   80 4 |  2576  2516   560  1728
0004:   95  170   43   10 4 |  1810  1715    24  1521
0005:   35  152   70   39 1 |  4268  4233   112  3969
0006:    8  307   72   69 3 |  3994  3986   201  3478
0007:   25  129   85   41 3 |  2540  2515    50  2336
0008:   72  113   64  100 3 |  2276  2204   136  1955
0009:   73  435   46   79 1 |  5272  5199   925  3839
0010:   94  238   82   31 1 |  4572  4478   146  4094
0011:   32  140   45   95 3 |  2620  2588   225  2223
0012:   40  266   84   51 3 |  3837  3797   119  3412
0013:   93  278   84   19 4 |  3079  2986   111  2597
0014:    7  399   53   74 4 |  3724  3717   505  2813
0015:   88  228   49   53 2 |  4029  3941   158  3555
0016:   15  317   34   37 2 |  4343  4328   347  3664
0017:    0  211   80   11 2 |  3991  3991    25  3755
0018:   66  288   26   79 4 |  3012  2946   931  1727
0019:   65  165   81   55 4 |  2398  2333    72  2096
SUM: 5272 92.87 76.71 3382.00 2799.25 0.379
