PRIO 5
0000:   77  207   72   41 3 |  2595  2518    92  2219
0001:   66  394   37   55 2 |  4500  4434   670  3370
0002:   42  439   83   79 1 |  5517  5475   324  4712
0003:   37  379   92   23 3 |  3609  3572    79  3114
0004:   94  142   25   47 2 |  2509  2415   305  1968
0005:    4  176   47   44 3 |  1904  1900    82  1642
0006:   55  126   16   55 3 |  1234  1179   240   813
0007:   93  463   31   57 1 |  5738  5645   852  4330
0008:   11  149   73   13 3 |  1755  1744    35  1560
0009:    0  285   50   34 3 |  3138  3138   183  2670
0010:   32  141   49   92 1 |  3851  3819   197  3481
0011:   61  418   55   13 1 |  5347  5286   127  4741
0012:   60  163   63   82 2 |  3087  3027   236  2628
0013:   41  331   90   86 1 |  5167  5126   226  4569
0014:   97  104   22   44 3 |   840   743   154   485
0015:   50  206   91   62 2 |  3287  3237   173  2858
0016:   19  482   17   19 1 |  5562  5543   664  4397
0017:   61  208   78   68 1 |  4552  4491   144  4139
0018:    8  310   39   75 3 |  3194  3186   391  2485
0019:   67  461   52   37 2 |  4566  4499   278  3760
SUM: 5738 97.32 63.91 3548.85 2997.05 0.349
