RR 5
0000:   21  179   54   79 2 |  3127  3106   199  2728
0001:   29  238   50   76 4 |  4166  4137   415  3484
0002:   24  200   84   29 2 |  3288  3264    92  2972
0003:   17  134   53   64 4 |  2537  2520   178  2208
0004:   51  234   37   62 4 |  4080  4029   407  3388
0005:   54  259   59   20 1 |  4087  4033    94  3680
0006:   63  343   33   53 3 |  4828  4765   667  3755
0007:   30  285   72   70 3 |  4278  4248   268  3695
0008:   16  117   53   46 3 |  2127  2111    98  1896
0009:   86  464   95   28 1 |  4941  4855   178  4213
0010:   28  142   43   89 1 |  2836  2808   364  2302
0011:   77  276   69   46 3 |  4310  4233   219  3738
0012:    1  351   60   17 3 |  4571  4570   120  4099
0013:   47  323   53   47 4 |  4619  4572   277  3972
0014:    8  279   14   82 4 |  5028  5020  1564  3177
0015:   82  253   59   41 2 |  4113  4031   159  3619
0016:   79  105   33   32 2 |  2146  2067    91  1871
0017:   12  360   44   98 2 |  4881  4869   744  3765
0018:   75  253   13   20 4 |  4649  4574   450  3871
0019:   22  142   73   13 4 |  2405  2383     2  2239
SUM: 5028 98.19 76.11 3809.75 3233.60 0.398
