PRIO 2
0000:   55  161   83   41 2 |  3980  3925   145  3619
0001:   50  464   16   39 4 |  4237  4187  1019  2704
0002:   41  479   60   28 2 |  5357  5316   219  4618
0003:   77  150   73   32 4 |  2193  2116    67  1899
0004:   57  344   89   74 4 |  4135  4078   149  3585
0005:   66  358   45   93 1 |  5895  5829   696  4775
0006:    2  373   68   60 3 |  4682  4680   307  4000
0007:   81  162   65   22 3 |  3015  2934    31  2741
0008:   57  304   87   92 3 |  4518  4461   229  3928
0009:   29  281   58   81 1 |  5577  5548   432  4835
0010:    0  188   49   75 1 |  5129  5129   265  4676
0011:   62  318   35   61 3 |  4595  4533   652  3563
0012:   46  147   19   47 3 |  2496  2450   468  1835
0013:   75  264   52   19 4 |  3373  3298    88  2946
0014:   55  275   38   44 4 |  3400  3345   278  2792
0015:   56  491   67   78 2 |  5674  5618   736  4391
0016:   99  255   94   81 2 |  4793  4694   295  4144
0017:   82  184   54   67 2 |  4334  4252   208  3860
0018:   86  157   59   86 4 |  2031  1945   194  1594
0019:   81  318   38   10 4 |  3651  3570    78  3174
SUM: 5895 96.23 66.85 4095.40 3483.95 0.339
