LCFS
0000:   55  161   83   41 2 |  4120  4065    80  3824
0001:   50  464   16   39 4 |  6566  6516  1186  4866
0002:   41  479   60   28 2 |  5196  5155   205  4471
0003:   77  150   73   32 4 |  2169  2092    54  1888
0004:   57  344   89   74 4 |  3752  3695   383  2968
0005:   66  358   45   93 1 |  3273  3207   518  2331
0006:    2  373   68   60 3 |  1707  1705   299  1033
0007:   81  162   65   22 3 |  1845  1764    39  1563
0008:   57  304   87   92 3 |  2726  2669   244  2121
0009:   29  281   58   81 1 |  5481  5452   392  4779
0010:    0  188   49   75 1 |  5122  5122   339  4595
0011:   62  318   35   61 3 |  1454  1392   618   456
0012:   46  147   19   47 3 |  4591  4545   239  4159
0013:   75  264   52   19 4 |  1016   941    89   588
0014:   55  275   38   44 4 |  4201  4146   233  3638
0015:   56  491   67   78 2 |  4145  4089   350  3248
0016:   99  255   94   81 2 |   856   757    79   423
0017:   82  184   54   67 2 |  1709  1627   259  1184
0018:   86  157   59   86 4 |   807   721   277   287
0019:   81  318   38   10 4 |  3780  3699   110  3271
SUM: 6566 86.40 68.31 3167.95 2584.65 0.305
