FCFS
0000:   60  230   93   95 2 |  3280  3220   261  2729
0001:    5  415   80   17 4 |  4858  4853   155  4283
0002:   24  237   63   33 2 |  3540  3516   105  3174
0003:   77  440   95   97 4 |  3398  3321   468  2413
0004:   26  370   30   37 4 |  5631  5605   423  4812
0005:   73  435   80   77 1 |  4386  4313   347  3531
0006:   11  102   18   44 3 |  4011  4000   224  3674
0007:    4  257   17   23 3 |  5645  5641   281  5103
0008:   52  229   17   93 3 |  5852  5800  1018  4553
0009:    6  326   14   62 1 |  6371  6365  1176  4863
0010:   38  163   28   50 1 |  4811  4773   389  4221
0011:   17  263   38   45 3 |  4693  4676   256  4157
0012:   71  419   51   80 3 |  5297  5226   532  4275
0013:   79  355   41   95 4 |  5329  5250   613  4282
0014:   75  436   13   41 4 |  6991  6916  1465  5015
0015:   69  177   39   89 2 |  4139  4070   336  3557
0016:   38  410   58   66 2 |  5219  5181   505  4266
0017:   70  183   41   27 2 |  3749  3679   153  3343
0018:   82  220   41   72 4 |  4993  4911   352  4339
0019:   61  408   54   27 4 |  4896  4835   217  4210
SUM: 6991 86.90 79.89 4807.55 4040.00 0.286
