PREPRIO 4
0000:   84  249   91   89 2 |  5841  5757   200  5308
0001:   25  319   75   33 4 |  3503  3478   188  2971
0002:    9  266   44   83 2 |  5720  5711   458  4987
0003:  100  411   88   22 4 |  5076  4976    94  4471
0004:   99  387   18   29 4 |  3455  3356   617  2352
0005:   92  267   52   65 1 |  6640  6548   250  6031
0006:   30  287   77   79 3 |  4942  4912   196  4429
0007:   66  456   81   11 3 |  5895  5829    71  5302
0008:   76  447   20   57 3 |  5422  5346  1272  3627
0009:   60  464   97   20 1 |  6920  6860   138  6258
0010:   88  313   20   71 1 |  6955  6867  1099  5455
0011:   52  385   76   99 3 |  5731  5679   259  5035
0012:   50  469   30   12 3 |  5601  5551   191  4891
0013:   46  237   28   35 4 |  2653  2607   278  2092
0014:   80  320   70   42 4 |  4078  3998   198  3480
0015:   61  190   99   33 2 |  5180  5119    35  4894
0016:   17  444   72   88 2 |  6611  6594   478  5672
0017:    1  479   94   84 2 |  6548  6547   244  5824
0018:   80  352   96   19 4 |  4680  4600    57  4191
0019:   34  161   26   82 4 |  1973  1939   342  1436
SUM: 6955 99.25 64.51 5113.70 4435.30 0.288
