PREPRIO 2
0000:   90  287   89   69 2 |  4230  4140   229  3624
0001:   63  107   12   64 5 |  1091  1028   377   544
0002:   24  370   46   40 3 |  3946  3922   295  3257
0003:   47  195   73   15 2 |  3585  3538    40  3303
0004:   91  388   51   94 5 |  3550  3459   985  2086
0005:   35  188   20   62 2 |  3635  3600   579  2833
0006:   66  137   80   36 2 |  2776  2710    62  2511
0007:   46  109   29   68 4 |  1454  1408   407   892
0008:   58  473   59   27 2 |  4666  4608   265  3870
0009:    3  106   63   33 1 |  3610  3607     6  3495
0010:   63  179   95   61 4 |  2076  2013    98  1736
0011:   14  116   17   24 4 |   982   968   112   740
0012:   12  221   58   89 1 |  4693  4681   333  4127
0013:   30  250   94   10 4 |  2613  2583    18  2315
0014:   76  141   18   49 1 |  4168  4092   418  3533
0015:   64  113   94   11 2 |  2517  2453     9  2331
0016:   64  118   88   87 2 |  2678  2614    23  2473
0017:   42  489   34   48 4 |  3878  3836   497  2850
0018:   15  489   92   37 2 |  4658  4643    95  4059
0019:   75  185   48   13 1 |  4362  4287    65  4037
SUM: 4693 99.32 65.31 3209.50 2730.80 0.426
