LCFS
0000:   14  224   89   87 2 |  4691  4677    98  4355
0001:   82  203   92   14 4 |  2392  2310    71  2036
0002:   90  269   86   65 2 |  1838  1748    97  1382
0003:   55  266   70   16 4 |  3150  3095    96  2733
0004:   75  153   95   51 4 |  2511  2436   170  2113
0005:  100  306   63   41 1 |  1744  1644   311  1027
0006:   60  237   87   83 3 |  3729  3669   228  3204
0007:   32  455   14   69 3 |  6710  6678  2522  3701
0008:   12  426   34   37 3 |  5917  5905   540  4939
0009:   23  356   78   46 1 |  4529  4506   114  4036
0010:   54  221   80   70 1 |  3222  3168   157  2790
0011:   13  215   65   17 3 |  5072  5059    59  4785
0012:   51  481   40   77 3 |  4621  4570   800  3289
0013:   12  388   83   58 4 |  2000  1988   393  1207
0014:   80  159   33   14 4 |  2441  2361    53  2149
0015:   15  259   19   47 2 |  5577  5562   510  4793
0016:   34  401   51   78 2 |  1862  1828   537   890
0017:   70  338   73   23 2 |   753   683    98   247
0018:  100  214   97   49 4 |   668   568   119   235
0019:   30  195   72   31 4 |  3655  3625    55  3375
SUM: 6710 85.93 73.38 3304.00 2664.30 0.298
