PRIO 2
0000:   71  473   81   79 2 |  5019  4948   382  4093
0001:   61  338   74   41 4 |  3265  3204   223  2643
0002:   85  444   52   57 2 |  5025  4940   453  4043
0003:   25  111   76   26 4 |  1602  1577    38  1428
0004:   27  272   73   72 4 |  3020  2993   348  2373
0005:   96  230   36   41 1 |  4794  4698   204  4264
0006:   89  476   11   91 3 |  5885  5796  3691  1629
0007:    6  308   15  100 3 |  3983  3977  1652  2017
0008:   91  374   53   73 3 |  4341  4250   820  3056
0009:   91  193   66   50 1 |  4630  4539    87  4259
0010:   65  163   22   33 1 |  4401  4336   184  3989
0011:   70  153   76   83 3 |  2533  2463    85  2225
0012:   58  132   49   24 3 |  2212  2154    63  1959
0013:   45  121   14   67 4 |  1599  1554   637   796
0014:   62  128   80   21 4 |  1606  1544    27  1389
0015:   56  281   65   10 2 |  4198  4142    42  3819
0016:   87  225   32   40 2 |  3794  3707   216  3266
0017:   80  447   11   62 2 |  5615  5535  2289  2799
0018:   39  158   75   46 4 |  2133  2094   175  1761
0019:   50  159   30   74 4 |  1969  1919   367  1393
SUM: 5885 88.12 93.95 3518.50 2660.05 0.340
