SRTF
0000:   32  189   12   41 2 |  1920  1888   425  1274
0001:   12  297   60   20 4 |  1394  1382   117   968
0002:   62  475   58   27 2 |  5452  5390   238  4677
0003:   48  325   69   90 4 |  2687  2639   427  1887
0004:   29  309   48   85 4 |  2464  2435   564  1562
0005:   52  382   51   70 1 |  4402  4350   603  3365
0006:   16  423   93   44 3 |  3412  3396   218  2755
0007:   95  457   59   42 3 |  4776  4681   241  3983
0008:   27  153   90   53 3 |   508   481   196   132
0009:   24  371   80   20 1 |  2583  2559    87  2101
0010:   57  134   81   25 1 |   489   432    44   254
0011:   91  403   17   72 3 |  6711  6620  2203  4014
0012:   96  380   47   64 3 |  3799  3703   434  2889
0013:    0  267   10   48 4 |  4124  4124  1177  2680
0014:   53  141   88   86 4 |   786   733   184   408
0015:   83  413   12   23 2 |  6423  6340   824  5103
0016:   44  488   33   36 2 |  6096  6052   460  5104
0017:   48  122   90   32 2 |   331   283    86    75
0018:   34  270   74   87 4 |  1624  1590   370   950
0019:   60  179   58   70 4 |   924   864   183   502
SUM: 6711 92.06 79.62 2997.10 2234.15 0.298
