PREPRIO 4
0000:   81  449   47   81 2 |  6491  6410  1073  4888
0001:   61  145   46   32 4 |  1843  1782    60  1577
0002:   55  162   75   47 2 |  4349  4294   112  4020
0003:   16  496   84   45 4 |  5220  5204   326  4382
0004:    3  283   16   70 4 |  2834  2831  1322  1226
0005:   90  447   98   72 1 |  7073  6983   179  6357
0006:   86  329   64   17 3 |  4916  4830    42  4459
0007:   76  460   58   67 3 |  5713  5637   509  4668
0008:   14  124   38   21 3 |  1829  1815   101  1590
0009:   73  482   55   38 1 |  7152  7079   345  6252
0010:   27  496   55   24 1 |  7124  7097   195  6406
0011:   71  428   71   64 3 |  5491  5420   381  4611
0012:   75  354   23   52 3 |  4724  4649   769  3526
0013:   95  433   90   57 4 |  4890  4795   329  4033
0014:  100  322   87   23 4 |  3864  3764   105  3337
0015:   67  477   82   72 2 |  6561  6494   552  5465
0016:   64  465   69   87 2 |  6428  6364   615  5284
0017:   57  164   94   52 2 |  4313  4256    60  4032
0018:   58  260   59   29 4 |  2838  2780   142  2378
0019:   41  351   85   98 4 |  4475  4434   357  3726
SUM: 7152 99.65 68.22 4845.90 4110.85 0.280
