PRIO 5
0000:   47  305   60   66 3 |  3788  3741   306  3130
0001:    3  395   87   99 2 |  5732  5729   453  4881
0002:   78  270   43   46 1 |  5979  5901   258  5373
0003:   38  407   89   28 3 |  4920  4882   162  4313
0004:   75  338   57   49 2 |  5342  5267   272  4657
0005:   87  394   35   29 3 |  4060  3973   309  3270
0006:   49  271   24   81 3 |  3109  3060   876  1913
0007:   24  323   48   85 1 |  6245  6221   512  5386
0008:   62  341   35   22 3 |  3622  3560   204  3015
0009:   83  107   64   80 3 |  1646  1563    45  1411
0010:   68  196   99   39 1 |  5654  5586    69  5321
0011:   48  290   71   20 1 |  6024  5976   114  5572
0012:   75  246   45   82 2 |  4627  4552   364  3942
0013:    5  151   97   27 1 |  5289  5284    13  5120
0014:    8  453   57   50 3 |  5047  5039   477  4109
0015:   33  301   45   78 2 |  4879  4846   570  3975
0016:   53  277   98   21 1 |  5985  5932    39  5616
0017:   78  463   25   25 1 |  6347  6269   481  5325
0018:   28  416   91   33 3 |  5025  4997   149  4432
0019:   85  297   83   79 2 |  5179  5094   453  4344
SUM: 6347 98.33 61.59 4873.60 4255.25 0.315
