PRIO 5
0000:   57  327   98   67 3 |  4098  4041   114  3600
0001:   21  420   85   32 2 |  5451  5430   121  4889
0002:   79  410   89   39 1 |  6118  6039   112  5517
0003:   60  182   51   91 3 |  2418  2358   388  1788
0004:    9  210   35   30 2 |  3600  3591   195  3186
0005:   28  378   77   52 3 |  4584  4556   243  3935
0006:   49  249   54   23 3 |  3013  2964    84  2631
0007:   51  437   30   71 1 |  6386  6335   690  5208
0008:   78  265   47   23 3 |  2967  2889   114  2510
0009:   74  455   60   89 3 |  4828  4754   634  3665
0010:   12  189   82   60 1 |  5366  5354   230  4935
0011:    6  262   58   99 1 |  5897  5891   554  5075
0012:   38  408   17   63 2 |  5519  5481  1580  3493
0013:   51  350   97   71 1 |  6080  6029   306  5373
0014:   58  187   15   70 3 |  2565  2507  1045  1275
0015:   45  287   40   43 2 |  4675  4630   255  4088
0016:   94  326   34   88 1 |  6283  6189  1038  4825
0017:   91  204   21   44 1 |  5285  5194   543  4447
0018:   92  375   84   67 3 |  4454  4362   267  3720
0019:   82  331   56   64 2 |  4976  4894   295  4268
SUM: 6386 97.90 74.79 4674.40 3921.40 0.313
