FCFS
0000:   73  144   41   69 2 |  3179  3106   231  2731
0001:   64  148   41   18 4 |  4259  4195    88  3959
0002:   54  327   61   91 2 |  5613  5559   710  4522
0003:   86  240   61   98 4 |  4946  4860   391  4229
0004:   79  435   71   72 4 |  5771  5692   400  4857
0005:   45  496   84   80 1 |  5192  5147   438  4213
0006:   26  484   87   58 3 |  4635  4609   288  3837
0007:   60  476   65   46 3 |  5818  5758   348  4934
0008:   25  161   83  100 3 |  1359  1334    53  1120
0009:   94  484   75   91 1 |  5751  5657   479  4694
0010:   37  136   70   16 1 |  1477  1440    11  1293
0011:   78  442   27   88 3 |  7050  6972  1512  5018
0012:   21  289   89   18 3 |  2290  2269    37  1943
0013:   58  292   63   87 4 |  4493  4435   354  3789
0014:   86  364   55   96 4 |  6044  5958   658  4936
0015:   66  301   53   86 2 |  5149  5083   417  4365
0016:   12  223   44   77 2 |  3686  3674   261  3190
0017:   12  415   31   30 2 |  6416  6404   535  5454
0018:   95  322   27   10 4 |  5961  5866   114  5430
0019:   22  236   49   75 4 |  5117  5095   399  4460
SUM: 7050 90.99 72.67 4655.65 3948.70 0.284
