PREPRIO 2
0000:    3  449   34   30 2 |  6070  6067   439  5179
0001:   10  201   15   37 5 |  1636  1626   467   958
0002:   55  185   81   36 3 |  3177  3122    35  2902
0003:   63  143   39   14 2 |  3363  3300    62  3095
0004:   49  353   31   69 5 |  3285  3236   702  2181
0005:   26  449   93   17 2 |  6059  6033   125  5459
0006:   79  276   89   37 2 |  5173  5094   108  4710
0007:   75  428   98   92 4 |  4741  4666   432  3806
0008:   29  468   57   29 2 |  6124  6095   240  5387
0009:   98  458   90   90 1 |  6780  6682   435  5789
0010:   78  415   28   41 4 |  4406  4328   497  3416
0011:   68  462   31   79 4 |  5061  4993  1278  3253
0012:   31  122   60   37 1 |  5007  4976    56  4798
0013:    4  198   29   27 4 |  2352  2348   195  1955
0014:    6  478   25   44 1 |  7034  7028   987  5563
0015:   25  269   18   82 2 |  5382  5357  1281  3807
0016:   74  141   16   60 2 |  3320  3246   383  2722
0017:   27  476   90   23 4 |  4759  4732   123  4133
0018:   51  400   43   73 2 |  6035  5984   809  4775
0019:   32  378   23   42 1 |  6671  6639   558  5703
SUM: 7034 95.95 73.24 4777.60 3979.55 0.284
