PRIO 2
0000:   15  337   12   75 2 |  6289  6274  2185  3752
0001:    1  430   62   12 4 |  4795  4794    90  4274
0002:    2  317   15   24 2 |  5403  5401   472  4612
0003:   90  105   89   22 4 |  1661  1571    15  1451
0004:   68  439   23   72 4 |  5004  4936  1112  3385
0005:   69  338   24   48 1 |  6420  6351   498  5515
0006:   68  222   65   16 3 |  3804  3736    44  3470
0007:   55  240   60   49 3 |  4165  4110   144  3726
0008:   12  221   15   72 3 |  3568  3556   856  2479
0009:   90  427   54   19 1 |  6451  6361   168  5766
0010:   66  190   71   83 1 |  5827  5761   186  5385
0011:   65  177   16   83 3 |  3253  3188   810  2201
0012:    9  302   28   55 3 |  4684  4675   575  3798
0013:   28  164   63   69 4 |  2105  2077   166  1747
0014:   73  328   56   26 4 |  3974  3901   195  3378
0015:   21  489   70   82 2 |  6254  6233   477  5267
0016:   59  399   29   53 2 |  5979  5920   583  4938
0017:   64  317   22   54 2 |  5794  5730  1066  4347
0018:   97  482   58   22 4 |  5051  4954   206  4266
0019:   72  482   79   23 4 |  5175  5103   151  4470
SUM: 6451 99.30 82.11 4731.60 3911.35 0.310
