RR 2
0000:   58  210   83   13 2 |  3774  3716    16  3490
0001:   84  396   81   14 4 |  5676  5592    77  5119
0002:   57  475   27   51 2 |  6445  6388   976  4937
0003:    9  396   60   79 4 |  5769  5760   459  4905
0004:   67  492   70   76 4 |  6189  6122   341  5289
0005:    6  147  100   93 1 |  2718  2712   216  2349
0006:  100  279   48   78 3 |  4878  4778   380  4119
0007:   70  155   12   24 3 |  3216  3146   192  2799
0008:   61  159   50   47 3 |  3156  3095   192  2744
0009:   28  281   86   87 1 |  4640  4612   181  4150
0010:   27  467   92   97 1 |  6153  6126   600  5059
0011:   93  425   88   85 3 |  5945  5852   298  5129
0012:   72  351   68   29 3 |  5345  5273   141  4781
0013:   98  412   19   95 4 |  6653  6555  2075  4068
0014:   64  430   11   15 4 |  6115  6051   554  5067
0015:   12  212   50   34 2 |  3703  3691   102  3377
0016:   92  210   49   80 2 |  3904  3812   186  3416
0017:   39  118   25   17 2 |  2298  2259    70  2071
0018:   22  292   59   48 4 |  4762  4740   160  4288
0019:   23  414   93   94 4 |  5834  5811   278  5119
SUM: 6653 95.01 68.89 4804.55 4113.80 0.301
