SRTF
0000:   19  101   66   28 2 |   268   249    33   115
0001:   31  468   84   82 4 |  6358  6327   406  5453
0002:   41  406   16   47 2 |  7228  7187  1233  5548
0003:   90  312   11   16 4 |  4260  4170   583  3275
0004:   16  406   36   80 4 |  5461  5445  1054  3985
0005:    4  435   99   67 1 |  1974  1970   293  1242
0006:   35  131   29   60 3 |   713   678   238   309
0007:   80  369   20   31 3 |  4610  4530   493  3668
0008:   60  379   33   68 3 |  3150  3090   563  2148
0009:   23  480   60   93 1 |  6794  6771   766  5525
0010:   16  438   65   59 1 |  4918  4902   393  4071
0011:   66  381   53   60 3 |  3244  3178   406  2391
0012:   43  288   75   98 3 |  1472  1429   321   820
0013:   76  104   48   18 4 |   294   218    22    92
0014:   57  307   68   18 4 |  1694  1637   116  1214
0015:   14  448   81   37 2 |  5390  5376   170  4758
0016:   83  338   42   51 2 |  2836  2753   523  1892
0017:   89  236   93   18 2 |  1051   962    32   694
0018:   35  397   85   87 4 |  3921  3886   331  3158
0019:   14  187   71   96 4 |   755   741   129   425
SUM: 7228 91.46 74.10 3274.95 2539.15 0.277
