RR 2
0000:   57  156   59   26 2 |  2965  2908    87  2665
0001:    2  351   91   78 4 |  5263  5261   275  4635
0002:    0  135   74   49 2 |  2308  2308    44  2129
0003:  100  370   30   29 4 |  5577  5477   325  4782
0004:   35  178   64   36 4 |  3274  3239   105  2956
0005:    8  228   18   16 1 |  4063  4055   212  3615
0006:   61  156   13   78 3 |  3561  3500   727  2617
0007:   27  335   66   15 3 |  5113  5086   111  4640
0008:   46  450   77   46 3 |  5889  5843   206  5187
0009:    5  406   12   23 1 |  5918  5913   684  4823
0010:   72  146   40   91 1 |  3048  2976   364  2466
0011:   48  372   86   25 3 |  5366  5318    74  4872
0012:   54  392   43   87 3 |  5958  5904   800  4712
0013:   20  110   28   92 4 |  2412  2392   384  1898
0014:   72  431   59   89 4 |  5902  5830   483  4916
0015:   73  296   97   62 2 |  4781  4708   180  4232
0016:   10  264   39   65 2 |  4513  4503   350  3889
0017:   86  393   20   55 2 |  6010  5924  1015  4516
0018:   74  407   29   28 4 |  5783  5709   381  4921
0019:   37  376   12   39 4 |  5962  5925  1010  4539
SUM: 6010 99.03 74.69 4638.95 3950.50 0.333
