SRTF
0000:   38  404   60   77 2 |  4499  4461   544  3513
0001:   24  146   90   73 4 |   463   439   151   142
0002:   27  299   45   74 2 |  2732  2705   490  1916
0003:   53  280   86   25 4 |  1277  1224    98   846
0004:   28  218   60   72 4 |   695   667   115   334
0005:   60  455   63   54 1 |  4486  4426   265  3706
0006:   83  378   17   59 3 |  5908  5825  1395  4052
0007:   84  397   12   26 3 |  6306  6222   926  4899
0008:   68  372   66   49 3 |  3286  3218   149  2697
0009:   45  268   75   45 1 |  1899  1854   166  1420
0010:    5  324   61   73 1 |  2600  2595   502  1769
0011:   55  406   29   42 3 |  5410  5355   580  4369
0012:   88  476   23   18 3 |  6091  6003   406  5121
0013:   76  173   11   54 4 |  2079  2003   863   967
0014:   29  103   43   16 4 |   209   180    26    51
0015:    8  241   43   49 2 |  1067  1059   233   585
0016:   92  464   14   37 2 |  7122  7030  1249  5317
0017:   45  378   90   81 2 |  3784  3739   328  3033
0018:   98  322   75   17 4 |  2824  2726   107  2297
0019:   46  260   91   42 4 |  1520  1474   186  1028
SUM: 7122 89.36 75.13 3160.25 2403.10 0.281
