FCFS
0000:   98  325   94   58 2 |  2445  2347   158  1864
0001:   78  353   69   73 4 |  3565  3487   272  2862
0002:   33  205   79   74 2 |  2025  1992    99  1688
0003:   42  235   30   88 4 |  4304  4262   530  3497
0004:   90  361   79   18 4 |  3899  3809    58  3390
0005:   80  206   89   74 1 |  1573  1493    75  1212
0006:   50  418   42   90 3 |  4905  4855   671  3766
0007:   27  147   60   38 3 |  1708  1681    33  1501
0008:   30  396   14   72 3 |  6555  6525  1935  4194
0009:    5  342   10   43 1 |  6234  6229  1322  4565
0010:    3  351   94   40 1 |  3423  3420   194  2875
0011:   12  196   12   60 3 |  5613  5601  1054  4351
0012:   57  257   77   92 3 |  2882  2825   256  2312
0013:   41  278   33   35 4 |  4439  4398   252  3868
0014:   98  168   26   61 4 |  4498  4400   397  3835
0015:   46  303   20   62 2 |  5300  5254   760  4191
0016:    2  422   18   50 2 |  6004  6002  1195  4385
0017:  100  337   22   42 2 |  5381  5281   607  4337
0018:   29  431   15   62 4 |  6345  6316  1650  4235
0019:   84  310   50   88 4 |  4003  3919   461  3148
SUM: 6555 92.16 82.56 4204.80 3303.80 0.305
