LCFS
0000:   10  333   58   46 2 |  6243  6233   302  5598
0001:   83  191   74   20 4 |  1528  1445    37  1217
0002:   30  429   68   85 2 |  5771  5741   470  4842
0003:   88  391   64   51 4 |  2861  2773   298  2084
0004:   95  385   95   10 4 |  1144  1049    29   635
0005:   39  201   79   19 1 |   488   449    50   198
0006:   97  388   93   14 3 |   941   844    62   394
0007:    5  463   47   36 3 |  3271  3266   315  2488
0008:   17  273   36  100 3 |  6753  6736   827  5636
0009:   50  259   68   34 1 |  3966  3916   158  3499
0010:   41  480   62   69 1 |  4759  4718   584  3654
0011:   18  188   37   14 3 |  4687  4669    80  4401
0012:   95  204   24   53 3 |  1482  1387   315   868
0013:   82  165   88   51 4 |  1945  1863   139  1559
0014:   83  439   20   75 4 |  5682  5599  1722  3438
0015:   33  437   20   32 2 |  6755  6722   824  5461
0016:   20  129   34   98 2 |  4704  4684   314  4241
0017:   16  374   78   87 2 |  5621  5605   188  5043
0018:   54  415   61   13 4 |  3229  3175    95  2665
0019:   77  324   74   95 4 |  3715  3638   567  2747
SUM: 6755 95.75 67.19 3725.60 3033.40 0.296
