RR 2
0000:   63  491   84   24 2 |  6397  6334   176  5667
0001:   53  441   21   17 4 |  6339  6286   352  5493
0002:   62  312   94   80 2 |  5328  5266   129  4825
0003:   16  426   90   76 4 |  6246  6230   415  5389
0004:   16  290   17   92 4 |  6032  6016  1381  4345
0005:   85  320   20   20 1 |  5617  5532   295  4917
0006:    2  235   13   33 3 |  4784  4782   661  3886
0007:   53  182   71   67 3 |  3420  3367   120  3065
0008:   22  354   53   75 3 |  5908  5886   423  5109
0009:   90  302   71   82 1 |  5587  5497   520  4675
0010:   69  190   41   61 1 |  3738  3669   222  3257
0011:   68  421   45   54 3 |  6306  6238   408  5409
0012:    7  357   20   40 3 |  6053  6046   620  5069
0013:   48  291   82   97 4 |  5226  5178   333  4554
0014:   26  465   53   99 4 |  6624  6598  1196  4937
0015:   67  248   55   24 2 |  4449  4382    67  4067
0016:   89  322   13   70 2 |  6406  6317  1517  4478
0017:   82  161   17   43 2 |  3306  3224   215  2848
0018:   98  367   62   14 4 |  5895  5797   124  5306
0019:    1  303   18   78 4 |  5801  5800  1058  4439
SUM: 6624 97.80 80.22 5422.25 4586.75 0.302
