PRIO 5
0000:   77  116   74   41 3 |  1362  1285    95  1074
0001:   94  149   55   74 2 |  2761  2667    87  2431
0002:   92  152   97   21 1 |  4047  3955    23  3780
0003:   67  382   34   45 3 |  3669  3602   499  2721
0004:   18  395   50   66 2 |  4474  4456   601  3460
0005:    5  322   88   76 3 |  3544  3539   230  2987
0006:   33  354   23   75 3 |  3413  3380   983  2043
0007:   36  207   40   56 1 |  4499  4463   392  3864
0008:   19  105   67   68 3 |  1541  1522    35  1382
0009:   50  249   77   88 3 |  3189  3139   492  2398
0010:   18  485   72   94 1 |  5293  5275   567  4223
0011:   68  119   85   72 1 |  3897  3829   186  3524
0012:   53  193   90   98 2 |  3385  3332   221  2918
0013:   62  266   97   38 1 |  4672  4610    91  4253
0014:    9  271   44   51 3 |  2455  2446   476  1699
0015:   93  307   53   73 2 |  3953  3860   403  3150
0016:   31  388   68   17 1 |  4924  4893    85  4420
0017:   66  477   74   19 1 |  5097  5031   130  4424
0018:   85  143   60   44 3 |  1893  1808    47  1618
0019:   37  117   42   70 2 |  2238  2201    58  2026
SUM: 5293 98.19 64.82 3464.65 2919.75 0.378
