SRTF
0000:   86  480   53   17 2 |  5430  5344   144  4720
0001:   10  251   60   57 4 |  1930  1920   296  1373
0002:   35  426   19   98 2 |  6998  6963  2286  4251
0003:   16  187   69   47 4 |   431   415    67   161
0004:   98  302   86   50 4 |  2503  2405   186  1917
0005:   37  197   94   91 1 |  1048  1011   180   634
0006:   62  399   50   43 3 |  3515  3453   301  2753
0007:    8  214   95   45 3 |   550   542   141   187
0008:   92  178   86   89 3 |   698   606    28   400
0009:   18  354   90   65 1 |  2964  2946   260  2332
0010:   37  492   45   70 1 |  6729  6692   972  5228
0011:   99  467   44   76 3 |  6175  6076   865  4744
0012:   91  383   26   67 3 |  4644  4553   787  3383
0013:   21  281   37   53 4 |  2265  2244   348  1615
0014:   85  266   16   21 4 |  2977  2892   263  2363
0015:   70  461   81   69 2 |  4699  4629   455  3713
0016:   82  209   93   65 2 |  1248  1166    81   876
0017:   72  161   21   54 2 |  1253  1181   388   632
0018:   90  407   34   29 4 |  4382  4292   321  3564
0019:   24  209   68   61 4 |  1462  1438   218  1011
SUM: 6998 90.37 76.98 3038.40 2292.85 0.286
