PREPRIO 2
0000:   19  101   66   28 2 |  2801  2782    28  2653
0001:   31  468   84   82 5 |  4466  4435   371  3596
0002:   41  406   16   47 3 |  4969  4928  1216  3306
0003:   90  312   11   16 2 |  4986  4896   402  4182
0004:   16  406   36   80 5 |  4037  4021   675  2940
0005:    4  435   99   67 2 |  6186  6182   191  5556
0006:   35  131   29   60 2 |  3251  3216   344  2741
0007:   80  369   20   31 4 |  3554  3474   523  2582
0008:   60  379   33   68 2 |  6044  5984   900  4705
0009:   23  480   60   93 1 |  6928  6905   594  5831
0010:   16  438   65   59 4 |  4745  4729   401  3890
0011:   66  381   53   60 4 |  4384  4318   475  3462
0012:   43  288   75   98 1 |  6372  6329   218  5823
0013:   76  104   48   18 4 |  1332  1256    48  1104
0014:   57  307   68   18 1 |  6346  6289    67  5915
0015:   14  448   81   37 2 |  6205  6191   248  5495
0016:   83  338   42   51 2 |  5709  5626   629  4659
0017:   89  236   93   18 4 |  3042  2953    28  2689
0018:   35  397   85   87 2 |  6051  6016   258  5361
0019:   14  187   71   96 1 |  5985  5971   204  5580
SUM: 6928 95.42 67.16 4825.05 4103.50 0.289
