FCFS
0000:   95  189   55   68 2 |  2424  2329    92  2048
0001:    8  266   29   15 4 |  4677  4669   150  4253
0002:   47  138   13   17 2 |  4822  4775   171  4466
0003:   83  245   33   26 4 |  4544  4461   153  4063
0004:   86  403   81   13 4 |  3441  3355    60  2892
0005:   54  375   91   58 1 |  3587  3533   219  2939
0006:   59  292   25   95 3 |  5411  5352  1058  4002
0007:   60  132   98   78 3 |   829   769    32   605
0008:   30  400   14   23 3 |  5788  5758   549  4809
0009:   61  116  100   93 1 |  2400  2339   196  2027
0010:   54  203   67   59 1 |  2508  2454   109  2142
0011:   26  130   51   24 3 |  2211  2185    46  2009
0012:   28  200   73   21 3 |  2097  2069    43  1826
0013:   39  475   26   53 4 |  5531  5492   742  4275
0014:   55  455   41   81 4 |  5271  5216   847  3914
0015:   24  359   48   39 2 |  4529  4505   326  3820
0016:   31  456   10   30 2 |  6679  6648  1418  4774
0017:   90  470   56   89 2 |  5133  5043   811  3762
0018:   97  343   58   26 4 |  4347  4250   162  3745
0019:   84  220   92   32 4 |  2628  2544    69  2255
SUM: 6679 87.84 72.23 3887.30 3231.30 0.299
