RR 5
0000:   77  364   57   75 2 |  5711  5634   509  4761
0001:    7  347   27   16 4 |  5529  5522   199  4976
0002:   85  279   87   87 2 |  5009  4924   276  4369
0003:   85  379   61   42 4 |  5654  5569   258  4932
0004:    5  318   65   49 4 |  5181  5176   236  4622
0005:   78  242   96   66 1 |  4514  4436   261  3933
0006:    9  273   76   63 3 |  4649  4640   143  4224
0007:   24  411   46   13 3 |  5732  5708   133  5164
0008:   35  390   51   36 3 |  5714  5679   264  5025
0009:   87  210   76   37 1 |  3848  3761    59  3492
0010:   69  267   77   96 1 |  5050  4981   405  4309
0011:   88  151   17   60 3 |  3710  3622   369  3102
0012:   23  307   61   36 3 |  5097  5074   183  4584
0013:   87  384   16   99 4 |  6718  6631  2311  3936
0014:   65  185   41   76 4 |  3814  3749   332  3232
0015:    6  313   45   55 2 |  5250  5244   293  4638
0016:    0  471   85   70 2 |  5801  5801   246  5084
0017:   90  220   20   92 2 |  5103  5013   967  3826
0018:   63  278   63   52 4 |  4982  4919   155  4486
0019:    6  135   55   77 4 |  2515  2509   166  2208
SUM: 6718 88.18 73.89 4929.60 4245.15 0.298
