PRIO 2
0000:   57  483   97   67 2 |  5983  5926   238  5205
0001:   25  390   16   67 4 |  4197  4172  1492  2290
0002:   83  261   60   70 2 |  5041  4958   313  4384
0003:   50  164   95   89 4 |  2690  2640   156  2320
0004:  100  182   78   27 4 |  2750  2650    77  2391
0005:   88  409   18   20 1 |  6375  6287   456  5422
0006:    3  397   18   44 3 |  4604  4601   935  3269
0007:    8  206   10   12 3 |  2625  2617   215  2196
0008:   86  379   49   65 3 |  4912  4826   491  3956
0009:   18  416   87   26 1 |  6347  6329   165  5748
0010:   61  318   13   21 1 |  6211  6150   530  5302
0011:   19  108   72   82 3 |  2270  2251    63  2080
0012:    1  193   46   24 3 |  3238  3237    78  2966
0013:   25  494   23   22 4 |  4359  4334   381  3459
0014:   59  168   43   79 4 |  2507  2448   201  2079
0015:   64  416   31   54 2 |  5903  5839   784  4639
0016:   68  389   75   84 2 |  5767  5699   384  4926
0017:   74  332   92   78 2 |  5444  5370   257  4781
0018:   24  220   89   13 4 |  3125  3101    30  2851
0019:   71  400   17   20 4 |  3923  3852   406  3046
SUM: 6375 99.22 70.15 4364.35 3665.50 0.314
