PRIO 5
0000:   38  388   84   17 3 |  4538  4500   115  3997
0001:   13  227   72   89 2 |  4216  4203   223  3753
0002:   91  413   78   47 1 |  6564  6473   195  5865
0003:   81  299   90   31 3 |  3584  3503    94  3110
0004:   89  330   37   67 2 |  5198  5109   593  4186
0005:   76  287   46   37 3 |  3602  3526   138  3101
0006:   84  495   34   82 3 |  5216  5132  1311  3326
0007:   55  438   61   93 1 |  6810  6755   619  5698
0008:   49  172   91   90 3 |  2291  2242    70  2000
0009:   78  304   72   46 3 |  3880  3802   292  3206
0010:   80  167   57   69 1 |  5284  5204   200  4837
0011:   31  254   46   95 1 |  6123  6092   452  5386
0012:   62  364   62   34 2 |  5357  5295   184  4747
0013:   55  251   72   42 1 |  5972  5917   154  5512
0014:   20  456   67   12 3 |  4997  4977    82  4439
0015:    3  110   20   86 2 |  2044  2041   600  1331
0016:   91  379   57   26 1 |  6521  6430   167  5884
0017:   36  466   77   37 1 |  6676  6640   178  5996
0018:    5  420   72   56 3 |  4832  4827   252  4155
0019:   17  491   99   81 2 |  6030  6013   421  5101
SUM: 6810 98.55 61.63 4934.05 4281.50 0.294
