RR 5
0000:   14  177   96   61 2 |  3201  3187   181  2829
0001:   78  299   58   45 4 |  5376  5298   332  4667
0002:   58  305   36   55 2 |  5529  5471   443  4723
0003:    0  122   53   57 4 |  2160  2160   140  1898
0004:   55  473   89  100 4 |  6263  6208   483  5252
0005:   11  305   46   66 1 |  5183  5172   248  4619
0006:   97  286   69   23 3 |  5045  4948    82  4580
0007:   50  460   67   23 3 |  6214  6164   187  5517
0008:   77  435   79   13 3 |  6027  5950    56  5459
0009:   30  170   96   84 1 |  3147  3117   173  2774
0010:   99  341   47   51 1 |  5652  5553   233  4979
0011:   26  277   83   43 3 |  4610  4584    59  4248
0012:   62  413   98   57 3 |  6070  6008   348  5247
0013:   32  460   19   92 4 |  6902  6870  2056  4354
0014:   20  349   75   86 4 |  5799  5779   501  4929
0015:   58  252   27   48 2 |  5226  5168   390  4526
0016:   74  285   42   61 2 |  5140  5066   251  4530
0017:   46  351   95   32 2 |  5616  5570   143  5076
0018:   26  461   79   55 4 |  6230  6204   321  5422
0019:    4  167   13   90 4 |  4318  4314   867  3280
SUM: 6902 92.55 69.91 5139.55 4445.45 0.290
