RR 2
0000:   58  404   37   45 2 |  5986  5928   438  5086
0001:   59  321   75   11 4 |  4982  4923    40  4562
0002:   51  490   70   92 2 |  6508  6457   817  5150
0003:   29  485   52   91 4 |  6371  6342   692  5165
0004:   67  180   30   77 4 |  3698  3631   450  3001
0005:   98  123   30   75 1 |  2551  2453   227  2103
0006:   70  142   28   99 3 |  3156  3086   530  2414
0007:   91  277   67   29 3 |  4634  4543   130  4136
0008:   62  461   47   39 3 |  6271  6209   330  5418
0009:  100  430   22   25 1 |  6215  6115   457  5228
0010:   67  330   16   62 1 |  6102  6035  1336  4369
0011:   87  149   13   32 3 |  3224  3137   340  2648
0012:   20  393   21   72 3 |  6381  6361  1178  4790
0013:   80  267   10   62 4 |  5531  5451  1346  3838
0014:   20  209   63   68 4 |  3762  3742   202  3331
0015:   15  492   97   54 2 |  6312  6297   382  5423
0016:   41  412   15   44 2 |  6399  6358  1045  4901
0017:   89  349   58   35 2 |  5453  5364   236  4779
0018:   29  284   77   50 4 |  4552  4523    78  4161
0019:   98  186   45   82 4 |  3633  3535   259  3090
SUM: 6508 98.09 83.87 5024.50 4179.65 0.307
