PREPRIO 2
0000:   11  330   60   40 2 |  5732  5721   187  5204
0001:   71  287   33   72 5 |  2636  2565   562  1716
0002:   17  491   14   33 3 |  5481  5464  1062  3911
0003:   34  288   95   93 2 |  5610  5576   317  4971
0004:   23  439   84   66 5 |  4190  4167   281  3447
0005:   74  454   70   89 2 |  6281  6207   732  5021
0006:   21  299   59   49 2 |  5587  5566   194  5073
0007:   65  288   42   82 4 |  3907  3842   708  2846
0008:   24  235   60   71 2 |  5141  5117   400  4482
0009:   97  394   70   74 1 |  6550  6453   375  5684
0010:   13  197   61   63 4 |  2722  2709   285  2227
0011:   13  323   35   55 4 |  3833  3820   527  2970
0012:   29  295   58   77 1 |  6326  6297   340  5662
0013:   45  499   29   31 4 |  4729  4684   594  3591
0014:   18  177   68   73 1 |  5823  5805    60  5568
0015:   87  285   79   15 2 |  5409  5322    32  5005
0016:   33  443   66   80 2 |  6182  6149   467  5239
0017:   33  292  100   96 4 |  3792  3759   528  2939
0018:   48  208   80   43 2 |  4768  4720   198  4314
0019:   17  184   50   28 1 |  5862  5845    61  5600
SUM: 6550 97.83 71.53 4989.40 4273.50 0.305
