RR 5
0000:   38  388   84   17 2 |  6081  6043   103  5552
0001:   13  227   72   89 4 |  4197  4184   260  3697
0002:   91  413   78   47 2 |  6396  6305   229  5663
0003:   81  299   90   31 4 |  5213  5132    60  4773
0004:   89  330   37   67 4 |  6034  5945   536  5079
0005:   76  287   46   37 1 |  5162  5086   199  4600
0006:   84  495   34   82 3 |  7018  6934  1351  5088
0007:   55  438   61   93 3 |  6616  6561   635  5488
0008:   49  172   91   90 3 |  3302  3253   106  2975
0009:   78  304   72   46 1 |  5525  5447   293  4850
0010:   80  167   57   69 1 |  3615  3535   304  3064
0011:   31  254   46   95 3 |  4979  4948   422  4272
0012:   62  364   62   34 3 |  5874  5812   156  5292
0013:   55  251   72   42 4 |  4667  4612   180  4181
0014:   20  456   67   12 4 |  6417  6397    53  5888
0015:    3  110   20   86 2 |  2597  2594   432  2052
0016:   91  379   57   26 2 |  6144  6053   141  5533
0017:   36  466   77   37 2 |  6470  6434   171  5797
0018:    5  420   72   56 4 |  6266  6261   223  5618
0019:   17  491   99   81 4 |  6608  6591   476  5624
SUM: 7018 95.63 62.71 5406.35 4754.30 0.285
