RR 5
0000:   23  459   91   71 2 |  5392  5369   186  4724
0001:   98  470   37   25 4 |  5612  5514   316  4728
0002:    4  371   14   42 2 |  5673  5669   933  4365
0003:   76  331   27   89 4 |  5567  5491   993  4167
0004:   52  343   95   48 4 |  4836  4784   161  4280
0005:   66  484   55   44 1 |  5679  5613   409  4720
0006:   14  185   90   56 3 |  3196  3182    72  2925
0007:   36  229   43   33 3 |  4038  4002   222  3551
0008:   21  232   19   34 3 |  4318  4297   382  3683
0009:   75  156   48   54 1 |  3210  3135   208  2771
0010:    5  235   92   10 1 |  3752  3747    24  3488
0011:   27  128   44   70 3 |  2771  2744   313  2303
0012:   11  158   25   34 3 |  3063  3052   186  2708
0013:   57  342   32   58 4 |  5301  5244   681  4221
0014:    0  461   40  100 4 |  5842  5842  1082  4299
0015:  100  278   57   91 2 |  4527  4427   353  3796
0016:   37  368   78   51 2 |  4928  4891   170  4353
0017:   91  172   57   54 2 |  3184  3093   110  2811
0018:   63  135   43   32 4 |  2677  2614    98  2381
0019:   85  160   19   83 4 |  3763  3678   573  2945
SUM: 5842 97.52 73.38 4319.40 3660.95 0.342
