PREPRIO 2
0000:    8  250   36   68 2 |  4750  4742   302  4190
0001:    3  150   48   70 5 |  1410  1407    90  1167
0002:   34  233   69   69 3 |  3706  3672   279  3160
0003:   20  273   62   36 2 |  4876  4856   183  4400
0004:   41  320   65   86 5 |  3144  3103   423  2360
0005:   75  447   82   89 2 |  5776  5701   360  4894
0006:   49  345   52   74 2 |  5488  5439   463  4631
0007:   64  222   34   99 4 |  2815  2751   440  2089
0008:   53  389   30   48 2 |  5590  5537   506  4642
0009:   23  207   35   86 1 |  5709  5686   626  4853
0010:   82  352   26   58 4 |  3615  3533   584  2597
0011:   78  438   43   92 4 |  4512  4434   732  3264
0012:   83  430   60   86 1 |  6320  6237   504  5303
0013:   81  470   61   93 4 |  4792  4711   704  3537
0014:   52  170   69   71 1 |  5275  5223   132  4921
0015:   90  345   54   89 2 |  5537  5447   500  4602
0016:   18  463  100   50 2 |  5741  5723   243  5017
0017:   77  224   29   10 4 |  2561  2484    64  2196
0018:   71  135   16   78 2 |  3234  3163   672  2356
0019:   38  100   29   32 1 |  4213  4175   118  3957
SUM: 6320 94.35 70.36 4401.20 3706.80 0.316
