PRIO 5
0000:   74  187   75   62 3 |  2567  2493   208  2098
0001:   88  363   71   88 2 |  4812  4724   311  4050
0002:   41  492   23   32 1 |  5987  5946   742  4712
0003:   85  160   19   36 3 |  1557  1472   271  1041
0004:   15  456   93   41 2 |  5166  5151   218  4477
0005:   33  107   78   44 3 |  1524  1491    27  1357
0006:   33  422   61   34 3 |  4249  4216   120  3674
0007:   41  128   47   32 1 |  4231  4190    61  4001
0008:   94  179   46   94 3 |  1969  1875   258  1438
0009:   15  363   63   72 3 |  3884  3869   336  3170
0010:   58  354   91   54 1 |  5635  5577   188  5035
0011:   15  468   22   86 1 |  6353  6338  1507  4363
0012:   84  408   57   78 2 |  5005  4921   387  4126
0013:   83  403   56   49 1 |  5730  5647   367  4877
0014:   15  154   89   56 3 |  2071  2056   126  1776
0015:   72  256   17   44 2 |  3608  3536   562  2718
0016:   97  118   24   70 1 |  3712  3615   301  3196
0017:    5  243   60   17 1 |  5159  5154    82  4829
0018:   33  435   68   91 3 |  4423  4390   574  3381
0019:   82  251   37   38 2 |  3882  3800   252  3297
SUM: 6353 93.61 71.53 4023.05 3380.80 0.315
