PREPRIO 4
0000:   94  191   99   39 2 |  4968  4874    13  4670
0001:   40  326   75   29 4 |  3913  3873   159  3388
0002:   10  305   76   61 2 |  5880  5870   256  5309
0003:   92  271   88   46 4 |  3943  3851   160  3420
0004:   95  146   51   75 4 |  1914  1819   278  1395
0005:   34  456   31   34 1 |  7106  7072   470  6146
0006:   31  497   36   96 3 |  6356  6325  1329  4499
0007:   33  405   36   93 3 |  5557  5524  1002  4117
0008:   48  446   80   41 3 |  5864  5816   239  5131
0009:   11  236   83   76 1 |  6639  6628   236  6156
0010:   18  456   73   69 1 |  7150  7132   397  6279
0011:   87  459   81   48 3 |  5932  5845   215  5171
0012:   16  286   45   17 3 |  4282  4266   109  3871
0013:   36  496   72   76 4 |  5390  5354   411  4447
0014:   72  275   23   26 4 |  2603  2531   347  1909
0015:   84  482   83   67 2 |  6684  6600   313  5805
0016:   89  414   97   76 2 |  6508  6419   299  5706
0017:   60  169   44   25 2 |  4433  4373    65  4139
0018:   38  410   21   50 4 |  4167  4129  1035  2684
0019:   36  325   72   50 4 |  3793  3757   259  3173
SUM: 7150 98.62 67.76 5102.90 4370.75 0.280
