LCFS
0000:   66  236   76   23 2 |  2701  2635    69  2330
0001:   24  333   56   95 4 |  2138  2114   624  1157
0002:   77  453   62   38 2 |  3732  3655   385  2817
0003:  100  424   54   62 4 |  1747  1647   638   585
0004:   62  487   76   27 4 |  4020  3958   144  3327
0005:    1  479   48   47 1 |  5917  5916   502  4935
0006:   14  477   78   60 3 |  5819  5805   294  5034
0007:   86  101   22   51 3 |  2799  2713   356  2256
0008:   87  256   49   14 3 |  1926  1839    83  1500
0009:   71  111   54   87 1 |  2658  2587   198  2278
0010:   20  404   27   18 1 |  5863  5843   233  5206
0011:   78  108   44   44 3 |  2311  2233    98  2027
0012:   67  303   39   15 3 |  1127  1060   118   639
0013:   82  139   63   46 4 |  1824  1742   204  1399
0014:   53  212   87   75 4 |  4579  4526   172  4142
0015:   91  468   84   22 2 |  1329  1238   127   643
0016:   64  134   67   47 2 |  3239  3175    58  2983
0017:   54  240   75   50 2 |  4496  4442   157  4045
0018:   70  380   12   35 4 |  6108  6038  1190  4468
0019:   65  160   61   13 4 |  2953  2888    27  2701
SUM: 6108 96.68 64.87 3302.70 2723.60 0.327
