PREPRIO 2
0000:   56  121   95   27 2 |  2888  2832    54  2657
0001:   50  331   12   80 5 |  3469  3419  2244   844
0002:   70  151   22   21 3 |  2237  2167   113  1903
0003:   81  500   55   71 2 |  5730  5649   639  4510
0004:   14  272   33   86 5 |  2703  2689   744  1673
0005:    8  304   11   90 2 |  5432  5424  2066  3054
0006:   64  362   18   44 2 |  5353  5289   877  4050
0007:   83  177   72   56 4 |  2358  2275   144  1954
0008:   14  374   77   72 2 |  5278  5264   446  4444
0009:   63  307   82   13 1 |  5824  5761    59  5395
0010:   87  117   20   20 4 |  1350  1263    69  1077
0011:   85  324   43   99 4 |  3674  3589   672  2593
0012:    1  478   54   61 1 |  6492  6491   579  5434
0013:   26  459   76   91 4 |  4219  4193   286  3448
0014:   30  420   38   14 1 |  6102  6072   134  5518
0015:   25  326   40   48 2 |  4952  4927   465  4136
0016:   62  280   50   21 2 |  4585  4523    79  4164
0017:    9  259   21   22 4 |  2516  2507   287  1961
0018:   96  297   99   41 2 |  4764  4668   139  4232
0019:   48  436   88   92 1 |  6266  6218   509  5273
SUM: 6492 96.97 82.95 4261.00 3416.00 0.308
