PREPRIO 4
0000:   95  143   81  100 2 |  4486  4391    85  4163
0001:   78  328   72   36 4 |  4609  4531   181  4022
0002:   53  185   67   56 2 |  5066  5013   138  4690
0003:   55  277   58   12 4 |  3636  3581    72  3232
0004:   80  476   37   95 4 |  5202  5122  1033  3613
0005:   11  103   56   24 1 |  5110  5099    63  4933
0006:   90  297   28   56 3 |  4569  4479   516  3666
0007:   79  299   40   66 3 |  5021  4942   533  4110
0008:   60  199   21   14 3 |  2741  2681   143  2339
0009:   53  282   98   95 1 |  6127  6074   261  5531
0010:   49  215   58   86 1 |  6060  6011   323  5473
0011:   60  445   37   46 3 |  5570  5510   548  4517
0012:   48  410   36   96 3 |  5517  5469   722  4337
0013:   44  235   30   70 4 |  2906  2862   652  1975
0014:   95  436   18   45 4 |  4027  3932   867  2629
0015:   59  398   79   20 2 |  5924  5865    67  5400
0016:   68  447   28   39 2 |  6150  6082   542  5093
0017:   30  259   60   58 2 |  5580  5550   321  4970
0018:   49  207   82   95 4 |  3127  3078   262  2609
0019:   76  473   39   69 4 |  5136  5060   594  3993
SUM: 6150 99.41 74.39 4766.60 4064.75 0.325
