SRTF
0000:   59  285   91   26 2 |  1516  1457    68  1104
0001:   86  434   42   51 4 |  5511  5425   461  4530
0002:    0  416   23   96 2 |  5899  5899  1513  3970
0003:    7  499   23   97 4 |  7981  7974  1899  5576
0004:   94  244   42   34 4 |  1802  1708   187  1277
0005:   28  481   63   70 1 |  4786  4758   468  3809
0006:   76  234   59   94 3 |  1122  1046   267   545
0007:    7  433   72   92 3 |  5881  5874   664  4777
0008:   94  231   56   41 3 |   826   732    87   414
0009:   86  405   73   57 1 |  3460  3374   296  2673
0010:   30  104   98   92 1 |   262   232    92    36
0011:    9  398   82   71 3 |  2815  2806   207  2201
0012:    9  371   73   90 3 |  3320  3311   476  2464
0013:   98  109   82   50 4 |   325   227    59    59
0014:   63  244   81   77 4 |  1243  1180   133   803
0015:    9  155   49   35 2 |   510   501    56   290
0016:   49  406   10   22 2 |  6339  6290   737  5147
0017:   46  392   36   45 2 |  4567  4521   601  3528
0018:   84  264   68   14 4 |  1933  1849    61  1524
0019:   23  301   40   77 4 |  3186  3163   477  2385
SUM: 7981 80.27 72.64 3116.35 2355.60 0.251
