PRIO 5
0000:   65  138   43   29 3 |  1651  1586   120  1328
0001:   17  438   19   11 2 |  4761  4744   255  4051
0002:   58  403   52   52 1 |  5758  5700   437  4860
0003:   88  323  100   32 3 |  4057  3969   109  3537
0004:   48  241   92   50 2 |  4479  4431    90  4100
0005:   52  330   96   90 3 |  4169  4117   246  3541
0006:   40  314   82   33 3 |  3923  3883   103  3466
0007:   14  110   91   17 1 |  4098  4084    24  3950
0008:   86  485   98   19 3 |  4905  4819    78  4256
0009:   44  205   24   57 3 |  2331  2287   340  1742
0010:   13  391   55   45 1 |  5760  5747   266  5090
0011:  100  446   98   67 1 |  5860  5760   346  4968
0012:   80  143   25   57 2 |  2804  2724   250  2331
0013:    3  174   53   42 1 |  4977  4974   139  4661
0014:   44  242   32   15 3 |  2574  2530    85  2203
0015:   57  382   14   75 2 |  5459  5402  1803  3217
0016:   11  165   79   36 1 |  4948  4937    29  4743
0017:   49  151   53   25 1 |  4744  4695    62  4482
0018:   39  392   56   64 3 |  4395  4356   490  3474
0019:    0  333   89   77 2 |  4994  4994   312  4349
SUM: 5860 99.08 64.16 4286.95 3717.45 0.341
