SRTF
0000:   77  352   57   13 2 |  2650  2573    74  2147
0001:   77  222   95   46 4 |  1322  1245    89   934
0002:   48  199   67   34 2 |   884   836    74   563
0003:   29  164   37   98 4 |  1326  1297   440   693
0004:   48  386   99   18 4 |  3555  3507    99  3022
0005:   59  499   31   55 1 |  6474  6415  1012  4904
0006:   46  122   32   23 3 |   414   368    99   147
0007:   46  290   57   18 3 |  1869  1823    72  1461
0008:   67  394   31   61 3 |  5213  5146   771  3981
0009:    9  165   34   54 1 |   618   609   183   261
0010:   91  105   34   66 1 |   479   388   160   123
0011:   66  259   21   30 3 |  3385  3319   563  2497
0012:    1  232   24   47 3 |  2370  2369   477  1660
0013:   20  202   68   73 4 |  1293  1273   244   827
0014:   22  494   55   37 4 |  5612  5590   364  4732
0015:   94  267   41   52 2 |  2571  2477   338  1872
0016:   79  481   72   73 2 |  5097  5018   536  4001
0017:   87  138   35   65 2 |   853   766   289   339
0018:   65  384   72   71 4 |  3545  3480   426  2670
0019:   85  470   67   71 4 |  4695  4610   405  3735
SUM: 6474 89.98 69.80 2655.45 2028.45 0.309
