LCFS
0000:   17  133   60   79 2 |  3046  3029   203  2693
0001:   60  350   36   34 4 |  3897  3837   297  3190
0002:    6  126   54   68 2 |  1669  1663   166  1371
0003:   16  130   43   77 4 |  5420  5404   228  5046
0004:   42  222   73   29 4 |  3688  3646    89  3335
0005:    1  319   26   77 1 |  2218  2217   747  1151
0006:   89  318   62   16 3 |  1254  1165    87   760
0007:   16  314   89   50 3 |  4712  4696   186  4196
0008:   83  369   52   47 3 |  2576  2493   397  1727
0009:   88  423   60   47 1 |  2192  2104   255  1426
0010:   72  112   37   10 1 |  2565  2493    26  2355
0011:   44  476   28   49 3 |  5531  5487   960  4051
0012:   23  242   44   52 3 |  4962  4939   241  4456
0013:   74  156   77   12 4 |   991   917    43   718
0014:   94  464   97   65 4 |   978   884   260   160
0015:   84  122   14   81 2 |  2537  2453   773  1558
0016:   30  370   72   10 2 |  4989  4959    59  4530
0017:   38  371   23   27 2 |  3924  3886   332  3183
0018:   63  242   16   76 4 |  3987  3924   992  2690
0019:   10  316   25   78 4 |  6236  6226   850  5060
SUM: 6236 89.40 74.74 3321.10 2682.80 0.321
