SRTF
0000:   96  365   41   81 2 |  3890  3794   679  2750
0001:   24  319   13   77 4 |  6000  5976  1639  4018
0002:   67  398   80   84 2 |  3443  3376   311  2667
0003:   17  407   66   58 4 |  4071  4054   238  3409
0004:    5  461   53   28 4 |  5982  5977   319  5197
0005:   17  206   12   24 1 |  2110  2093   349  1538
0006:   89  460   47   96 3 |  6603  6514   996  5058
0007:   39  328   84   13 3 |  2550  2511    50  2133
0008:   69  265   99   18 3 |  1112  1043    25   753
0009:   58  230   40   93 1 |  1428  1370   433   707
0010:   42  102   44   68 1 |   443   401   165   134
0011:   69  106   87   24 3 |   250   181    27    48
0012:   22  276   92   68 3 |   679   657   126   255
0013:   40  299   73   66 4 |  2109  2069   173  1597
0014:   11  278   82   35 4 |  1696  1685   119  1288
0015:   24  413   74   97 2 |  4395  4371   276  3682
0016:   94  130   19   84 2 |  1430  1336   673   533
0017:   37  427   72   71 2 |  5688  5651   585  4639
0018:   12  419   92   89 4 |  5282  5270   544  4307
0019:   88  275   52   80 4 |  2933  2845   573  1997
SUM: 6603 93.35 74.89 3058.70 2335.50 0.303
