PREPRIO 4
0000:   86  212   38   94 2 |  5246  5160   360  4588
0001:   13  337   74   38 4 |  4565  4552   163  4052
0002:   94  354   79   97 2 |  6088  5994   406  5234
0003:   92  403   40   15 4 |  4365  4273   127  3743
0004:   95  231   23   95 4 |  3121  3026   877  1918
0005:   98  200   93   17 1 |  6153  6055    18  5837
0006:  100  181   46   97 3 |  3683  3583   461  2941
0007:   56  241   60   41 3 |  4089  4033   192  3600
0008:   24  478   20   41 3 |  5668  5644  1097  4069
0009:   80  370   42   36 1 |  6572  6492   339  5783
0010:   60  460   98   28 1 |  6588  6528   115  5953
0011:   13  373   61   88 3 |  5628  5615   518  4724
0012:   59  174   67   25 3 |  3440  3381    72  3135
0013:   59  347   24   37 4 |  3455  3396   530  2519
0014:   69  419   34   79 4 |  4836  4767   814  3534
0015:   17  202   52   13 2 |  5012  4995    47  4746
0016:   99  341   39   25 2 |  5817  5718   245  5132
0017:   85  369   62   54 2 |  6089  6004   242  5393
0018:   78  496   70   32 4 |  5224  5146   208  4442
0019:   75  357   39   51 4 |  4490  4415   421  3637
SUM: 6588 99.35 62.92 4938.85 4249.00 0.304
