SRTF
0000:   28  117   99   59 2 |   290   262    86    59
0001:   76  488   60   75 4 |  6780  6704   705  5511
0002:    9  151   22   52 2 |  1150  1141   461   529
0003:    3  495   45   42 4 |  4828  4825   366  3964
0004:   17  420   69   88 4 |  3324  3307   492  2395
0005:  100  362   37   97 1 |  3516  3416   937  2117
0006:   19  149   89   53 3 |   416   397   132   116
0007:   93  340   96   51 3 |  2185  2092   308  1444
0008:   36  284   43   93 3 |  1679  1643   439   920
0009:  100  403   99   55 1 |  2810  2710   300  2007
0010:   86  479   53   42 1 |  6522  6436   500  5457
0011:   81  425   71   60 3 |  3655  3574   298  2851
0012:   28  198   59   21 3 |  1116  1088   111   779
0013:   29  464   77   17 4 |  5375  5346   155  4727
0014:   53  287   61   65 4 |  1831  1778   419  1072
0015:   73  463   32   23 2 |  5308  5235   275  4497
0016:   74  480   33   60 2 |  7208  7134   812  5842
0017:   79  129   20   10 2 |   554   475    57   289
0018:   22  445   42   24 4 |  4295  4273   242  3586
0019:   24  152   55   21 4 |   731   707    63   492
SUM: 7208 93.38 71.57 3127.15 2432.70 0.277
