RR 5
0000:   28  166   91   47 2 |  3000  2972   119  2687
0001:   38  227   96   67 4 |  3882  3844   167  3450
0002:   41  298   41   17 2 |  4555  4514   115  4101
0003:   85  427   80   92 4 |  5246  5161   317  4417
0004:   13  225   98   26 4 |  3637  3624    67  3332
0005:   33  122   41   68 1 |  2321  2288   106  2060
0006:   32  335   64   45 3 |  4868  4836   290  4211
0007:   69  162   81   31 3 |  3070  3001    73  2766
0008:   35  337   36   96 3 |  5190  5155   807  4011
0009:    0  262   36   72 1 |  4418  4418   470  3686
0010:   53  407   96   63 1 |  5152  5099   225  4467
0011:   39  484   14   73 3 |  6549  6510  2219  3807
0012:   47  306   43   77 3 |  4904  4857   515  4036
0013:   87  496   16   36 4 |  6023  5936  1301  4139
0014:   55  238   76   67 4 |  4077  4022   154  3630
0015:   66  121   90   85 2 |  2239  2173    31  2021
0016:    5  415   86   14 2 |  5091  5086    46  4625
0017:   77  324   41   90 2 |  5136  5059   707  4028
0018:   55  160   53   23 4 |  3179  3124    66  2898
0019:   21  155   45   98 4 |  3216  3195   373  2667
SUM: 6549 86.53 77.25 4243.70 3551.95 0.305
