PRIO 5
0000:   87  260   84   69 3 |  3338  3251   269  2722
0001:   49  300   25   92 2 |  4950  4901  1140  3461
0002:   41  291   52   40 1 |  6016  5975   173  5511
0003:   14  437   81   31 3 |  4863  4849   221  4191
0004:   52  484   48   74 2 |  5880  5828   777  4567
0005:   43  260   63   11 3 |  3422  3379    53  3066
0006:   67  315   81   23 3 |  4196  4129    30  3784
0007:    4  409   16   55 1 |  6804  6800  1609  4782
0008:   47  389   75   42 3 |  4697  4650   119  4142
0009:   12  363   31   52 3 |  4105  4093   728  3002
0010:   23  254   20   23 1 |  5684  5661   225  5182
0011:   88  239   18   68 1 |  5850  5762   715  4808
0012:   49  278   13   77 2 |  4524  4475  1582  2615
0013:   97  269   10   82 1 |  6251  6154  2000  3885
0014:   40  344   98   23 3 |  4059  4019    80  3595
0015:   96  349   50   98 2 |  5302  5206   492  4365
0016:   15  331   50   33 1 |  6049  6034   107  5596
0017:   27  242   68   30 1 |  5798  5771    99  5430
0018:   91  154   66   95 3 |  2264  2173   239  1780
0019:    5  235   80   57 2 |  4624  4619   108  4276
SUM: 6804 91.17 83.41 4886.45 4038.00 0.294
