PREPRIO 2
0000:   42  392   68   79 2 |  5981  5939   283  5264
0001:   18  374   99   31 5 |  3396  3378   159  2845
0002:   58  263   48   26 3 |  3746  3688   153  3272
0003:   31  425   67   11 2 |  5925  5894    80  5389
0004:   18  354   89   98 5 |  3504  3486   162  2970
0005:   51  423   10   51 2 |  6414  6363  2108  3832
0006:   15  339   20   96 2 |  5853  5838  1153  4346
0007:   99  207   71   61 4 |  2740  2641    79  2355
0008:   30  336   22   99 2 |  6132  6102  1826  3940
0009:   92  350   64   96 1 |  6576  6484   359  5775
0010:   12  132   60   28 4 |  1700  1688    41  1515
0011:   37  299   19   44 4 |  3221  3184   781  2104
0012:   86  121   57   50 1 |  4642  4556    95  4340
0013:   57  254   34   19 4 |  2949  2892   159  2479
0014:   14  443   64   77 1 |  6769  6755   415  5897
0015:   77  435   33   85 2 |  6198  6121   930  4756
0016:    4  373   79   82 2 |  5818  5814   331  5110
0017:   91  404   89   67 4 |  4274  4183   133  3646
0018:   80  429   30   85 2 |  6309  6229  1142  4658
0019:   92  296   10   20 1 |  6495  6403   597  5510
SUM: 6769 98.23 80.09 4881.90 4000.15 0.295
