PREPRIO 4
0000:   54  418   93   44 2 |  4960  4906   174  4314
0001:   57  235   43   50 4 |  2985  2928   324  2369
0002:   72  185   31   84 2 |  4278  4206   436  3585
0003:   88  466   23   44 4 |  4313  4225  1057  2702
0004:   29  186   13   53 4 |  1644  1615   672   757
0005:    1  144   71   51 1 |  4699  4698    28  4526
0006:    2  112   13   49 3 |  1553  1551   367  1072
0007:   46  299   32   39 3 |  4015  3969   347  3323
0008:   47  127   27   24 3 |  2136  2089    83  1879
0009:   34  499   38   70 1 |  5973  5939   849  4591
0010:   66  459   66   13 1 |  5288  5222   119  4644
0011:   86  121   37   95 3 |  2232  2146   307  1718
0012:   11  227   44   70 3 |  3417  3406   368  2811
0013:   16  428   58   74 4 |  4354  4338   398  3512
0014:   66  476   63   50 4 |  4559  4493   283  3734
0015:   32  123   87   41 2 |  3488  3456    46  3287
0016:   56  185   37   39 2 |  4176  4120    98  3837
0017:   41  101   39   68 2 |  3066  3025   230  2694
0018:   81  365   60   60 4 |  4146  4065   387  3313
0019:   90  316   62   90 4 |  3691  3601   460  2825
SUM: 5973 91.61 70.45 3699.90 3074.65 0.335
