FCFS
0000:   29  196   48   83 2 |  5046  5017   530  4291
0001:   98  245   99   46 4 |  3706  3608   128  3235
0002:   22  472   97   74 2 |  4617  4595   517  3606
0003:   49  465   12   35 4 |  6777  6728  1450  4813
0004:   10  494   31   79 4 |  6001  5991  1069  4428
0005:    0  436   21   74 1 |  6144  6144  1348  4360
0006:   33  144   17   16 3 |  4965  4932   135  4653
0007:   74  139   78   33 3 |  1721  1647    13  1495
0008:   63  288   78   90 3 |  3946  3883   251  3344
0009:   10  355   50   83 1 |  4775  4765   648  3762
0010:   95  194   62   31 1 |  4418  4323   170  3959
0011:   70  491   62   18 3 |  4958  4888   164  4233
0012:    1  289   96   65 3 |  2763  2762   178  2295
0013:   73  192   80   65 4 |  3668  3595   122  3281
0014:   99  109   88   17 4 |  1885  1786    15  1662
0015:   87  257   79   92 2 |  2904  2817   137  2423
0016:   24  349   95   50 2 |  3723  3699   172  3178
0017:   11  161   28   83 2 |  4564  4553   539  3853
0018:   22  326   95   11 4 |  2837  2815    14  2475
0019:   28  333   95   60 4 |  3573  3545   173  3039
SUM: 6777 87.58 69.03 4104.65 3419.25 0.295
