LCFS
0000:   69  331   41   67 2 |  3103  3034   455  2248
0001:   75  206   14   75 4 |  1905  1830   782   842
0002:   88  264   87   50 2 |   872   784   162   358
0003:   19  249   18  100 4 |  6837  6818  1373  5196
0004:   42  358   43   87 4 |  5173  5131   730  4043
0005:   32  296   94   33 1 |   678   646   159   191
0006:   80  177   27   53 3 |  1844  1764   316  1271
0007:    0  444   42   72 3 |  3416  3416   844  2128
0008:   48  446   53   14 3 |  3067  3019    90  2483
0009:   38  290   51   78 1 |  6061  6023   579  5154
0010:   82  463   19   41 1 |  5643  5561   793  4305
0011:   48  289   53   84 3 |  3478  3430   410  2731
0012:   41  397   19   47 3 |  6284  6243   941  4905
0013:    3  332   24   42 4 |  6666  6663   597  5734
0014:   15  194   67   19 4 |  5511  5496    18  5284
0015:   35  213   81   47 2 |  4761  4726   137  4376
0016:    5  384   69   13 2 |  3901  3896    72  3440
0017:   40  304   85   81 2 |  4464  4424   260  3860
0018:   69  332   39   74 4 |  3215  3146   675  2139
0019:   84  440   96   90 4 |  1732  1648   298   910
SUM: 6837 93.74 81.85 3884.90 3079.90 0.293
