RR 2
0000:    2  236   82   90 2 |  4165  4163   271  3656
0001:   53  370   65   74 4 |  5779  5726   340  5016
0002:   31  338   19   88 2 |  6144  6113  1591  4184
0003:   55  166   90   53 4 |  3304  3249   169  2914
0004:   30  189   41   31 4 |  3625  3595   160  3246
0005:   87  340   76   69 1 |  5519  5432   229  4863
0006:   81  351   15   24 3 |  5909  5828   593  4884
0007:   34  419   59   25 3 |  5889  5855   147  5289
0008:   63  292   84   58 3 |  4976  4913   210  4411
0009:   30  500   46   21 1 |  6089  6059   194  5365
0010:   26  324   15   12 1 |  5510  5484   262  4898
0011:    1  273   23   88 3 |  5144  5143   843  4027
0012:   13  483   55   64 3 |  6099  6086   614  4989
0013:   43  358   18   29 4 |  5781  5738   456  4924
0014:   78  178  100   90 4 |  3498  3420   183  3059
0015:  100  367   81   58 2 |  5752  5652   287  4998
0016:   28  311   22   31 2 |  5393  5365   453  4601
0017:   64  142   26   23 2 |  2933  2869   177  2550
0018:   16  214   49   62 4 |  4006  3990   298  3478
0019:   41  244   81   67 4 |  4532  4491   306  3941
SUM: 6144 99.20 75.21 4958.55 4264.65 0.326
