PRIO 5
0000:  100  402   76   19 3 |  4445  4345    75  3868
0001:   31  309   76   69 2 |  4707  4676   298  4069
0002:   17  210   87   14 1 |  5191  5174    25  4939
0003:   40  260   16   18 3 |  1773  1733   357  1116
0004:   73  236   95   92 2 |  4349  4276   255  3785
0005:   45  120   15   73 3 |  1412  1367   471   776
0006:    2  289   52   59 3 |  3410  3408   232  2887
0007:   27  198   44   27 1 |  5025  4998   182  4618
0008:   20  359   28   82 3 |  3946  3926   895  2672
0009:   80  208   32   20 3 |  2134  2054   144  1702
0010:   29  223   85   64 1 |  5337  5308   166  4919
0011:   39  426   24   33 1 |  5948  5909   579  4904
0012:   95  397   14   29 2 |  4644  4549   822  3330
0013:   37  239   62   91 1 |  5440  5403   175  4989
0014:   60  243   55   71 3 |  2845  2785   407  2135
0015:   75  229   80   76 2 |  4191  4116   167  3720
0016:   13  434   61   86 1 |  6188  6175   836  4905
0017:   74  492   37   61 1 |  6178  6104   816  4796
0018:   74  321   52   57 3 |  3706  3632   422  2889
0019:   78  422   68   87 2 |  5336  5258   488  4348
SUM: 6188 97.24 72.54 4259.80 3568.35 0.323
