PRIO 2
0000:   29  454   23   52 2 |  6105  6076   948  4674
0001:   58  249   16   11 4 |  2421  2363   144  1970
0002:  100  125   60   43 2 |  3464  3364   168  3071
0003:   19  330   41   83 4 |  3972  3953   788  2835
0004:  100  489   23   77 4 |  5055  4955  1373  3093
0005:   41  337   69   23 1 |  6231  6190   120  5733
0006:   39  417   86   71 3 |  5166  5127   304  4406
0007:   99  178   30   19 3 |  3066  2967   129  2660
0008:   32  107   42   95 3 |  2124  2092   108  1877
0009:   59  277   53   44 1 |  6130  6071   270  5524
0010:   29  490   64   53 1 |  6596  6567   336  5741
0011:   65  484   79   73 3 |  5480  5415   335  4596
0012:   10  250   94   50 3 |  3940  3930    87  3593
0013:   56  195   13   65 4 |  2384  2328   952  1181
0014:   24  436   83   44 4 |  4582  4558   252  3870
0015:   94  170   17   37 2 |  3877  3783   257  3356
0016:   28  478   72   34 2 |  6001  5973   235  5260
0017:  100  454   30   94 2 |  6453  6353  1534  4365
0018:   17  236   53   54 4 |  3168  3151   207  2708
0019:   67  270   30   25 4 |  3310  3243   235  2738
SUM: 6596 97.42 72.74 4422.95 3662.55 0.303
