RR 2
0000:   62  316   18   43 2 |  4963  4901   700  3885
0001:   43  403   47   29 4 |  5070  5027   234  4390
0002:   14  291   19   24 2 |  4464  4450   381  3778
0003:   54  436   41   46 4 |  5278  5224   456  4332
0004:   18  235   18   21 4 |  3893  3875   233  3407
0005:    4  107   47   51 1 |  1777  1773    84  1582
0006:   27  173   52   21 3 |  2983  2956    67  2716
0007:   10  114   92   17 3 |  1982  1972    28  1830
0008:   76  457   89   88 3 |  5299  5223   573  4193
0009:   71  229   38   55 1 |  3908  3837   369  3239
0010:   77  370   97   34 1 |  4896  4819   172  4277
0011:   63  463   11   74 3 |  6653  6590  2698  3429
0012:   90  260   22   66 3 |  4626  4536   811  3465
0013:   72  267   18   40 4 |  4592  4520   679  3574
0014:   42  491   74   73 4 |  5352  5310   402  4417
0015:   16  111   95   72 2 |  1916  1900     5  1784
0016:   53  230   99   18 2 |  3681  3628    42  3356
0017:   38  143   33   91 2 |  2848  2810   392  2275
0018:   29  241   27   96 4 |  4503  4474   905  3328
0019:   64  165   85   19 4 |  2879  2815    16  2634
SUM: 6653 82.70 79.74 4032.00 3294.55 0.301
