PRIO 5
0000:   89  168   87   18 3 |  2604  2515    24  2323
0001:    5  170   71   14 2 |  3638  3633    39  3424
0002:   57  107   10   26 1 |  3442  3385   297  2981
0003:   56  416   13   52 3 |  3960  3904  1851  1637
0004:   58  465   43   24 2 |  5202  5144   186  4493
0005:  100  321   94   22 3 |  4128  4028    66  3641
0006:   55  285   69   43 3 |  3621  3566   164  3117
0007:   28  454   89   73 1 |  6018  5990   470  5066
0008:   75  256   41   81 3 |  3409  3334   338  2740
0009:   87  223   94   20 3 |  3093  3006    43  2740
0010:   70  168   97   58 1 |  4824  4754    25  4561
0011:   44  355   75   48 1 |  5761  5717   353  5009
0012:   30  178   13   18 2 |  2460  2430   228  2024
0013:   98  413   99   68 1 |  5858  5760   236  5111
0014:   85  349   10   89 3 |  3885  3800  2943   508
0015:   75  421   14  100 2 |  6415  6340  3250  2669
0016:   94  208   89   84 1 |  5292  5198   244  4746
0017:   18  194   30   39 1 |  5067  5049   195  4660
0018:   20  435   29   74 3 |  4363  4343   939  2969
0019:   20  361   68   99 2 |  5189  5169   863  3945
SUM: 6415 92.70 93.61 4353.25 3418.20 0.312
