RR 2
0000:    1  298   26   92 2 |  6115  6114   996  4820
0001:   23  359   49   73 4 |  6415  6392   505  5528
0002:   66  307   50   22 2 |  5671  5605   143  5155
0003:   35  347   80   81 4 |  6313  6278   458  5473
0004:    0  406   86  100 4 |  6666  6666   435  5825
0005:   57  310  100  100 1 |  5722  5665   219  5136
0006:   18  219   56   43 3 |  4112  4094   179  3696
0007:   46  265   32   13 3 |  5042  4996   127  4604
0008:   61  470   43  100 3 |  7141  7080  1000  5610
0009:   33  270   85   36 1 |  4983  4950    63  4617
0010:   48  384   51   14 1 |  6472  6424   130  5910
0011:   41  317   35   66 3 |  6031  5990   449  5224
0012:   86  449   30   96 3 |  7083  6997  1133  5415
0013:   97  131   50   83 4 |  2690  2593   136  2326
0014:   98  343   53   34 4 |  6163  6065   172  5550
0015:   28  358   86   31 2 |  6223  6195   128  5709
0016:   81  482   48   10 2 |  6837  6756   103  6171
0017:   42  335   15   23 2 |  6407  6365   468  5562
0018:   45  450   95   45 4 |  6755  6710   141  6119
0019:    5  460   41   30 4 |  6811  6806   272  6074
SUM: 7141 97.47 63.79 5937.05 5226.20 0.280
