PRIO 2
0000:   16  274   73   81 2 |  4798  4782   470  4038
0001:   22  297   70   70 4 |  3613  3591   326  2968
0002:    5  369   99   94 2 |  5232  5227   397  4461
0003:    8  195   55   67 4 |  2597  2589   231  2163
0004:   21  105   54   74 4 |  1394  1373   137  1131
0005:   72  447   60   41 1 |  5659  5587   287  4853
0006:   55  167   89   24 3 |  2822  2767    41  2559
0007:   74  366   96   95 3 |  4593  4519   350  3803
0008:   33  125   44   99 3 |  2294  2261   395  1741
0009:   96  103   87   99 1 |  4243  4147    10  4034
0010:   86  313   18   99 1 |  6138  6052  1449  4290
0011:   78  296   83   63 3 |  4189  4111   162  3653
0012:   18  188   46   55 3 |  3290  3272   242  2842
0013:   48  257   81   26 4 |  3231  3183    96  2830
0014:   62  304   56   48 4 |  3661  3599   226  3069
0015:   89  368   63   53 2 |  5141  5052   427  4257
0016:   82  385  100   25 2 |  5125  5043    80  4578
0017:   32  160   28   43 2 |  3721  3689   298  3231
0018:    8  485   14   85 4 |  5355  5347  2762  2100
0019:   88  413   79   15 4 |  4110  4022    99  3510
SUM: 6138 91.51 80.19 4010.65 3305.55 0.326
