RR 5
0000:   54  113   93   84 2 |  2012  1958    63  1782
0001:   72  150   21   72 4 |  2976  2904   287  2467
0002:   28  298   25   68 2 |  5495  5467   755  4414
0003:   22  383   10   91 4 |  7313  7291  3354  3554
0004:   78  272   90   65 4 |  4522  4444   151  4021
0005:    5  257  100   77 1 |  4076  4071   177  3637
0006:   25  224   81   41 3 |  3789  3764    75  3465
0007:   89  412   99   54 3 |  5668  5579   290  4877
0008:   15  300   98   21 3 |  4547  4532    29  4203
0009:   72  474   38   56 1 |  5957  5885   651  4760
0010:  100  382   99   66 1 |  5509  5409   229  4798
0011:   71  326   27   77 3 |  5695  5624   951  4347
0012:   80  453   36   18 3 |  5836  5756   248  5055
0013:   84  158   42   90 4 |  3568  3484   581  2745
0014:   32  240   68   55 4 |  4211  4179   200  3739
0015:    7  301   64   42 2 |  4766  4759   264  4194
0016:   37  217   15   95 2 |  4871  4834  1061  3556
0017:   34  413  100   61 2 |  5667  5633   257  4963
0018:   82  287   26   87 4 |  5442  5360   981  4092
0019:   17  389   41   95 4 |  5976  5959  1096  4474
SUM: 7313 82.72 85.37 4844.60 3957.15 0.273
