LCFS
0000:   66  332   35   84 2 |  3191  3125   886  1907
0001:   50  475   25   89 4 |  6075  6025  1399  4151
0002:   48  322   42   57 2 |  4637  4589   385  3882
0003:    0  263   47   72 4 |  1622  1622   500   859
0004:   53  445   88   16 4 |  2737  2684    98  2141
0005:   10  316   37   93 1 |  6873  6863   843  5704
0006:   22  174   69   12 3 |  5350  5328    17  5137
0007:   13  341   76   69 3 |  5972  5959   169  5449
0008:   15  217   83   78 3 |  5808  5793   234  5342
0009:   96  347   70   89 1 |  1420  1324   418   559
0010:    8  335   17   41 1 |  7173  7165   828  6002
0011:   40  203   74   17 3 |   415   375    45   127
0012:   61  209   75   64 3 |  2952  2891   269  2413
0013:   90  315   10   45 4 |  6489  6399  1425  4659
0014:   43  466   89   30 4 |  5006  4963   149  4348
0015:   84  432   49   23 2 |  1553  1469   182   855
0016:   31  308   23   69 2 |  4990  4959   892  3759
0017:   98  488   84   78 2 |  2007  1909   498   923
0018:   61  144   25   22 4 |  2373  2312    83  2085
0019:   46  480   45   44 4 |  4412  4366   347  3539
SUM: 7173 92.18 75.62 4006.00 3192.05 0.279
