PREPRIO 4
0000:   60  316   85   39 2 |  5701  5641   187  5138
0001:   14  220   71   61 4 |  3094  3080   129  2731
0002:   60  481   71  100 2 |  6283  6223   658  5084
0003:   21  414   85   12 4 |  4604  4583    66  4103
0004:   54  460   13   44 4 |  3057  3003  1412  1131
0005:   52  172   63   13 1 |  5868  5816    23  5621
0006:   61  431   79   24 3 |  5414  5353   197  4725
0007:   25  111   65   19 3 |  2341  2316    30  2175
0008:   14  486   47   34 3 |  5532  5518   372  4660
0009:   32  198   81   39 1 |  5905  5873   120  5555
0010:   63  333   65   81 1 |  6258  6195   298  5564
0011:   28  186   79   25 3 |  3613  3585    32  3367
0012:   28  171   61   88 3 |  3529  3501   169  3161
0013:    3  266   10   27 4 |  1553  1550   759   525
0014:    9  466   69   49 4 |  4946  4937   287  4184
0015:   79  219   15   60 2 |  4666  4587   852  3516
0016:   28  451   11   14 2 |  5730  5702   612  4639
0017:   81  304   91   99 2 |  5843  5762   489  4969
0018:   49  351   36   18 4 |  3791  3742   136  3255
0019:   79  144   63   87 4 |  2296  2217   226  1847
SUM: 6283 98.36 71.91 4459.20 3797.50 0.318
