LCFS
0000:   17  253   97   97 2 |  4656  4639   258  4128
0001:   46  251   87   16 4 |  2776  2730    45  2434
0002:    3  273   11   25 2 |  6315  6312   557  5482
0003:   19  468   77   55 4 |  4404  4385   309  3608
0004:   17  163   87   86 4 |  4045  4028   152  3713
0005:   61  132   23   92 1 |  1104  1043   579   332
0006:   71  315   25   72 3 |  3017  2946   897  1734
0007:   19  119   47   80 3 |  3441  3422   100  3203
0008:   28  146   38   39 3 |  3432  3404   127  3131
0009:   10  408   54   92 1 |  1838  1828   674   746
0010:   15  229   47   42 1 |  5567  5552   263  5060
0011:   14  344   79   66 3 |  5593  5579   256  4979
0012:   49  385   85   82 3 |  3000  2951   225  2341
0013:   18  458   40   52 4 |  4996  4978   502  4018
0014:   43  258   63   88 4 |  1365  1322   315   749
0015:   21  312   45   75 2 |  1971  1950   377  1261
0016:   52  371   99   85 2 |  2378  2326   251  1704
0017:  100  351   38   73 2 |  2304  2204   680  1173
0018:   34  224   96   79 4 |  3012  2978   227  2527
0019:   11  345   88   46 4 |  5398  5387   188  4854
SUM: 6315 91.92 68.61 3498.20 2858.85 0.317
