PRIO 2
0000:   47  305   60   66 2 |  5870  5823   324  5194
0001:    3  395   87   99 4 |  5206  5203   651  4157
0002:   78  270   43   46 2 |  5590  5512   317  4925
0003:   38  407   89   28 4 |  5133  5095   158  4530
0004:   75  338   57   49 4 |  4415  4340   525  3477
0005:   87  394   35   29 1 |  6408  6321   346  5581
0006:   49  271   24   81 3 |  4692  4643   802  3570
0007:   24  323   48   85 3 |  5318  5294   461  4510
0008:   62  341   35   22 3 |  5209  5147   172  4634
0009:   83  107   64   80 1 |  5393  5310    69  5134
0010:   68  196   99   39 1 |  5956  5888    87  5605
0011:   48  290   71   20 3 |  5075  5027    67  4670
0012:   75  246   45   82 3 |  4334  4259   438  3575
0013:    5  151   97   27 4 |  2134  2129    26  1952
0014:    8  453   57   50 4 |  5378  5370   478  4439
0015:   33  301   45   78 2 |  5819  5786   547  4938
0016:   53  277   98   21 2 |  5672  5619    60  5282
0017:   78  463   25   25 2 |  6115  6037   483  5091
0018:   28  416   91   33 4 |  5305  5277   153  4708
0019:   85  297   83   79 4 |  4183  4098   341  3460
SUM: 6408 97.39 67.85 5108.90 4471.60 0.312
