RR 5
0000:   69  499   21   49 2 |  6232  6163  1460  4204
0001:   59  380   87   10 4 |  5263  5204    23  4801
0002:   64  107   73   71 2 |  2195  2131   198  1826
0003:   61  426   84   45 4 |  5424  5363   144  4793
0004:   20  386   94   68 4 |  5313  5293   263  4644
0005:   93  368   92   64 1 |  5233  5140   159  4613
0006:   76  164   66   72 3 |  3294  3218   201  2853
0007:   33  319   22   56 3 |  5353  5320   705  4296
0008:   50  280   33   74 3 |  5019  4969   613  4076
0009:   76  245   85   19 1 |  4045  3969    24  3700
0010:    8  370   14   88 1 |  6125  6117  2038  3709
0011:   51  379   98   25 3 |  5291  5240    74  4787
0012:   85  149   97   75 3 |  2840  2755   155  2451
0013:   98  130   23   10 4 |  2766  2668    51  2487
0014:   67  330   69   26 4 |  4966  4899   124  4445
0015:   20  224   43   14 2 |  3841  3821    77  3520
0016:   68  238   43   18 2 |  4207  4139    97  3804
0017:   51  227   82   98 2 |  3845  3794   134  3433
0018:   16  370   63   35 4 |  5330  5314   196  4748
0019:   56  136   13   73 4 |  3782  3726   661  2929
SUM: 6232 91.90 72.72 4462.15 3805.95 0.321
