RR 5
0000:   28  117   99   59 2 |  2203  2175    34  2024
0001:   76  488   60   75 4 |  6707  6631   536  5607
0002:    9  151   22   52 2 |  3335  3326   342  2833
0003:    3  495   45   42 4 |  6613  6610   365  5750
0004:   17  420   69   88 4 |  6405  6388   535  5433
0005:  100  362   37   97 1 |  6279  6179   847  4970
0006:   19  149   89   53 3 |  2564  2545    15  2381
0007:   93  340   96   51 3 |  5243  5150   106  4704
0008:   36  284   43   93 3 |  4960  4924   390  4250
0009:  100  403   99   55 1 |  5962  5862   225  5234
0010:   86  479   53   42 1 |  6638  6552   393  5680
0011:   81  425   71   60 3 |  6445  6364   447  5492
0012:   28  198   59   21 3 |  3596  3568    99  3271
0013:   29  464   77   17 4 |  6430  6401   135  5802
0014:   53  287   61   65 4 |  4981  4928   324  4317
0015:   73  463   32   23 2 |  6689  6616   318  5835
0016:   74  480   33   60 2 |  6984  6910  1168  5262
0017:   79  129   20   10 2 |  2874  2795    54  2612
0018:   22  445   42   24 4 |  6460  6438   263  5730
0019:   24  152   55   21 4 |  2865  2841    53  2636
SUM: 6984 96.38 60.65 5160.15 4491.15 0.286
