RR 5
0000:    2  426   46   65 2 |  6366  6364   540  5398
0001:   70  358   16   83 4 |  6706  6636  1603  4675
0002:    5  289   45   90 2 |  5344  5339   651  4399
0003:   50  184   53   23 4 |  3577  3527    71  3272
0004:   19  159   62   13 4 |  2885  2866    20  2687
0005:   54  356   80   84 1 |  5736  5682   307  5019
0006:   62  414   44   25 3 |  6285  6223   244  5565
0007:   27  474   38   59 3 |  6670  6643   860  5309
0008:   36  320   80   98 3 |  5387  5351   357  4674
0009:   13  232   48   14 1 |  4198  4185    89  3864
0010:   97  416   47   75 1 |  6330  6233   544  5273
0011:   93  201   69   98 3 |  4017  3924   345  3378
0012:   42  280   26   37 3 |  5501  5459   530  4649
0013:   13  270   39   33 4 |  4730  4717   179  4268
0014:    5  435   55   88 4 |  6299  6294   445  5414
0015:   75  443   92   31 2 |  6161  6086    74  5569
0016:   22  217   53   65 2 |  4230  4208   384  3607
0017:   48  416   19   15 2 |  6406  6358   309  5633
0018:   72  174   72   20 4 |  3326  3254    51  3029
0019:   80  485   54   32 4 |  6456  6376   190  5701
SUM: 6706 97.66 67.31 5286.25 4569.15 0.298
