PRIO 2
0000:   43  165   60   34 2 |  3874  3831    98  3568
0001:   79  157   54   73 4 |  2372  2293   183  1953
0002:   30  366   82   81 2 |  5034  5004   373  4265
0003:    3  216   98   69 4 |  3018  3015   192  2607
0004:   47  213   86   53 4 |  2968  2921    55  2653
0005:   40  305   61   40 1 |  5164  5124   166  4653
0006:   25  229   66   93 3 |  3598  3573   188  3156
0007:   94  309   59   97 3 |  4475  4381   650  3422
0008:   45  334   41   54 3 |  4435  4390   353  3703
0009:   60  168   74   47 1 |  4858  4798   117  4513
0010:    8  212   58   70 1 |  5064  5056   273  4571
0011:    6  407   13   28 3 |  4355  4349   774  3168
0012:   14  477   83   73 3 |  4933  4919   429  4013
0013:   40  344   73   84 4 |  4056  4016   481  3191
0014:  100  322   12   42 4 |  3097  2997   987  1688
0015:   71  104   65   19 2 |  2851  2780    22  2654
0016:   29  300   82   36 2 |  4701  4672   107  4265
0017:   48  182   42   11 2 |  3826  3778    48  3548
0018:   25  191   70   58 4 |  2767  2742   232  2319
0019:   43  106   86   43 4 |  1485  1442    40  1296
SUM: 5164 98.90 69.38 3804.05 3260.30 0.387
