PREPRIO 2
0000:   57  295   50   92 2 |  5505  5448   470  4683
0001:   16  222   12   63 5 |  1985  1969  1092   655
0002:   36  190   89   81 3 |  3119  3083   112  2781
0003:   53  259   29   78 2 |  5145  5092   718  4115
0004:   59  114   18   40 5 |   958   899   229   556
0005:   31  301   69   49 2 |  5358  5327   170  4856
0006:    0  376   26   69 2 |  5791  5791   705  4710
0007:   19  238   57   36 4 |  2875  2856   100  2518
0008:   81  248   29   36 2 |  5019  4938   358  4332
0009:   37  328   62   95 1 |  6579  6542   669  5545
0010:   52  454   37   41 4 |  4532  4480   465  3561
0011:   85  479   37   26 4 |  4698  4613   293  3841
0012:   64  320   88   96 1 |  6415  6351   345  5686
0013:   91  490   62   60 4 |  4864  4773   524  3759
0014:   10  476   64   74 1 |  6799  6789   608  5705
0015:   56  466   98   11 2 |  5936  5880    46  5368
0016:   83  154   92   95 2 |  3779  3696   211  3331
0017:   95  441   23   34 4 |  4063  3968   659  2868
0018:    2  494   35   60 2 |  6245  6243   794  4955
0019:  100  181   68   55 1 |  5717  5617    34  5402
SUM: 6799 95.98 74.51 4717.75 3961.35 0.294
