FCFS
0000:  100  194   66   96 2 |  3353  3253   269  2790
0001:   29  210   25   82 4 |  4990  4961   485  4266
0002:   39  436   42   96 2 |  5523  5484   762  4286
0003:   18  243   80   50 4 |  3829  3811   202  3366
0004:   24  369   21   71 4 |  6382  6358  1444  4545
0005:    2  254   44   55 1 |  4478  4476   256  3966
0006:   22  242   41   90 3 |  3864  3842   231  3369
0007:   72  344   92   72 3 |  4897  4825   395  4086
0008:   57  375   74   75 3 |  4754  4697   426  3896
0009:   53  249   72   37 1 |  3442  3389   126  3014
0010:   54  347   83   85 1 |  4516  4462   493  3622
0011:   54  385   94   65 3 |  4688  4634   333  3916
0012:   27  482   28   89 3 |  6123  6096  1222  4392
0013:   20  165   96   89 4 |  1615  1595    67  1363
0014:   93  126   38   51 4 |  3787  3694   163  3405
0015:   54  196   50   32 2 |  3940  3886   120  3570
0016:   35  309   62   21 2 |  4160  4125    61  3755
0017:   82  157   28   44 2 |  4989  4907   250  4500
0018:   43  487   62   87 4 |  5295  5252   617  4148
0019:   78  243   51   43 4 |  4634  4556   185  4128
SUM: 6382 91.08 80.52 4415.15 3719.15 0.313
