PREPRIO 2
0000:   26  238   91   30 2 |  4165  4139    65  3836
0001:   64  254   77   62 5 |  2581  2517   139  2124
0002:   75  113   20   10 3 |  1862  1787    50  1624
0003:   73  177   12   97 2 |  3997  3924  1229  2518
0004:    7  488   97   73 5 |  3833  3826   201  3137
0005:   94  483   53   39 2 |  5106  5012   306  4223
0006:   29  446   96   48 2 |  5053  5024   259  4319
0007:   93  334   14   78 4 |  3788  3695  1777  1584
0008:   14  243   62   46 2 |  4237  4223   128  3852
0009:   71  366   15   64 1 |  5825  5754  1259  4129
0010:    0  178   52   32 4 |  1962  1962    68  1716
0011:   74  280   36   48 4 |  3118  3044   290  2474
0012:   94  463   37   53 1 |  5683  5589   668  4458
0013:   15  104   23   93 4 |  1222  1207   426   677
0014:   84  214   79   93 1 |  4930  4846   107  4525
0015:   85  327   63   49 2 |  4706  4621   223  4071
0016:   67  124   93   39 2 |  3008  2941    20  2797
0017:   55  327   35   18 4 |  3159  3104   180  2597
0018:   21  180   48   88 2 |  3794  3773   242  3351
0019:   41  120   27   89 1 |  4268  4227   396  3711
SUM: 5825 93.72 78.16 3760.75 3086.15 0.343
