LCFS
0000:   99  319   84   24 2 |  1010   911   114   478
0001:   83  191   62   18 4 |  1851  1768    56  1521
0002:   82  317   55   49 2 |  2343  2261   206  1738
0003:   72  261   17   91 4 |  6330  6258  1373  4624
0004:   64  274   17   19 4 |  5030  4966   364  4328
0005:   13  219   79   90 1 |  6544  6531   320  5992
0006:   31  409   57   54 3 |  6103  6072   364  5299
0007:   16  437   91   94 3 |  6551  6535   538  5560
0008:    6  379   54   46 3 |  3210  3204   242  2583
0009:   93  428   24   82 1 |  3904  3811  1627  1756
0010:   86  449   53   42 1 |  2758  2672   400  1823
0011:   54  290   99   12 3 |  3587  3533    25  3218
0012:   48  476   64  100 3 |  6864  6816   829  5511
0013:   80  202   75   29 4 |  2251  2171    62  1907
0014:   72  438   94   40 4 |   837   765   118   209
0015:   34  118   49   67 2 |  5455  5421   130  5173
0016:   58  305  100   16 2 |  1251  1193    55   833
0017:   49  480   94   42 2 |  4915  4866   172  4214
0018:   82  393   22   64 4 |  5115  5033   830  3810
0019:   50  235   46   27 4 |  4152  4102   139  3728
SUM: 6864 96.45 70.32 3944.45 3215.25 0.291
