SRTF
0000:   24  366   78   94 2 |  4070  4046   499  3181
0001:   87  148   11   62 4 |  2356  2269   994  1127
0002:   72  452   19   47 2 |  6179  6107  1214  4441
0003:   24  390   67   19 4 |  4116  4092   123  3579
0004:    6  298   29   70 4 |  3358  3352   455  2599
0005:   49  210   77   40 1 |  1150  1101    66   825
0006:   90  348   83   35 3 |  3001  2911   143  2420
0007:    0  303   62   45 3 |  2633  2633   236  2094
0008:   30  337   23   35 3 |  4799  4769   662  3770
0009:   94  182  100   36 1 |   795   701     5   514
0010:   18  285   87   32 1 |  1808  1790   111  1394
0011:   90  387   11   24 3 |  5803  5713   810  4516
0012:   63  165   98   95 3 |   825   762   215   382
0013:   80  246   29   94 4 |  3013  2933   921  1766
0014:    3  192   91   43 4 |   285   282    51    39
0015:   84  166   69   51 2 |   767   683    97   420
0016:   30  106   22   92 2 |   977   947   547   294
0017:   26  207   12   72 2 |  2613  2587   803  1577
0018:   93  221   62   39 4 |  1549  1456   157  1078
0019:   45  402   70   74 4 |  4687  4642   379  3861
SUM: 6179 87.57 79.50 2688.80 1993.85 0.324
