PRIO 5
0000:   19  261   21   42 3 |  2725  2706   662  1783
0001:   24  115   97   86 2 |  2526  2502   148  2239
0002:   11  346   98   19 1 |  6038  6027    68  5613
0003:   63  373   82   75 3 |  4179  4116   310  3433
0004:   51  228   95   98 2 |  4230  4179   284  3667
0005:   80  120   74   37 3 |  1720  1640    42  1478
0006:   18  164   51   60 3 |  2184  2166   252  1750
0007:   15  265   66   85 1 |  5821  5806   298  5243
0008:   17  412   77   96 3 |  4427  4410   257  3741
0009:   28  392   56   34 3 |  4182  4154   205  3557
0010:   14  456   35   14 1 |  6213  6199   150  5593
0011:   88  415   65   53 1 |  6225  6137   391  5331
0012:   82  416   23   72 2 |  5347  5265  1413  3436
0013:   84  288   12   43 1 |  5945  5861   983  4590
0014:   92  296   30   94 3 |  3487  3395   446  2653
0015:    8  463   79   96 2 |  5733  5725   731  4531
0016:   90  332   23   32 1 |  5908  5818   355  5131
0017:   90  264   26   74 1 |  5800  5710   682  4764
0018:   22  370   77   68 3 |  4183  4161   301  3490
0019:   97  219   62   64 2 |  3970  3873   127  3527
SUM: 6225 99.52 72.59 4492.50 3777.50 0.321
