PRIO 2
0000:   58  210   83   13 2 |  5301  5243    18  5015
0001:   84  396   81   14 4 |  4957  4873    80  4397
0002:   57  475   27   51 2 |  6230  6173   851  4847
0003:    9  396   60   79 4 |  5139  5130   913  3821
0004:   67  492   70   76 4 |  5551  5484   437  4555
0005:    6  147  100   93 1 |  5651  5645    70  5428
0006:  100  279   48   78 3 |  4914  4814   451  4084
0007:   70  155   12   24 3 |  2220  2150   229  1766
0008:   61  159   50   47 3 |  3074  3013   119  2735
0009:   28  281   86   87 1 |  6281  6253   282  5690
0010:   27  467   92   97 1 |  6568  6541   422  5652
0011:   93  425   88   85 3 |  5714  5621   303  4893
0012:   72  351   68   29 3 |  5354  5282   225  4706
0013:   98  412   19   95 4 |  5293  5195  1764  3019
0014:   64  430   11   15 4 |  3764  3700   565  2705
0015:   12  212   50   34 2 |  5175  5163   180  4771
0016:   92  210   49   80 2 |  5327  5235   439  4586
0017:   39  118   25   17 2 |  3098  3059    74  2867
0018:   22  292   59   48 4 |  4056  4034   207  3535
0019:   23  414   93   94 4 |  5214  5191   530  4247
SUM: 6568 96.24 75.35 4889.95 4165.95 0.305
