PRIO 5
0000:   87  311   35   91 3 |  3922  3835   677  2847
0001:    4  180   70   53 2 |  3829  3825   131  3514
0002:   63  391   78   20 1 |  6230  6167   141  5635
0003:   21  327   35   25 3 |  3683  3662   241  3094
0004:   55  191   69   85 2 |  3985  3930   145  3594
0005:   25  153   28   62 3 |  1872  1847   229  1465
0006:   68  416   16   30 3 |  3843  3775   864  2495
0007:   67  236   20   67 1 |  5599  5532   860  4436
0008:   69  436   93   10 3 |  4399  4330    60  3834
0009:   21  221   79   15 3 |  3280  3259    29  3009
0010:   47  391   58   34 1 |  6219  6172   182  5599
0011:    1  312   73   53 1 |  6030  6029   233  5484
0012:   31  484   35   12 2 |  5434  5403   169  4750
0013:   81  243   44   31 1 |  5541  5460   196  5021
0014:   77  216   48   30 3 |  2465  2388   132  2040
0015:   17  192   64   79 2 |  4066  4049   385  3472
0016:   99  385   18   53 1 |  6344  6245  1101  4759
0017:   19  451   12   36 1 |  6671  6652  1275  4926
0018:   52  346   15   69 3 |  3193  3141  1168  1627
0019:   39  476   26   92 2 |  5864  5825  1535  3814
SUM: 6671 95.31 80.09 4576.30 3770.75 0.300
