PRIO 2
0000:    6  493   87   53 2 |  6589  6583   305  5785
0001:   91  414   14   99 4 |  5632  5541  2821  2306
0002:   27  410   29   25 2 |  6273  6246   352  5484
0003:   26  345   85   50 4 |  4646  4620   169  4106
0004:   53  371   83   47 4 |  4887  4834   148  4315
0005:   71  291   79   42 1 |  6548  6477   159  6027
0006:   20  283   75   81 3 |  4946  4926   402  4241
0007:   62  439   38   79 3 |  5992  5930  1036  4455
0008:   18  282   31   84 3 |  4924  4906   663  3961
0009:   76  187   35   10 1 |  6138  6062    63  5812
0010:   84  440   52   79 1 |  7196  7112   733  5939
0011:    0  483   25   45 3 |  5982  5982   796  4703
0012:   86  210   24   99 3 |  3833  3747   908  2629
0013:   47  338   70   73 4 |  4461  4414   292  3784
0014:   14  473   29   80 4 |  5331  5317  1185  3659
0015:    3  401   60   56 2 |  6365  6362   350  5611
0016:    8  116   58   95 2 |  3539  3531   178  3237
0017:   46  131   79   38 2 |  3790  3744    82  3531
0018:   63  272   91   94 4 |  4047  3984    87  3625
0019:   52  380   17   45 4 |  4145  4093   951  2762
SUM: 7196 93.93 78.65 5220.55 4298.60 0.278
