RR 2
0000:   41  119   72   61 2 |  2384  2343   119  2105
0001:   47  479   68   99 4 |  5733  5686   756  4451
0002:   69  332   67   58 2 |  4879  4810   180  4298
0003:   29  275   27   16 4 |  4482  4453   162  4016
0004:   50  386   14   14 4 |  5326  5276   405  4485
0005:   77  443   51   88 1 |  5626  5549   803  4303
0006:   63  199   46   43 3 |  3670  3607   178  3230
0007:    2  482   98   60 3 |  5423  5421   236  4703
0008:   16  301   79   56 3 |  4654  4638   233  4104
0009:   50  146   98   14 1 |  2762  2712    21  2545
0010:   28  465   72   83 1 |  5463  5435   447  4523
0011:   34  347   30   54 3 |  5129  5095   539  4209
0012:   19  231   87   97 3 |  3933  3914   147  3536
0013:   45  253   75   84 4 |  4384  4339   357  3729
0014:   29  163   27   80 4 |  3409  3380   432  2785
0015:    5  225   37   71 2 |  4104  4099   389  3485
0016:    8  129   83   16 2 |  2289  2281    14  2138
0017:   75  117   76   88 2 |  2398  2323   105  2101
0018:   63  264   91   83 4 |  4418  4355   246  3845
0019:   21  219   29   12 4 |  3878  3857   113  3525
SUM: 5733 97.24 67.12 4178.65 3605.80 0.349
