PREPRIO 2
0000:   74  154   65   82 2 |  3662  3588   251  3183
0001:   72  324   16   53 5 |  2493  2421   982  1115
0002:   76  368   65   71 3 |  4881  4805   413  4024
0003:   98  311   48   96 2 |  5257  5159   479  4369
0004:   59  246   59   64 5 |  2563  2504   219  2039
0005:   89  457   17   84 2 |  6356  6267  1961  3849
0006:   86  495   47   20 2 |  5862  5776   278  5003
0007:   92  486   53   69 4 |  4762  4670   652  3532
0008:   18  160   93   72 2 |  3666  3648   223  3265
0009:    2  464   37   70 1 |  6762  6760   853  5443
0010:   30  325   37   67 4 |  3860  3830   740  2765
0011:   32  135   23   83 4 |  1561  1529   377  1017
0012:   55  350   68   86 1 |  6384  6329   529  5450
0013:    1  199   66   78 4 |  2466  2465   121  2145
0014:   34  365   12   59 1 |  6847  6813  1659  4789
0015:   97  195   79   96 2 |  4309  4212   233  3784
0016:   98  408   43   17 2 |  5617  5519   181  4930
0017:   87  470   13   61 4 |  4543  4456  2234  1752
0018:   83  357   27   89 2 |  5885  5802  1052  4393
0019:   36  228   98   31 1 |  5798  5762    64  5470
SUM: 6847 94.89 87.35 4615.75 3615.85 0.292
