LCFS
0000:   55  441   46   74 2 |  4043  3988   745  2802
0001:   47  483   13   28 4 |  5285  5238   889  3866
0002:   63  145   21   74 2 |  1470  1407   430   832
0003:   28  302   75   15 4 |  2662  2634    76  2256
0004:   96  348   77   17 4 |  1095   999    69   582
0005:   81  118   87   71 1 |  1275  1194   146   930
0006:   40  406   19   44 3 |  4803  4763   880  3477
0007:   70  233   88   40 3 |  1556  1486   125  1128
0008:   22  127   39   81 3 |  3866  3844   268  3449
0009:   10  174   89   52 1 |  1049  1039    76   789
0010:   19  485   36   67 1 |  5329  5310   738  4087
0011:   45  181   47   27 3 |  2719  2674   216  2277
0012:   65  166   80   42 3 |   369   304    64    74
0013:   22  239   47   81 4 |  3760  3738   441  3058
0014:   70  209   46   33 4 |  1874  1804   144  1451
0015:   64  250   26   52 2 |  4056  3992   478  3264
0016:   62  207   19   82 2 |  4080  4018   852  2959
0017:   59  109   51   26 2 |  2053  1994    62  1823
0018:   93  246  100   26 4 |   844   751    39   466
0019:   11  289   69   34 4 |  4860  4849   247  4313
SUM: 5329 96.79 74.63 2801.30 2194.15 0.375
