RR 2
0000:   77  337   85   33 2 |  5145  5068    53  4678
0001:   41  178   60   92 4 |  3339  3298   118  3002
0002:    0  450   13   13 2 |  5979  5979   418  5111
0003:   52  331   19   89 4 |  6017  5965  1698  3936
0004:   70  341   45   25 4 |  5319  5249   238  4670
0005:   91  141   45   58 1 |  2895  2804   168  2495
0006:   73  226   97   53 3 |  4080  4007   145  3636
0007:   29  184   69   55 3 |  3503  3474   244  3046
0008:   19  396   70   95 3 |  5739  5720   454  4870
0009:    9  158   29   76 1 |  3092  3083   241  2684
0010:   14  346   79   25 1 |  5182  5168   108  4714
0011:    2  107   69   29 3 |  1822  1820    35  1678
0012:   52  441   42   53 3 |  5898  5846   409  4996
0013:   14  371   86   48 4 |  5408  5394   208  4815
0014:   90  382   40   53 4 |  5788  5698   533  4783
0015:   13  487   53   93 2 |  6220  6207  1020  4700
0016:   30  464   61  100 2 |  5957  5927   455  5008
0017:   33  257   79   47 2 |  4393  4360   184  3919
0018:   65  219   42   31 4 |  4022  3957   192  3546
0019:   38  236   98   89 4 |  4269  4231   268  3727
SUM: 6220 97.30 70.85 4662.75 4000.70 0.322
