RR 5
0000:   32  298   52   52 2 |  5373  5341   444  4599
0001:    0  181   74   55 4 |  3111  3111    68  2862
0002:   36  397   97   12 2 |  5618  5582    58  5127
0003:   21  370   87   44 4 |  5570  5549   178  5001
0004:   27  198   97   36 4 |  3743  3716   115  3403
0005:   28  311   26   84 1 |  5707  5679   839  4529
0006:   80  279   49   96 3 |  5262  5182   519  4384
0007:   90  436   72   24 3 |  5741  5651   104  5111
0008:   22  168   90   62 3 |  3343  3321   214  2939
0009:   79  276   59   95 1 |  5258  5179   537  4366
0010:   44  352   78   15 1 |  5465  5421    75  4994
0011:   22  429   93   67 3 |  5727  5705   271  5005
0012:   32  378   21   88 3 |  6083  6051  1397  4276
0013:   13  190   86   87 4 |  3436  3423   109  3124
0014:    3  189   37   95 4 |  3825  3822   490  3143
0015:   30  287   94   87 2 |  4916  4886   150  4449
0016:   28  313   68   41 2 |  5200  5172   231  4628
0017:   37  142   30   89 2 |  3289  3252   469  2641
0018:   22  341  100   16 4 |  5324  5302    36  4925
0019:   14  290   97   18 4 |  4648  4634    36  4308
SUM: 6083 95.76 65.67 4798.95 4190.70 0.329
