PRIO 5
0000:    1  337   41   56 3 |  3368  3367   379  2651
0001:   72  243   38   44 2 |  4023  3951   155  3553
0002:    1  422   48   31 1 |  5551  5550   217  4911
0003:   75  240   12   14 3 |  1488  1413   285   888
0004:   59  122   69   27 2 |  2777  2718    31  2565
0005:   22  348   51   94 3 |  3954  3932   775  2809
0006:   59  280   35   94 3 |  3514  3455   904  2271
0007:   80  214   97   97 1 |  5030  4950   122  4614
0008:   78  267   75   83 3 |  3476  3398   382  2749
0009:   20  428   75   80 3 |  4407  4387   466  3493
0010:   83  397   86   21 1 |  5472  5389   112  4880
0011:   89  185   17   88 1 |  4819  4730   832  3713
0012:   11  414   75   16 2 |  4871  4860    65  4381
0013:   87  101   49   96 1 |  3986  3899   171  3627
0014:   99  175   84   30 3 |  2396  2297    66  2056
0015:   51  276   87   76 2 |  4310  4259   223  3760
0016:   97  375   78   34 1 |  5402  5305    98  4832
0017:    0  204   78   59 1 |  4894  4894   177  4513
0018:   23  301   40   32 3 |  3361  3338   191  2846
0019:   53  166   17   54 2 |  3037  2984   433  2385
SUM: 5551 98.99 66.40 3953.80 3374.85 0.360
