SRTF
0000:   13  480   14   77 2 |  7581  7568  2285  4803
0001:   74  435   17   94 4 |  7413  7339  2649  4255
0002:    7  476   62   70 2 |  4950  4943   644  3823
0003:   98  182   54   77 4 |   800   702   134   386
0004:   67  274   11   46 4 |  3941  3874  1268  2332
0005:   46  433   16   75 1 |  6409  6363  2093  3837
0006:   64  249   20   31 3 |  1964  1900   409  1242
0007:   46  113   21   50 3 |   591   545   201   231
0008:   55  103   32   86 3 |   748   693   329   261
0009:   31  395   13   16 1 |  4351  4320   376  3549
0010:   98  419   58   66 1 |  3791  3693   487  2787
0011:   98  480   39   64 3 |  5727  5629   734  4415
0012:    8  100   61   55 3 |   297   289   151    38
0013:   47  241   91   92 4 |   934   887    80   566
0014:   17  306   61   40 4 |  2016  1999   293  1400
0015:   18  158   39   32 2 |   640   622   114   350
0016:   48  314   71   46 2 |  2641  2593   164  2115
0017:   72  300   56   49 2 |  1749  1677   298  1079
0018:   12  375   97   52 4 |  2665  2653   157  2121
0019:   16  295   12   82 4 |  4175  4159  1745  2119
SUM: 7581 80.83 88.55 3122.40 2085.45 0.264
