PRIO 5
0000:   42  385   16   73 3 |  4208  4166  2061  1720
0001:   86  279   84   59 2 |  4507  4421   160  3982
0002:   84  288   26   35 1 |  5317  5233   315  4630
0003:   18  343   80   96 3 |  4099  4081   559  3179
0004:   76  115   83   75 2 |  2905  2829    91  2623
0005:   37  259   31   81 3 |  3023  2986   742  1985
0006:   29  192   67   75 3 |  2734  2705   176  2337
0007:   78  177   92   68 1 |  4799  4721   192  4352
0008:   84  305   94   77 3 |  3796  3712   250  3157
0009:   68  377   69   94 3 |  4228  4160   430  3353
0010:   45  361   14   99 1 |  6505  6460  2121  3978
0011:   77  500   60   27 1 |  5846  5769   205  5064
0012:   37  226   49   55 2 |  3882  3845   290  3329
0013:   43  356   22   29 1 |  5584  5541   374  4811
0014:   24  218   19   68 3 |  2515  2491   700  1573
0015:   26  457   25   92 2 |  5463  5437  1555  3425
0016:   69  302   86   63 1 |  5593  5524   266  4956
0017:    1  492   13   97 1 |  7921  7920  3821  3607
0018:   62  271   88   91 3 |  3708  3646   254  3121
0019:   99  182   15   33 2 |  2663  2564   353  2029
SUM: 7921 76.82 91.38 4410.55 3360.55 0.252
