PRIO 2
0000:   66  332   35   84 2 |  6011  5945   684  4929
0001:   50  475   25   89 4 |  5223  5173  1320  3378
0002:   48  322   42   57 2 |  5767  5719   314  5083
0003:    0  263   47   72 4 |  3377  3377   258  2856
0004:   53  445   88   16 4 |  5061  5008    94  4469
0005:   10  316   37   93 1 |  6754  6744   970  5458
0006:   22  174   69   12 3 |  3265  3243    25  3044
0007:   13  341   76   69 3 |  5104  5091   237  4513
0008:   15  217   83   78 3 |  3940  3925   145  3563
0009:   96  347   70   89 1 |  6555  6459   232  5880
0010:    8  335   17   41 1 |  6692  6684   809  5540
0011:   40  203   74   17 3 |  3618  3578    36  3339
0012:   61  209   75   64 3 |  3794  3733   244  3280
0013:   90  315   10   45 4 |  3481  3391  1615  1461
0014:   43  466   89   30 4 |  5193  5150   156  4528
0015:   84  432   49   23 2 |  6124  6040   194  5414
0016:   31  308   23   69 2 |  5869  5838   927  4603
0017:   98  488   84   78 2 |  6407  6309   461  5360
0018:   61  144   25   22 4 |  1744  1683   154  1385
0019:   46  480   45   44 4 |  5211  5165   561  4124
SUM: 6754 97.90 75.23 4912.75 4110.35 0.296
