RR 2
0000:   68  327   23   76 2 |  5371  5303   822  4154
0001:   50  265   80   71 4 |  4212  4162   191  3706
0002:    0  111   52  100 2 |  2076  2076   206  1759
0003:   13  433   95   96 4 |  5632  5619   448  4738
0004:   55  128   92   89 4 |  2424  2369   111  2130
0005:   84  367   90   79 1 |  5226  5142   244  4531
0006:   88  396   28   57 3 |  5668  5580   716  4468
0007:   81  366   12   24 3 |  5584  5503   661  4476
0008:   18  116   67   85 3 |  2235  2217   160  1941
0009:   14  420   91   32 1 |  5388  5374    93  4861
0010:   91  385   81   53 1 |  5265  5174   115  4674
0011:    4  188   80   99 3 |  3157  3153   202  2763
0012:   44  299   64   22 3 |  4481  4437    83  4055
0013:   17  469   45   14 4 |  5637  5620   147  5004
0014:   38  324   10   90 4 |  6604  6566  3072  3170
0015:   57  130   25   44 2 |  2522  2465   114  2221
0016:   90  445   11   32 2 |  6117  6027  1339  4243
0017:   41  442   14   90 2 |  6872  6831  2806  3583
0018:   93  224   24   12 4 |  3777  3684   103  3357
0019:   79  141   84   94 4 |  2613  2534    81  2312
SUM: 6872 86.96 85.93 4491.80 3607.30 0.291
