PREPRIO 2
0000:   90  324   86   66 2 |  5464  5374   258  4792
0001:   12  322   93   82 5 |  3346  3334   221  2791
0002:   62  297   76   98 3 |  4613  4551   404  3850
0003:   15  433   14   99 2 |  6706  6691  2572  3686
0004:   89  250   23   45 5 |  2225  2136   522  1364
0005:   32  428   70   94 2 |  5986  5954   396  5130
0006:   43  336   65   21 2 |  5353  5310    83  4891
0007:   45  421   79   23 4 |  4480  4435    87  3927
0008:   81  452   45   79 2 |  6054  5973   693  4828
0009:   13  498   26   85 1 |  7591  7578  1745  5335
0010:   75  222   81   52 4 |  2789  2714   130  2362
0011:   50  468   16   52 4 |  4500  4450  1411  2571
0012:   20  369   29   46 1 |  6488  6468   578  5521
0013:   30  361   80   21 4 |  4114  4084   161  3562
0014:   52  193   93   42 1 |  5709  5657    85  5379
0015:   39  303   10   74 2 |  5743  5704  2164  3237
0016:   76  111   71   63 2 |  3106  3030    53  2866
0017:   41  320   73   89 4 |  3885  3844   561  2963
0018:   74  137   98   28 2 |  3538  3464    45  3282
0019:   31  440   17   19 1 |  6566  6535   485  5610
SUM: 7591 88.06 85.59 4864.30 3897.35 0.263
