RR 5
0000:    8  240   59   15 2 |  3932  3924    98  3586
0001:   85  144   60   52 4 |  2894  2809   151  2514
0002:   22  493   93   37 2 |  5466  5444   243  4708
0003:   59  163   29   43 4 |  3278  3219   273  2783
0004:    9  431   98   46 4 |  5302  5293   240  4622
0005:   69  211   71   95 1 |  3762  3693   187  3295
0006:   22  192   90   60 3 |  3330  3308   142  2974
0007:   24  310   84   75 3 |  4562  4538   193  4035
0008:   16  101   61   26 3 |  1852  1836    36  1699
0009:   64  473   74   75 1 |  5512  5448   456  4519
0010:   78  328   16   23 1 |  5306  5228   454  4446
0011:   25  120   27   99 3 |  2444  2419   230  2069
0012:   81  383   72   15 3 |  4995  4914    49  4482
0013:   29  223   70   93 4 |  3851  3822   138  3461
0014:   69  355   46   86 4 |  5274  5205   678  4172
0015:   83  100   65   38 2 |  2179  2096    66  1930
0016:   46  420   64   49 2 |  5388  5342   466  4456
0017:   15  407   73   73 2 |  5269  5254   391  4456
0018:   27  146   89   20 4 |  2675  2648    32  2470
0019:   82  231   88   99 4 |  3837  3755    54  3470
SUM: 5512 99.26 60.85 4009.75 3507.35 0.363
