SRTF
0000:   34  131   60   49 2 |   478   444    63   250
0001:    9  131   42   19 4 |   329   320    50   139
0002:   97  287   48   66 2 |  3311  3214   348  2579
0003:   37  173   53   36 4 |   707   670   112   385
0004:   75  177   10   61 4 |  2570  2495  1140  1178
0005:   94  248   16   19 1 |  3319  3225   377  2600
0006:    4  118   25   52 3 |   638   634   239   277
0007:   18  299   55   98 3 |  3080  3062   586  2177
0008:    3  302   73  100 3 |  1880  1877   279  1296
0009:   80  228   40   79 1 |  1914  1834   645   961
0010:   75  490   49   96 1 |  5970  5895  1025  4380
0011:   71  331   85   41 3 |  3653  3582   146  3105
0012:   36  475   45   34 3 |  5179  5143   407  4261
0013:    9  255   29   66 4 |  2607  2598   339  2004
0014:    6  231   32   46 4 |  1048  1042   172   639
0015:   89  319   18   29 2 |  5238  5149   561  4269
0016:   65  246   27   99 2 |  2435  2370   717  1407
0017:   50  250   31   70 2 |  1739  1689   510   929
0018:   20  303   38   49 4 |  3938  3918   449  3166
0019:   73  494   84  100 4 |  5233  5160   493  4173
SUM: 5970 91.93 77.47 2716.05 2008.75 0.335
