PRIO 5
0000:   66  100  100   47 3 |  1310  1244    12  1132
0001:   41  401   40   65 2 |  4887  4846   766  3679
0002:   84  358   86   35 1 |  5442  5358   155  4845
0003:   91  280   60   10 3 |  3346  3255    41  2934
0004:   39  414   82   82 2 |  4988  4949   448  4087
0005:    5  131   72   16 3 |  1762  1757    34  1592
0006:   38  471   25   88 3 |  4289  4251  1301  2479
0007:   54  116   89   61 1 |  3953  3899    64  3719
0008:   81  112   61   94 3 |  1491  1410   151  1147
0009:   28  331   87   28 3 |  3591  3563   135  3097
0010:   58  108   35   62 1 |  3787  3729   120  3501
0011:   43  451   92   21 1 |  5542  5499    96  4952
0012:   95  242   92   54 2 |  4093  3998   252  3504
0013:   15  180   19   83 1 |  4769  4754   810  3764
0014:   68  403   40   21 3 |  3824  3756   217  3136
0015:   46  457   52   76 2 |  5195  5149   946  3746
0016:    0  359   84   14 1 |  5435  5435    73  5003
0017:   18  162   63   28 1 |  4566  4548    42  4344
0018:   58  262   80   23 3 |  3192  3134    55  2817
0019:    1  179   15   55 2 |  3073  3072   718  2175
SUM: 5542 99.55 68.73 3880.30 3282.65 0.361
