SRTF
0000:   23  212   14   57 2 |  3106  3083   764  2107
0001:   86  136   18   25 4 |  1370  1284   161   987
0002:   35  484   23   64 2 |  5819  5784  1191  4109
0003:   60  228   26   80 4 |  2528  2468   553  1687
0004:   95  170   43   10 4 |  1205  1110    37   903
0005:   35  152   70   39 1 |   743   708    81   475
0006:    8  307   72   69 3 |  3228  3220   212  2701
0007:   25  129   85   41 3 |   235   210    19    62
0008:   72  113   64  100 3 |   352   280   107    60
0009:   73  435   46   79 1 |  4967  4894   828  3631
0010:   94  238   82   31 1 |  1716  1622   132  1252
0011:   32  140   45   95 3 |   824   792   303   349
0012:   40  266   84   51 3 |  2256  2216   106  1844
0013:   93  278   84   19 4 |  2694  2601    88  2235
0014:    7  399   53   74 4 |  3994  3987   457  3131
0015:   88  228   49   53 2 |  2053  1965   245  1492
0016:   15  317   34   37 2 |  3871  3856   305  3234
0017:    0  211   80   11 2 |  1003  1003    25   767
0018:   66  288   26   79 4 |  4408  4342   996  3058
0019:   65  165   81   55 4 |   718   653    77   411
SUM: 5819 84.14 73.72 2303.90 1724.75 0.344
