PREPRIO 2
0000:   50  340   41   56 2 |  5030  4980   453  4187
0001:   86  433   33   69 5 |  4022  3936   968  2535
0002:   43  127   41   53 3 |  2201  2158   140  1891
0003:   33  163   95   23 2 |  3773  3740    34  3543
0004:    3  293   52   60 5 |  2781  2778   375  2110
0005:   75  347   22   30 2 |  5027  4952   578  4027
0006:   62  403   85   16 2 |  5083  5021   109  4509
0007:   46  221   69   82 4 |  2917  2871   199  2451
0008:   24  203   58   90 2 |  4274  4250   255  3792
0009:   61  142   37   74 1 |  4828  4767   278  4347
0010:   32  247   91   28 4 |  3025  2993    72  2674
0011:   19  485   42   25 4 |  4446  4427   240  3702
0012:   77  144   72   86 1 |  4806  4729    90  4495
0013:    4  355   87   69 4 |  3872  3868   183  3330
0014:   98  155   55   62 1 |  4873  4775   141  4479
0015:   73  409   77   85 2 |  5293  5220   538  4273
0016:   52  234   83   24 2 |  4442  4390    98  4058
0017:   99  108   99   19 4 |  1450  1351     2  1241
0018:   40  212   21   55 2 |  4219  4179   561  3406
0019:   44  122   65   45 1 |  4546  4502    76  4304
SUM: 5293 97.17 66.01 3994.35 3467.70 0.378
