FCFS
0000:   31  433   23   81 2 |  6112  6081  1470  4178
0001:   43  382   86   93 4 |  4203  4160   257  3521
0002:   59  262   18   10 2 |  5233  5174   157  4755
0003:   11  162   16   60 4 |  5247  5236   622  4452
0004:   72  253   25   74 4 |  5100  5028   644  4131
0005:   24  426   97   13 1 |  4049  4025    75  3524
0006:   92  394   20   65 3 |  6063  5971  1276  4301
0007:    9  128   18   79 3 |  4564  4555   430  3997
0008:   52  128   92   16 3 |  1669  1617    13  1476
0009:   80  121   97   40 1 |  2454  2374    51  2202
0010:    7  102   38   50 1 |  3670  3663   197  3364
0011:   63  291   73   62 3 |  3302  3239   193  2755
0012:   70  290   30   19 3 |  5113  5043   220  4533
0013:   47  316   88   59 4 |  4149  4102   233  3553
0014:    4  154   90   81 4 |  1395  1391    75  1162
0015:   99  315   71   18 2 |  3667  3568    53  3200
0016:    5  178   92   70 2 |  2010  2005   145  1682
0017:   73  454   74   59 2 |  4576  4503   237  3812
0018:   16  383   60   95 4 |  4507  4491   483  3625
0019:   60  394   99   36 4 |  3171  3111    82  2635
SUM: 6112 91.07 70.53 3966.85 3342.90 0.327
