FCFS
0000:   88  464   25   94 2 |  7069  6981  1461  5056
0001:   30  405   82   30 4 |  4940  4910   191  4314
0002:   65  315   52   17 2 |  5676  5611    88  5208
0003:   69  405   12   46 4 |  7178  7109  1202  5502
0004:   67  438   95   62 4 |  4008  3941   147  3356
0005:   73  387   38   35 1 |  5971  5898   331  5180
0006:   12  114   29   72 3 |  4270  4258   180  3964
0007:   91  334   88   25 3 |  4077  3986   106  3546
0008:   11  399   70   36 3 |  5241  5230   210  4621
0009:   74  276   67   57 1 |  4426  4352   208  3868
0010:   48  426   86   83 1 |  5069  5021   343  4252
0011:   57  141  100   61 3 |  1741  1684    82  1461
0012:   21  462   90   70 3 |  5523  5502   420  4620
0013:   47  498   30   85 4 |  7076  7029  1615  4916
0014:   54  414   76   83 4 |  5404  5350   414  4522
0015:   18  157   15   59 2 |  5857  5839   513  5169
0016:   10  261   63   12 2 |  3661  3651    36  3354
0017:    9  299  100   39 2 |  5028  5019   178  4542
0018:    9  280   40   18 4 |  5324  5315   124  4911
0019:   78  231   39   84 4 |  5549  5471   419  4821
SUM: 7178 93.42 69.34 5107.85 4359.15 0.279
