PREPRIO 4
0000:   87  328   37   30 2 |  5562  5475   220  4927
0001:   37  439   72   10 4 |  4628  4591    67  4085
0002:   70  387   52   91 2 |  5909  5839   776  4676
0003:   52  308   57   31 4 |  3695  3643   130  3205
0004:   37  244   50   71 4 |  3293  3256   303  2709
0005:    1  131   45   61 1 |  5514  5513   192  5190
0006:   43  419   78   54 3 |  5548  5505   303  4783
0007:   73  226   63   29 3 |  4133  4060    71  3763
0008:   68  428   98   60 3 |  5526  5458   183  4847
0009:    1  132   50   19 1 |  5259  5258    52  5074
0010:   77  174   91   90 1 |  5763  5686   183  5329
0011:    9  191   81   90 3 |  3469  3460   209  3060
0012:   57  451   37   55 3 |  5492  5435   567  4417
0013:   19  354   54   83 4 |  4318  4299   495  3450
0014:   22  396   21   77 4 |  4035  4013  1592  2025
0015:   58  163   10   88 2 |  4532  4474  1626  2685
0016:   65  136   79   69 2 |  4044  3979   144  3699
0017:   45  364   68   82 2 |  5849  5804   544  4896
0018:   44  389   31   81 4 |  4120  4076   838  2849
0019:   29  103   58   35 4 |  1509  1480    31  1346
SUM: 5909 97.53 80.76 4565.20 3850.75 0.338
