PRIO 2
0000:   94  138   72   86 2 |  3615  3521   211  3172
0001:   62  178   86   80 4 |  2435  2373   149  2046
0002:   75  434   33   69 2 |  5578  5503   838  4231
0003:   89  304   51   48 4 |  3651  3562   303  2955
0004:   88  273   98   96 4 |  3591  3503   201  3029
0005:   90  452   16   13 1 |  6036  5946   434  5060
0006:   49  442   57   16 3 |  4758  4709   145  4122
0007:   68  406   85   77 3 |  4835  4767   228  4133
0008:   13  228   80   19 3 |  3571  3558    69  3261
0009:    3  471   50   51 1 |  6226  6223   473  5279
0010:   18  414   79   10 1 |  5869  5851    51  5386
0011:   42  168   81   31 3 |  3044  3002    30  2804
0012:   24  312   61   85 3 |  4395  4371   591  3468
0013:   31  104   10   27 4 |  1083  1052   175   773
0014:   49  420   63   40 4 |  4246  4197   316  3461
0015:    9  114   90   41 2 |  3039  3030    44  2872
0016:    1  304   28   97 2 |  5000  4999   673  4022
0017:   32  437   26   29 2 |  5498  5466   593  4436
0018:   45  282   72   22 4 |  3558  3513    69  3162
0019:   86  186   74   23 4 |  2497  2411    48  2177
SUM: 6226 97.45 60.58 4077.85 3492.45 0.321
