PRIO 2
0000:   36  398   16   21 2 |  5220  5184   536  4250
0001:   27  468   36   56 4 |  4475  4448   562  3418
0002:   55  394   61   61 2 |  5432  5377   491  4492
0003:   50  227   40   19 4 |  3111  3061    89  2745
0004:   83  208   84   76 4 |  3042  2959   263  2488
0005:    5  305   57   35 1 |  5719  5714   189  5220
0006:   93  164   30   36 3 |  3112  3019   255  2600
0007:   89  161   67   56 3 |  3163  3074    85  2828
0008:   46  138   36   85 3 |  2968  2922   336  2448
0009:    4  360   39   59 1 |  5940  5936   588  4988
0010:   38  354   64   93 1 |  5980  5942   513  5075
0011:   26  318   16   78 3 |  4735  4709  1878  2513
0012:   57  234   60   88 3 |  4016  3959   416  3309
0013:   77  435   12   25 4 |  3703  3626   879  2312
0014:   37  250   36   20 4 |  3310  3273   121  2902
0015:    5  112   41   32 2 |  3161  3156    65  2979
0016:   15  336   40   19 2 |  4963  4948   173  4439
0017:    1  498   69   55 2 |  5689  5688   471  4719
0018:   35  174   22   99 4 |  2603  2568  1132  1262
0019:   42  333   83   37 4 |  3906  3864   222  3309
SUM: 5980 98.11 84.11 4171.35 3414.80 0.334
