PREPRIO 4
0000:    4  286   27   73 2 |  6190  6186   742  5158
0001:   48  283   53   49 4 |  4214  4166   274  3609
0002:    1  128   55   28 2 |  3704  3703    24  3551
0003:    7  400   48   87 4 |  4603  4596   745  3451
0004:   30  156   59   39 4 |  2621  2591    72  2363
0005:   77  352   67   99 1 |  7153  7076   437  6287
0006:    8  407   46   79 3 |  5687  5679   718  4554
0007:   55  446   98   62 3 |  6059  6004   224  5334
0008:   12  451   59   88 3 |  6111  6099   693  4955
0009:   93  310   20   53 1 |  7131  7038   762  5966
0010:   97  397   78   80 1 |  7199  7102   458  6247
0011:   26  375   12   24 3 |  4187  4161   651  3135
0012:   78  352   27   90 3 |  5741  5663  1193  4118
0013:   77  473   88   14 4 |  5529  5452    70  4909
0014:   99  461   14   62 4 |  3799  3700  1810  1429
0015:   78  300   49   91 2 |  6315  6237   473  5464
0016:   44  341   38   78 2 |  6652  6608   883  5384
0017:   69  472   94   21 2 |  6707  6638    97  6069
0018:   73  407   42   45 4 |  4773  4700   411  3882
0019:   35  318   37   17 4 |  3842  3807   131  3358
SUM: 7199 98.83 79.12 5360.30 4461.15 0.278
