RR 2
0000:   70  331   46   95 2 |  5667  5597   467  4799
0001:   50  307   20   63 4 |  5794  5744   936  4501
0002:   36  313   64   99 2 |  5424  5388   310  4765
0003:    5  226   67   42 4 |  4131  4126   200  3700
0004:   37  336   56   18 4 |  5543  5506   117  5053
0005:   13  495   62   15 1 |  6079  6066   164  5407
0006:   57  202   18   77 3 |  4403  4346   704  3440
0007:   13  377   36   67 3 |  5924  5911   569  4965
0008:   74  240   26   33 3 |  4592  4518   251  4027
0009:   73  435   71   79 1 |  6059  5986   264  5287
0010:   39  280   80   11 1 |  4863  4824    51  4493
0011:   22  343   94  100 3 |  5606  5584   234  5007
0012:   75  115   93   10 3 |  2232  2157     5  2037
0013:   37  302   75   71 4 |  5225  5188   185  4701
0014:   24  248   24   38 4 |  4756  4732   404  4080
0015:   92  270   20   52 2 |  5385  5293   596  4427
0016:    4  160   90   17 2 |  2776  2772    25  2587
0017:   61  449   35   72 2 |  6306  6245   956  4840
0018:   74  293   73   81 4 |  5381  5307   402  4612
0019:   23  428   90   39 4 |  5953  5930   115  5387
SUM: 6306 97.53 69.27 5061.00 4405.75 0.317
