PRIO 5
0000:   49  407   91   95 3 |  4431  4382   449  3526
0001:   36  417   15   69 2 |  5273  5237  1545  3275
0002:   71  327   89   27 1 |  6090  6019   130  5562
0003:   76  158   13   67 3 |  1473  1397   586   653
0004:    1  179   42   17 2 |  3182  3181    69  2933
0005:    1  167   60   81 3 |  2129  2128   121  1840
0006:   73  267   27   45 3 |  2863  2790   411  2112
0007:   78  464   66   37 1 |  6638  6560   251  5845
0008:   19  209   86   13 3 |  2939  2920    16  2695
0009:   80  439   59   81 3 |  4610  4530   829  3262
0010:   30  392   85   10 1 |  6344  6314    38  5884
0011:   66  206   73   87 1 |  5452  5386   299  4881
0012:   42  164   73   53 2 |  3215  3173    65  2944
0013:   70  475   49   82 1 |  6856  6786   692  5619
0014:   99  241   94   34 3 |  3179  3080    54  2785
0015:   55  390   33   39 2 |  5025  4970   445  4135
0016:   62  483   66   86 1 |  6719  6657   624  5550
0017:   45  371   36   55 1 |  6475  6430   630  5429
0018:   38  460   99   37 3 |  4694  4656   221  3975
0019:   51  491   83   13 2 |  5620  5569   109  4969
SUM: 6856 97.83 70.19 4608.25 3893.70 0.292
