LCFS
0000:   51  175   72   67 2 |  3123  3072   207  2690
0001:   18  351   56   99 4 |  5283  5265   587  4327
0002:   47  170   43   66 2 |  3571  3524   329  3025
0003:   55  132   67   19 4 |  2929  2874    55  2687
0004:   33  126   29   27 4 |  3885  3852    92  3634
0005:   46  317   56   21 1 |  3699  3653    90  3246
0006:   56  148   54   26 3 |  2738  2682    67  2467
0007:   34  312   56   55 3 |  4248  4214   324  3578
0008:   90  181   70   42 3 |   727   637    52   404
0009:   30  152   75   35 1 |  4287  4257    68  4037
0010:   76  336   89   78 1 |  1808  1732   270  1126
0011:   64  274   87   11 3 |  2342  2278    32  1972
0012:   52  110   24   54 3 |  1845  1793   230  1453
0013:   76  354   25   23 4 |  1702  1626   286   986
0014:   73  223   53   39 4 |  2207  2134   197  1714
0015:    3  446   68   67 2 |  2512  2509   448  1615
0016:   57  245   68   70 2 |   454   397    79    73
0017:   20  270   28   97 2 |  5341  5321   957  4094
0018:   60  346   43   76 4 |  4452  4392   704  3342
0019:   69  238   26   29 4 |  1169  1100   284   578
SUM: 5341 91.86 67.91 2865.60 2352.40 0.374
