PREPRIO 4
0000:   57  327   98   67 2 |  5657  5600   213  5060
0001:   21  420   85   32 4 |  4759  4738   118  4200
0002:   79  410   89   39 2 |  5801  5722   217  5095
0003:   60  182   51   91 4 |  2535  2475   545  1748
0004:    9  210   35   30 4 |  2295  2286   200  1876
0005:   28  378   77   52 1 |  6166  6138   216  5544
0006:   49  249   54   23 3 |  4018  3969   162  3558
0007:   51  437   30   71 3 |  5179  5128   965  3726
0008:   78  265   47   23 3 |  4168  4090   111  3714
0009:   74  455   60   89 1 |  6363  6289   436  5398
0010:   12  189   82   60 1 |  5767  5755    79  5487
0011:    6  262   58   99 3 |  4662  4656   453  3941
0012:   38  408   17   63 3 |  4960  4922  1164  3350
0013:   51  350   97   71 4 |  4341  4290   286  3654
0014:   58  187   15   70 4 |  1940  1882   714   981
0015:   45  287   40   43 2 |  5382  5337   368  4682
0016:   94  326   34   88 2 |  5789  5695   761  4608
0017:   91  204   21   44 2 |  4657  4566   332  4030
0018:   92  375   84   67 4 |  4536  4444   312  3757
0019:   82  331   56   64 4 |  3918  3836   309  3196
SUM: 6363 98.26 71.32 4590.90 3880.25 0.314
