RR 2
0000:   42  385   16   73 2 |  6272  6230  2228  3617
0001:   86  279   84   59 4 |  4698  4612   227  4106
0002:   84  288   26   35 2 |  4848  4764   273  4203
0003:   18  343   80   96 4 |  5110  5092   342  4407
0004:   76  115   83   75 4 |  2268  2192   131  1946
0005:   37  259   31   81 1 |  4799  4762   693  3810
0006:   29  192   67   75 3 |  3495  3466   223  3051
0007:   78  177   92   68 3 |  3276  3198   100  2921
0008:   84  305   94   77 3 |  4954  4870   285  4280
0009:   68  377   69   94 1 |  5390  5322   595  4350
0010:   45  361   14   99 1 |  6221  6176  2214  3601
0011:   77  500   60   27 3 |  5641  5564   238  4826
0012:   37  226   49   55 3 |  3996  3959   169  3564
0013:   43  356   22   29 4 |  5331  5288   467  4465
0014:   24  218   19   68 4 |  4334  4310   724  3368
0015:   26  457   25   92 2 |  6102  6076  1525  4094
0016:   69  302   86   63 2 |  4859  4790   133  4355
0017:    1  492   13   97 2 |  7643  7642  3711  3439
0018:   62  271   88   91 4 |  4576  4514   193  4050
0019:   99  182   15   33 4 |  3769  3670   386  3102
SUM: 7643 79.62 88.83 4824.85 3777.75 0.262
