PRIO 2
0000:    4  161   79   77 2 |  4006  4002    58  3783
0001:   54  268   32   35 4 |  3271  3217   330  2619
0002:   66  410   73   87 2 |  5490  5424   418  4596
0003:   27  257   10   72 4 |  3540  3513  1770  1486
0004:   16  439   54   61 4 |  4646  4630   612  3579
0005:   35  198   96   39 1 |  5274  5239    49  4992
0006:   61  214   94   82 3 |  3829  3768   150  3404
0007:   96  167   69   22 3 |  3113  3017    14  2836
0008:   11  274   41   27 3 |  4179  4168   108  3786
0009:   72  270   39   99 1 |  5683  5611   527  4814
0010:   39  116   39   63 1 |  4868  4829   178  4535
0011:   86  350   22   76 3 |  4983  4897  1239  3308
0012:   84  439   76   81 3 |  5126  5042   246  4357
0013:   59  266   54   15 4 |  3445  3386    63  3057
0014:   83  279   34   60 4 |  3590  3507   521  2707
0015:   73  135   91   70 2 |  3675  3602    23  3444
0016:   14  500   66   65 2 |  5731  5717   466  4751
0017:   43  249   76   77 2 |  4911  4868   130  4489
0018:   51  148   74   74 4 |  2160  2109   137  1824
0019:   41  459   33   47 4 |  4623  4582   749  3374
SUM: 5731 97.70 76.76 4256.40 3587.05 0.349
