PRIO 2
0000:   24  366   78   94 2 |  5257  5233   422  4445
0001:   87  148   11   62 4 |  2157  2070  1197   725
0002:   72  452   19   47 2 |  5708  5636  1152  4032
0003:   24  390   67   19 4 |  4291  4267   123  3754
0004:    6  298   29   70 4 |  3352  3346   547  2501
0005:   49  210   77   40 1 |  5204  5155   122  4823
0006:   90  348   83   35 3 |  4740  4650   168  4134
0007:    0  303   62   45 3 |  4557  4557   142  4112
0008:   30  337   23   35 3 |  4571  4541   428  3776
0009:   94  182  100   36 1 |  5086  4992    65  4745
0010:   18  285   87   32 1 |  5367  5349   145  4919
0011:   90  387   11   24 3 |  4549  4459   849  3223
0012:   63  165   98   95 3 |  3172  3109   202  2742
0013:   80  246   29   94 4 |  3182  3102   572  2284
0014:    3  192   91   43 4 |  2693  2690    33  2465
0015:   84  166   69   51 2 |  4211  4127   121  3840
0016:   30  106   22   92 2 |  3134  3104   499  2499
0017:   26  207   12   72 2 |  4658  4632  1136  3289
0018:   93  221   62   39 4 |  2870  2777    73  2483
0019:   45  402   70   74 4 |  4479  4434   227  3805
SUM: 5708 94.80 78.82 4111.50 3429.80 0.350
