FCFS
0000:   85  430   18   94 2 |  7442  7357  2464  4463
0001:   58  114   43   16 4 |  2956  2898    45  2739
0002:   85  194   91   68 2 |  2195  2110    32  1884
0003:   34  308   70   66 4 |  4366  4332   369  3655
0004:   75  209   54   85 4 |  4045  3970   365  3396
0005:    1  444   81   61 1 |  3789  3788   301  3043
0006:   34  434   95   13 3 |  4619  4585    87  4064
0007:    7  362   83   61 3 |  3835  3828   260  3206
0008:   28  375   71   62 3 |  4790  4762   347  4040
0009:   57  142   74   34 1 |  1650  1593    57  1394
0010:   70  210   47   79 1 |  4210  4140   315  3615
0011:   31  227   58   95 3 |  4633  4602   561  3814
0012:    9  494   82   95 3 |  5136  5127   742  3891
0013:   33  256   27   38 4 |  5207  5174   374  4544
0014:   22  411   18   91 4 |  6590  6568  1690  4467
0015:   27  493   24   35 2 |  6094  6067   709  4865
0016:   34  172   62   98 2 |  2958  2924   207  2545
0017:   14  430   29   21 2 |  5801  5787   396  4961
0018:   75  270   83   50 4 |  3028  2953   143  2540
0019:   94  348   21   92 4 |  6285  6191  1233  4610
SUM: 7442 84.96 79.64 4437.80 3586.80 0.269
