PRIO 2
0000:   48  193   59   53 2 |  4476  4428   232  4003
0001:   62  239   78   89 4 |  3304  3242   205  2798
0002:   21  335   88   90 2 |  5517  5496   386  4775
0003:   77  224   62   86 4 |  3121  3044   394  2426
0004:   86  244   20   49 4 |  2758  2672   479  1949
0005:   73  324   55   14 1 |  5882  5809   106  5379
0006:   60  319   89   15 3 |  4626  4566    53  4194
0007:   83  400   33   19 3 |  5000  4917   191  4326
0008:   80  372   28   11 3 |  4740  4660   156  4132
0009:   99  447   86   87 1 |  6187  6088   299  5342
0010:   43  107   37   31 1 |  4661  4618    74  4437
0011:   97  356   53   28 3 |  4926  4829   178  4295
0012:   43  457   20   56 3 |  5428  5385  1222  3706
0013:   80  133   17   84 4 |  1765  1685   585   967
0014:   91  131   72   69 4 |  2032  1941    77  1733
0015:   84  421   38   85 2 |  5919  5835   740  4674
0016:   91  380   84   96 2 |  5616  5525   364  4781
0017:   25  260   11   52 2 |  4895  4870   976  3634
0018:   19  224   80   53 4 |  2951  2932   151  2557
0019:   76  465   54   82 4 |  4996  4920   600  3855
SUM: 6187 97.48 72.26 4373.10 3698.15 0.323
