RR 5
0000:   29  196   48   83 2 |  3673  3644   323  3125
0001:   98  245   99   46 4 |  4282  4184   156  3783
0002:   22  472   97   74 2 |  5573  5551   344  4735
0003:   49  465   12   35 4 |  6142  6093  1135  4493
0004:   10  494   31   79 4 |  6124  6114  1439  4181
0005:    0  436   21   74 1 |  6185  6185  1614  4135
0006:   33  144   17   16 3 |  3246  3213   142  2927
0007:   74  139   78   33 3 |  2623  2549    50  2360
0008:   63  288   78   90 3 |  4739  4676   247  4141
0009:   10  355   50   83 1 |  5111  5101   398  4348
0010:   95  194   62   31 1 |  3578  3483    31  3258
0011:   70  491   62   18 3 |  5526  5456   166  4799
0012:    1  289   96   65 3 |  4417  4416   147  3980
0013:   73  192   80   65 4 |  3512  3439   107  3140
0014:   99  109   88   17 4 |  2153  2054    29  1916
0015:   87  257   79   92 2 |  4403  4316   229  3830
0016:   24  349   95   50 2 |  4971  4947   103  4495
0017:   11  161   28   83 2 |  3439  3428   327  2940
0018:   22  326   95   11 4 |  4728  4706    35  4345
0019:   28  333   95   60 4 |  4972  4944   209  4402
SUM: 6185 95.96 68.92 4424.95 3766.65 0.323
