PRIO 5
0000:   17  253   97   97 3 |  3072  3055   208  2594
0001:   46  251   87   16 2 |  4280  4234    34  3949
0002:    3  273   11   25 1 |  5166  5163   494  4396
0003:   19  468   77   55 3 |  4523  4504   388  3648
0004:   17  163   87   86 2 |  3340  3323   116  3044
0005:   61  132   23   92 3 |  1737  1676   762   782
0006:   71  315   25   72 3 |  3367  3296   929  2052
0007:   19  119   47   80 1 |  4018  3999   151  3729
0008:   28  146   38   39 3 |  2069  2041   100  1795
0009:   10  408   54   92 3 |  4095  4085   838  2839
0010:   15  229   47   42 1 |  5198  5183   303  4651
0011:   14  344   79   66 1 |  5595  5581   312  4925
0012:   49  385   85   82 2 |  4898  4849   359  4105
0013:   18  458   40   52 1 |  6008  5990   748  4784
0014:   43  258   63   88 3 |  3205  3162   298  2606
0015:   21  312   45   75 2 |  4640  4619   619  3688
0016:   52  371   99   85 1 |  5691  5639   228  5040
0017:  100  351   38   73 1 |  5688  5588   459  4778
0018:   34  224   96   79 3 |  2875  2841   134  2483
0019:   11  345   88   46 2 |  4904  4893   105  4443
SUM: 6008 96.62 71.52 4186.05 3516.55 0.333
