RR 5
0000:   17  374   39   41 2 |  5112  5095   412  4309
0001:   74  257   45   18 4 |  4133  4059    66  3736
0002:   36  194   37   35 2 |  3470  3434   212  3028
0003:   30  481   49   96 4 |  6026  5996  1013  4502
0004:    9  140   82   91 4 |  2591  2582   139  2303
0005:   18  199   63   65 1 |  3262  3244   101  2944
0006:   95  143   69   25 3 |  2654  2559    21  2395
0007:    2  114   17   50 3 |  2347  2345   264  1967
0008:   59  392   45   95 3 |  5604  5545   971  4182
0009:   33  428   79   87 1 |  5625  5592   740  4424
0010:   64  144   70   34 1 |  2635  2571    56  2371
0011:   55  448   25   53 3 |  5964  5909  1068  4393
0012:   23  481   31   13 3 |  5632  5609   186  4942
0013:   58  152   52   94 4 |  2990  2932   314  2466
0014:   72  453   24   62 4 |  5872  5800   919  4428
0015:    2  336   81   44 2 |  4666  4664   192  4136
0016:   78  188   54   92 2 |  3496  3418   212  3018
0017:   58  457   35   95 2 |  6045  5987  1301  4229
0018:   21  240   95   82 4 |  3993  3972   287  3445
0019:    9  285   75   81 4 |  4344  4335   287  3763
SUM: 6045 97.70 79.74 4282.40 3549.05 0.331
