PRIO 2
0000:   42  280   37   68 2 |  5418  5376   561  4535
0001:   40  103   20   26 4 |  1199  1159   131   925
0002:   31  343   82   40 2 |  5585  5554    59  5152
0003:   17  190   98   53 4 |  2576  2559    60  2309
0004:   46  397   58   53 4 |  4334  4288   248  3643
0005:   88  299   66   44 1 |  5974  5886   295  5292
0006:   34  481   22   75 3 |  5770  5736  1612  3643
0007:   37  351   14   83 3 |  5342  5305  2218  2736
0008:   69  194   39   58 3 |  3292  3223   265  2764
0009:   60  445   69  100 1 |  6447  6387   629  5313
0010:   39  197   98   45 1 |  5680  5641   166  5278
0011:   85  438   78   81 3 |  5514  5429   529  4462
0012:   71  431  100   99 3 |  5483  5412   370  4611
0013:   55  231   78   45 4 |  2916  2861   138  2492
0014:   60  384   26   41 4 |  4005  3945   523  3038
0015:   58  268   98   60 2 |  5181  5123   152  4703
0016:   58  179   61   93 2 |  4375  4317   258  3880
0017:   29  228   65   63 2 |  4852  4823   259  4336
0018:   47  160   15   31 4 |  1916  1869   366  1343
0019:   12  461   48   21 4 |  4637  4625   147  4017
SUM: 6447 94.00 78.22 4475.90 3723.60 0.310
