LCFS
0000:   91  377   87   83 2 |  2010  1919   314  1228
0001:   18  305   92   87 4 |  4921  4903   144  4454
0002:   42  351   98   55 2 |  3646  3604   223  3030
0003:   20  314   53   98 4 |  5953  5933   740  4879
0004:   31  143   73   11 4 |  4049  4018    11  3864
0005:   23  166   31   84 1 |  5458  5435   421  4848
0006:   37  484   87   91 3 |  4392  4355   340  3531
0007:   93  335   41   83 3 |  3758  3665   455  2875
0008:   11  142   26   54 3 |  6149  6138   173  5823
0009:   55  362   76   67 1 |  3525  3470   442  2666
0010:   32  426   94   75 1 |  5275  5243   596  4221
0011:    7  330   50   40 3 |  2736  2729   320  2079
0012:   73  492   81   30 3 |  1166  1093   180   421
0013:   63  362   14   75 4 |  6244  6181  1804  4015
0014:   16  247   78   24 4 |  5825  5809    59  5503
0015:   53  312   63   10 2 |  2694  2641    57  2272
0016:   55  370  100   36 2 |   870   815   129   316
0017:   92  124   91   33 2 |  1260  1168    13  1031
0018:   30  297   70   94 4 |  5968  5938   472  5169
0019:  100  142   79   12 4 |   984   884    14   728
SUM: 6244 97.39 69.07 3797.05 3147.65 0.320
