RR 5
0000:   31  150   55   85 2 |  2964  2933   296  2487
0001:   83  257   75   63 4 |  4260  4177   193  3727
0002:   29  202   44   62 2 |  3731  3702   298  3202
0003:   12  191   30   48 4 |  3552  3540   250  3099
0004:   18  313   98   80 4 |  4722  4704   397  3994
0005:   94  230   26   79 1 |  4455  4361   593  3538
0006:    0  476   64   64 3 |  5401  5401   492  4433
0007:   83  276   96   52 3 |  4341  4258   111  3871
0008:   49  310   31   94 3 |  5224  5175  1046  3819
0009:   31  207   16   31 1 |  4143  4112   489  3416
0010:   42  205   77   89 1 |  3564  3522   152  3165
0011:   10  400   13   80 3 |  6567  6557  2586  3571
0012:    5  417   43   77 3 |  5331  5326   744  4165
0013:   52  150   19   22 4 |  3217  3165   179  2836
0014:   26  151   62   55 4 |  2708  2682   148  2383
0015:   71  196   68   83 2 |  3577  3506   203  3107
0016:   72  475   22   80 2 |  5854  5782  1270  4037
0017:   99  212   41   61 2 |  3991  3892   285  3395
0018:   99  449   62   14 4 |  5151  5052    66  4537
0019:   55  376   28   63 4 |  5540  5485  1131  3978
SUM: 6567 85.93 85.12 4366.60 3538.00 0.305
