RR 5
0000:   54  427   46   42 2 |  5938  5884   295  5162
0001:   57  216   98   72 4 |  3739  3682   203  3263
0002:   76  159   92   11 2 |  2851  2775    14  2602
0003:   71  375   58   19 4 |  5512  5441   193  4873
0004:   86  470   91   61 4 |  5983  5897   298  5129
0005:   45  114   51   67 1 |  2213  2168    92  1962
0006:   48  260   54   50 3 |  4406  4358   221  3877
0007:   56  105   49   32 3 |  2059  2003    41  1857
0008:   69  377   56  100 3 |  5865  5796   748  4671
0009:   92  134   32   15 1 |  2835  2743    56  2553
0010:    6  461   64   69 1 |  5932  5926   410  5055
0011:   81  489   85   57 3 |  6074  5993   375  5129
0012:   90  240   39   75 3 |  4371  4281   341  3700
0013:   19  246   39   75 4 |  4537  4518   484  3788
0014:   60  418   25   65 4 |  6282  6222  1218  4586
0015:    5  263   37   99 2 |  4622  4617   613  3741
0016:   66  302   29   55 2 |  4988  4922   483  4137
0017:   51  137   20   49 2 |  2923  2872   319  2416
0018:   23  459   44   11 4 |  5950  5927   105  5363
0019:   48  442   85   30 4 |  5826  5778   168  5168
SUM: 6282 97.01 69.91 4590.15 3951.60 0.318
