PREPRIO 2
0000:   57  327   98   67 2 |  5387  5330    86  4917
0001:   21  420   85   32 5 |  3691  3670   210  3040
0002:   79  410   89   39 3 |  5108  5029   137  4482
0003:   60  182   51   91 2 |  4129  4069   220  3667
0004:    9  210   35   30 5 |  1869  1860   191  1459
0005:   28  378   77   52 2 |  5603  5575   203  4994
0006:   49  249   54   23 2 |  4690  4641   140  4252
0007:   51  437   30   71 4 |  4657  4606  1021  3148
0008:   78  265   47   23 2 |  4891  4813   128  4420
0009:   74  455   60   89 1 |  6354  6280   575  5250
0010:   12  189   82   60 4 |  2464  2452   115  2148
0011:    6  262   58   99 4 |  3387  3381   529  2590
0012:   38  408   17   63 1 |  6909  6871  1787  4676
0013:   51  350   97   71 4 |  4009  3958   204  3404
0014:   58  187   15   70 1 |  5721  5663   794  4682
0015:   45  287   40   43 2 |  5113  5068   323  4458
0016:   94  326   34   88 2 |  5537  5443   670  4447
0017:   91  204   21   44 4 |  2218  2127   331  1592
0018:   92  375   84   67 2 |  5631  5539   223  4941
0019:   82  331   56   64 1 |  6000  5918   323  5264
SUM: 6909 90.49 75.47 4614.65 3891.55 0.289
