RR 5
0000:   57  483   97   67 2 |  6140  6083   256  5344
0001:   25  390   16   67 4 |  6474  6449  1576  4483
0002:   83  261   60   70 2 |  4484  4401   258  3882
0003:   50  164   95   89 4 |  2916  2866    86  2616
0004:  100  182   78   27 4 |  3264  3164    64  2918
0005:   88  409   18   20 1 |  6062  5974   408  5157
0006:    3  397   18   44 3 |  6291  6288   883  5008
0007:    8  206   10   12 3 |  4359  4351   258  3887
0008:   86  379   49   65 3 |  5803  5717   422  4916
0009:   18  416   87   26 1 |  5625  5607    97  5094
0010:   61  318   13   21 1 |  5780  5719   432  4969
0011:   19  108   72   82 3 |  2123  2104   203  1793
0012:    1  193   46   24 3 |  3196  3195    97  2905
0013:   25  494   23   22 4 |  6347  6322   483  5345
0014:   59  168   43   79 4 |  3515  3456   498  2790
0015:   64  416   31   54 2 |  6185  6121   762  4943
0016:   68  389   75   84 2 |  5809  5741   432  4920
0017:   74  332   92   78 2 |  4976  4902   128  4442
0018:   24  220   89   13 4 |  3675  3651    17  3414
0019:   71  400   17   20 4 |  6205  6134   544  5190
SUM: 6474 97.70 70.03 4912.25 4200.80 0.309
