LCFS
0000:   80  378   10   67 2 |  6418  6338  2600  3360
0001:    8  178   68   43 4 |  4051  4043   130  3735
0002:   59  401   74   18 2 |  1328  1269   100   768
0003:   92  162   92   17 4 |  1152  1060     9   889
0004:   82  116   61   16 4 |  1744  1662    17  1529
0005:   88  366   92   59 1 |   931   843   193   284
0006:   54  172   99   93 3 |  3651  3597   204  3221
0007:   66  274   14   43 3 |  4695  4629   702  3653
0008:   53  456   34   72 3 |  5402  5349  1199  3694
0009:   49  181   80   70 1 |  3801  3752   136  3435
0010:    3  424   46   24 1 |  3033  3030   184  2422
0011:   71  301   81   96 3 |  2272  2201   132  1768
0012:   87  356   70   58 3 |  2155  2068   170  1542
0013:   40  132   36   78 4 |  4710  4670   441  4097
0014:   55  292   64   35 4 |  3187  3132   151  2689
0015:   18  135   55   71 2 |  1411  1393   249  1009
0016:    0  343   13   67 2 |  6037  6037  1666  4028
0017:   56  235   57   63 2 |  3382  3326   234  2857
0018:   60  166   10   89 4 |  3420  3360   972  2222
0019:   98  207   75   34 4 |   653   555    43   305
SUM: 6418 82.19 75.66 3115.70 2375.35 0.312
