PREPRIO 2
0000:   72  329   40   26 2 |  4981  4909   172  4408
0001:   31  349   65   86 5 |  3365  3334   460  2525
0002:   43  110   11   66 3 |  1851  1808   490  1208
0003:   58  148   93   68 2 |  3736  3678   176  3354
0004:   22  442   28   57 5 |  3638  3616   829  2345
0005:   96  335   75   72 2 |  5033  4937   207  4395
0006:   64  134   20   11 2 |  2854  2790    69  2587
0007:   24  482   82   24 4 |  4471  4447   104  3861
0008:   87  288   76   32 2 |  4856  4769   161  4320
0009:    5  239   89   54 1 |  5262  5257   138  4880
0010:   62  142   75   11 4 |  1785  1723    39  1542
0011:   52  238   40   47 4 |  2898  2846   391  2217
0012:   45  283   61   43 1 |  5317  5272   118  4871
0013:   28  324   70   20 4 |  3771  3743    60  3359
0014:   24  343   86   99 1 |  5537  5513   274  4896
0015:   15  252   37   62 2 |  4643  4628   371  4005
0016:   36  381   92   74 2 |  5165  5129   337  4411
0017:   60  375   92   40 4 |  4063  4003   155  3473
0018:   98  130   42   27 2 |  3224  3126   109  2887
0019:   35  100   91   93 1 |  4318  4283   136  4047
SUM: 5537 97.96 58.50 3990.55 3479.55 0.361
