PREPRIO 4
0000:   25  407   85   66 2 |  5830  5805   175  5223
0001:   35  251   28   18 4 |  2606  2571   143  2177
0002:    5  280   53   36 2 |  5011  5006   159  4567
0003:   37  116   68   72 4 |  1707  1670    72  1482
0004:   66  360   76   42 4 |  4086  4020   209  3451
0005:   40  372   56   82 1 |  6489  6449   759  5318
0006:   53  269   76   51 3 |  4314  4261    61  3931
0007:   68  210   59   63 3 |  3722  3654   196  3248
0008:   84  491   70   24 3 |  5383  5299   127  4681
0009:   72  205   46   47 1 |  5851  5779   148  5426
0010:   21  383   31  100 1 |  6871  6850  1366  5101
0011:  100  206   35   63 3 |  3504  3404   400  2798
0012:   99  442   88   55 3 |  5415  5316   267  4607
0013:   39  211   93   86 4 |  3222  3183   245  2727
0014:   29  457   54   16 4 |  4224  4195   140  3598
0015:   36  369   88   12 2 |  5682  5646    68  5209
0016:   96  476   71   50 2 |  5922  5826   293  5057
0017:   18  214   53   54 2 |  4738  4720   157  4349
0018:   35  132   65   76 4 |  1880  1845    14  1699
0019:   49  393   58   35 4 |  4064  4015   284  3338
SUM: 6871 90.87 56.98 4475.70 3899.35 0.291
