SRTF
0000:   16  392   80   47 2 |  3547  3531   223  2916
0001:    9  335   91   64 4 |  1665  1656   206  1115
0002:   71  336   19   50 2 |  3981  3910   818  2756
0003:   83  140   64   48 4 |   485   402   102   160
0004:   93  477   94   30 4 |  6134  6041   167  5397
0005:   50  317   12   60 1 |  5703  5653  1736  3600
0006:   76  153   95   74 3 |   471   395   118   124
0007:   33  306   91   20 3 |  2182  2149    60  1783
0008:   21  283   55   14 3 |  1828  1807    55  1469
0009:   69  345   22   57 1 |  5539  5470  1005  4120
0010:   69  398   50   19 1 |  4711  4642   148  4096
0011:   17  181   41   64 3 |   950   933   151   601
0012:   60  353   20   41 3 |  4831  4771   743  3675
0013:   14  242   54   75 4 |  1231  1217   241   734
0014:   14  285   15   73 4 |  3839  3825  1295  2245
0015:    4  173   59   65 2 |   581   577   107   297
0016:   52  372   91   38 2 |  2758  2706    94  2240
0017:   73  228   46   61 2 |  1320  1247   293   726
0018:   88  440   67   43 4 |  6226  6138   238  5460
0019:    9  430   50   70 4 |  5630  5621   525  4666
SUM: 6226 99.36 72.42 3134.55 2409.00 0.321
