PRIO 2
0000:   50  470   60   59 2 |  6547  6497   422  5605
0001:   84  398   98   62 4 |  5135  5051   258  4395
0002:    2  398   91   27 2 |  6335  6333   107  5828
0003:   63  145   25   95 4 |  2362  2299   655  1499
0004:   48  496   52   40 4 |  5543  5495   301  4698
0005:   56  160   72   54 1 |  6124  6068    73  5835
0006:   50  323   46   41 3 |  5058  5008   154  4531
0007:   61  363   70   75 3 |  5580  5519   276  4880
0008:   11  205   75   51 3 |  3485  3474   275  2994
0009:   57  104   66   46 1 |  5285  5228    14  5110
0010:   12  437   25   36 1 |  7105  7093   629  6027
0011:   77  484   63   91 3 |  6384  6307   859  4964
0012:   18  249   92   93 3 |  4459  4441   184  4008
0013:   45  448   91   13 4 |  5252  5207    51  4708
0014:   36  478   92   87 4 |  5689  5653   385  4790
0015:   78  338   33   32 2 |  6199  6121   479  5304
0016:   22  257   67   44 2 |  5756  5734   145  5332
0017:   65  350   34   66 2 |  6298  6233   429  5454
0018:   83  383   37   71 4 |  4792  4709   893  3433
0019:   69  210   80   13 4 |  2823  2754    50  2494
SUM: 7105 94.24 62.28 5261.20 4594.45 0.281
