RR 5
0000:   30  368   73   16 2 |  5548  5518    59  5091
0001:   64  481   43   82 4 |  6520  6456   706  5269
0002:   98  434   71   10 2 |  6091  5993    74  5485
0003:   23  400   94   14 4 |  5812  5789    56  5333
0004:   98  165   76   23 4 |  3264  3166    74  2927
0005:   19  110   60   52 1 |  2279  2260   173  1977
0006:   78  457   34   59 3 |  6542  6464   886  5121
0007:   34  452   40   32 3 |  6347  6313   288  5573
0008:   16  444   35   25 3 |  6367  6351   387  5520
0009:   51  237   66   64 1 |  4379  4328   331  3760
0010:    8  394   91   17 1 |  5720  5712    69  5249
0011:   45  420   82   29 3 |  6028  5983   122  5441
0012:   93  161   24   85 3 |  3653  3560   448  2951
0013:   52  123   56   56 4 |  2423  2371    95  2153
0014:   69  144   40   80 4 |  2947  2878   269  2465
0015:   98  225   98   35 2 |  4036  3938    77  3636
0016:   16  224   89   93 2 |  3798  3782   112  3446
0017:   85  497   72   71 2 |  6427  6342   331  5514
0018:   73  355   66   87 4 |  5835  5762   482  4925
0019:   81  386   46   28 4 |  5950  5869   258  5225
SUM: 6542 99.01 54.88 4941.75 4353.05 0.306
