PREPRIO 4
0000:   90  379   55   92 2 |  5875  5785   423  4983
0001:   67  191   54   20 4 |  2545  2478    87  2200
0002:   43  292   51   67 2 |  5720  5677   544  4841
0003:    1  172   30   54 4 |  1984  1983   200  1611
0004:   58  355   36   77 4 |  3855  3797   687  2755
0005:   20  184   78   26 1 |  5808  5788    60  5544
0006:   10  394   94   28 3 |  5424  5414   114  4906
0007:   10  401   97   60 3 |  5431  5421   173  4847
0008:   91  419   29   56 3 |  5007  4916   778  3719
0009:   81  478   20   51 1 |  6771  6690  1029  5183
0010:   15  323   34   44 1 |  6281  6266   456  5487
0011:   20  452   33   27 3 |  5243  5223   355  4416
0012:   23  451   38   27 3 |  5246  5223   312  4460
0013:   84  145   60   62 4 |  2192  2108   107  1856
0014:   43  243   41   76 4 |  3003  2960   432  2285
0015:   51  228   31   49 2 |  4830  4779   170  4381
0016:   82  432   14   46 2 |  5939  5857  1328  4097
0017:   65  267   39   62 2 |  5409  5344   371  4706
0018:   63  179   57   17 4 |  2365  2302    76  2047
0019:   10  324   42   39 4 |  3794  3784   349  3111
SUM: 6771 93.18 71.26 4589.75 3871.75 0.295
