PREPRIO 4
0000:   79  263   43   45 2 |  5153  5074   178  4633
0001:   52  474   85   45 4 |  4673  4621   293  3854
0002:   95  212   79   68 2 |  4680  4585   175  4198
0003:   26  277   22   55 4 |  2927  2901   697  1927
0004:    0  396   23   75 4 |  3877  3877  1259  2222
0005:   71  423   40   81 1 |  6435  6364   781  5160
0006:   76  135   65   79 3 |  2833  2757   132  2490
0007:   65  417   77   49 3 |  5185  5120   318  4385
0008:   92  159   67   21 3 |  2792  2700    38  2503
0009:   59  307   34   36 1 |  5942  5883   236  5340
0010:   51  291   35   54 1 |  6094  6043   461  5291
0011:    8  472   17   94 3 |  5449  5441  2263  2706
0012:   86  116   29   91 3 |  2342  2256   239  1901
0013:   69  168   79   20 4 |  2400  2331    39  2124
0014:   73  196   35   73 4 |  2457  2384   322  1866
0015:   88  483   44   94 2 |  6057  5969   762  4724
0016:   17  322   56   76 2 |  5414  5397   249  4826
0017:   85  379   33   27 2 |  5479  5394   317  4698
0018:   23  484   84   20 4 |  4753  4730   132  4114
0019:   68  197   35   40 4 |  2554  2486   201  2088
SUM: 6435 95.90 78.80 4315.65 3552.50 0.311
