PREPRIO 4
0000:   60  230   93   95 2 |  5316  5256   165  4861
0001:    5  415   80   17 4 |  4965  4960    62  4483
0002:   24  237   63   33 2 |  5204  5180   141  4802
0003:   77  440   95   97 4 |  5278  5201   560  4201
0004:   26  370   30   37 4 |  4007  3981   483  3128
0005:   73  435   80   77 1 |  6212  6139   479  5225
0006:   11  102   18   44 3 |  1793  1782   200  1480
0007:    4  257   17   23 3 |  4008  4004   381  3366
0008:   52  229   17   93 3 |  3684  3632   755  2648
0009:    6  326   14   62 1 |  6445  6439  1192  4921
0010:   38  163   28   50 1 |  5415  5377   265  4949
0011:   17  263   38   45 3 |  4458  4441   363  3815
0012:   71  419   51   80 3 |  5448  5377   436  4522
0013:   79  355   41   95 4 |  4166  4087   791  2941
0014:   75  436   13   41 4 |  3329  3254  1248  1570
0015:   69  177   39   89 2 |  4684  4615   293  4145
0016:   38  410   58   66 2 |  5836  5798   546  4842
0017:   70  183   41   27 2 |  4802  4732   108  4441
0018:   82  220   41   72 4 |  3365  3283   351  2712
0019:   61  408   54   27 4 |  4312  4251   305  3538
SUM: 6445 94.26 77.42 4589.45 3829.50 0.310
