LCFS
0000:   33  369   65   17 2 |  5486  5453   101  4983
0001:   10  212   94   66 4 |  6018  6008    96  5700
0002:   62  228   31   39 2 |  2820  2758   216  2314
0003:   91  336   21   13 4 |  2990  2899   286  2277
0004:   89  147   55   37 4 |   509   420   100   173
0005:   50  469   35   52 1 |  4999  4949   510  3970
0006:    8  312   84   87 3 |  6678  6670   316  6042
0007:    7  316   73   82 3 |  1271  1264   424   524
0008:   45  455   89   68 3 |  4170  4125   344  3326
0009:   69  320   38   15 1 |  2042  1973   141  1512
0010:   37  396  100   30 1 |  5971  5934   158  5380
0011:   44  230   43   60 3 |  4998  4954   321  4403
0012:   26  238   76   15 3 |  5553  5527    63  5226
0013:   48  165   69   82 4 |  3305  3257    98  2994
0014:   66  495   59   13 4 |  2437  2371   109  1767
0015:   81  210   10   50 2 |  4955  4874  1216  3448
0016:   78  394   79   51 2 |  1555  1477   284   799
0017:   44  486   97   76 2 |  4753  4709   506  3717
0018:   50  342   85   50 4 |   910   860   152   366
0019:   21  235   73   63 4 |  6050  6029   181  5613
SUM: 6678 95.16 58.86 3825.55 3226.70 0.299
