SRTF
0000:   85  430   18   94 2 |  7999  7914  2558  4926
0001:   58  114   43   16 4 |   323   265    26   125
0002:   85  194   91   68 2 |   734   649   141   314
0003:   34  308   70   66 4 |  3128  3094   534  2252
0004:   75  209   54   85 4 |  1611  1536   553   774
0005:    1  444   81   61 1 |  2976  2975   281  2250
0006:   34  434   95   13 3 |  4386  4352    75  3843
0007:    7  362   83   61 3 |  2548  2541   256  1923
0008:   28  375   71   62 3 |  3681  3653   244  3034
0009:   57  142   74   34 1 |   445   388    72   174
0010:   70  210   47   79 1 |  1468  1398   390   798
0011:   31  227   58   95 3 |  1542  1511   337   947
0012:    9  494   82   95 3 |  5760  5751   733  4524
0013:   33  256   27   38 4 |  2562  2529   393  1880
0014:   22  411   18   91 4 |  6836  6814  1973  4430
0015:   27  493   24   35 2 |  6279  6252   694  5065
0016:   34  172   62   98 2 |   703   669   161   336
0017:   14  430   29   21 2 |  4491  4477   226  3821
0018:   75  270   83   50 4 |  1775  1700   164  1266
0019:   94  348   21   92 4 |  5212  5118  1409  3361
SUM: 7999 79.05 78.35 3179.30 2302.15 0.250
