RR 5
0000:   93  340   61   95 2 |  6049  5956   702  4914
0001:    7  294   31   81 4 |  5935  5928   867  4767
0002:   69  440   80   12 2 |  6251  6182    95  5647
0003:   99  257   49   51 4 |  4953  4854   242  4355
0004:   40  408   76   96 4 |  6323  6283   692  5183
0005:   64  227   85   21 1 |  4263  4199    58  3914
0006:   56  320   49   14 3 |  5535  5479    78  5081
0007:   58  353   98   38 3 |  5857  5799   191  5255
0008:   59  137   62   80 3 |  2923  2864   204  2523
0009:   28  487   60   50 1 |  6377  6349   217  5645
0010:   92  469   63   72 1 |  6425  6333   447  5417
0011:   29  378   72  100 3 |  6240  6211   671  5162
0012:   35  253   59   96 3 |  4782  4747   302  4192
0013:   30  285   89   14 4 |  5031  5001    76  4640
0014:   60  256   43   96 4 |  5172  5112   598  4258
0015:   97  222   20   24 2 |  4814  4717   304  4191
0016:   74  233   65   87 2 |  4560  4486   307  3946
0017:   10  364   83   89 2 |  5981  5971   384  5223
0018:    7  315   51   95 4 |  5437  5430   420  4695
0019:   95  340   40   47 4 |  5969  5874   478  5056
SUM: 6425 99.27 64.75 5388.75 4703.20 0.311
