FCFS
0000:   94  202   64   92 2 |  3123  3029   159  2668
0001:   35  127   75   42 4 |  2322  2287    53  2107
0002:   25  368   88   33 2 |  3519  3494   143  2983
0003:   61  195   27   13 4 |  4903  4842    78  4569
0004:   89  443   81   99 4 |  4747  4658   398  3817
0005:   70  442   55   51 1 |  5201  5131   391  4298
0006:   33  486   27   85 3 |  6493  6460  1719  4255
0007:   35  239   74   30 3 |  2804  2769    75  2455
0008:   47  262   65   56 3 |  4201  4154   222  3670
0009:   44  480   87   79 1 |  4650  4606   340  3786
0010:   17  121   59   47 1 |  2527  2510   143  2246
0011:   43  322   22   32 3 |  5552  5509   422  4765
0012:   65  177   90   31 3 |  2482  2417    53  2187
0013:   25  402   95  100 4 |  4832  4807   524  3881
0014:   92  336   59   58 4 |  4988  4896   299  4261
0015:   28  262   60   74 2 |  4090  4062   212  3588
0016:    9  352   28   14 2 |  5423  5414   187  4875
0017:   99  143   33   17 2 |  3727  3628    61  3424
0018:   78  226   37   71 4 |  5008  4930   308  4396
0019:   29  116   82   46 4 |  2731  2702    75  2511
SUM: 6493 87.80 66.76 4115.25 3537.10 0.308
