RR 2
0000:   25  478   12   47 2 |  6475  6450  1981  3991
0001:   69  468   81   62 4 |  5678  5609   453  4688
0002:   37  157   78   50 2 |  2983  2946   106  2683
0003:    0  372   43   63 4 |  5307  5307   256  4679
0004:   76  300   71   72 4 |  4815  4739   219  4220
0005:   12  159   94   95 1 |  2890  2878   138  2581
0006:   12  357   49   98 3 |  5379  5367   555  4455
0007:   58  265   92   97 3 |  4575  4517   377  3875
0008:    1  241   66   50 3 |  3971  3970   121  3608
0009:   69  396   76   88 1 |  5526  5457   441  4620
0010:   62  251   59   32 1 |  4228  4166   103  3812
0011:   60  349   13   51 3 |  5727  5667  1261  4057
0012:   88  370   87   23 3 |  5249  5161    39  4752
0013:    0  240   39   32 4 |  4156  4156   276  3640
0014:   63  121   37   39 4 |  2421  2358   127  2110
0015:   50  331   27   56 2 |  5267  5217   441  4445
0016:   12  341   16   45 2 |  5527  5515   891  4283
0017:   40  106   38   33 2 |  2186  2146   142  1898
0018:   57  343   72   21 4 |  5098  5041    90  4608
0019:  100  150   56   73 4 |  2945  2845   117  2578
SUM: 6475 89.50 77.10 4475.60 3779.15 0.309
