LCFS
0000:   63  141   83   78 2 |  2989  2926    34  2751
0001:  100  126   43   89 4 |   942   842   237   479
0002:   39  326   73   45 2 |  4378  4339   234  3779
0003:    2  369   61   89 4 |  1370  1368   401   598
0004:   96  345   21   49 4 |  3269  3173   958  1870
0005:   22  213   56   11 1 |  4806  4784    56  4515
0006:   70  421   32   62 3 |  4556  4486   716  3349
0007:   42  353   61   33 3 |   877   835   226   256
0008:   12  399   72   88 3 |  5986  5974   711  4864
0009:   81  442   49   38 1 |  3411  3330   406  2482
0010:   83  175   75   94 1 |  1512  1429   167  1087
0011:   26  382   20   36 3 |  3322  3296   717  2197
0012:   70  290   50   18 3 |  2554  2484    90  2104
0013:   52  375   32   24 4 |  5238  5186   312  4499
0014:   12  116   10   16 4 |  5286  5274   140  5018
0015:   24  105   47   47 2 |  4244  4220   125  3990
0016:   71  375   18   16 2 |  4804  4733   353  4005
0017:   93  156   79   93 2 |   577   484   124   204
0018:   89  134   59   67 4 |  1712  1623   223  1266
0019:   52  255   89   11 4 |  3619  3567    17  3295
SUM: 5986 91.85 68.01 3217.65 2630.40 0.334
