PREPRIO 2
0000:   22  352   48   13 2 |  5784  5762   105  5305
0001:   95  475   36   84 5 |  4464  4369  1056  2838
0002:   29  495   26   58 3 |  5871  5842   949  4398
0003:   11  375   89   88 2 |  6087  6076   342  5359
0004:   88  459   17   30 5 |  3470  3382   801  2122
0005:   45  356   38   39 2 |  5909  5864   316  5192
0006:   70  450   63   43 2 |  6361  6291   254  5587
0007:   66  438   50   18 4 |  4583  4517   105  3974
0008:   80  102   90   10 2 |  2759  2679    15  2562
0009:   80  498   12   46 1 |  7902  7822  1891  5433
0010:   45  148   95   23 4 |  2024  1979    17  1814
0011:   22  124   38   21 4 |  1625  1603    32  1447
0012:   62  264   25   80 1 |  6752  6690   876  5550
0013:   29  411   16   37 4 |  3830  3801   778  2612
0014:   94  427   27   54 1 |  7191  7097   886  5784
0015:   67  225   51   65 2 |  4842  4775   210  4340
0016:   30  449   42   82 2 |  6510  6480   750  5281
0017:   51  319   59   62 4 |  3982  3931   395  3217
0018:   26  401   14   78 2 |  6895  6869  2548  3920
0019:   51  440   98   92 1 |  7073  7022   337  6245
SUM: 7902 91.22 82.38 5142.55 4149.00 0.253
