RR 2
0000:   35  467   80   38 2 |  6173  6138   241  5430
0001:   14  115   94   39 4 |  2066  2052    71  1866
0002:   68  432   51   39 2 |  6088  6020   260  5328
0003:   88  229   18   68 4 |  4708  4620   764  3627
0004:    9  293   28   90 4 |  5236  5227   656  4278
0005:   79  422   46   33 1 |  6043  5964   317  5225
0006:    5  374   42   25 3 |  5638  5633   216  5043
0007:   84  198   84   77 3 |  3867  3783   305  3280
0008:   93  408   16   68 3 |  6465  6372  1447  4517
0009:    4  259   31   98 1 |  5204  5200   984  3957
0010:    4  225   84   41 1 |  3847  3843    83  3535
0011:   34  248   34   16 3 |  4417  4383   130  4005
0012:   19  362   57   50 3 |  5640  5621   346  4913
0013:   63  329   15   82 4 |  6172  6109  1504  4276
0014:   27  400   83   44 4 |  5828  5801   195  5206
0015:   39  310   91   65 2 |  5147  5108   208  4590
0016:   67  439   23   28 2 |  6212  6145   567  5139
0017:   94  161   96   49 2 |  3010  2916    75  2680
0018:   28  463   11   78 4 |  7521  7493  3085  3945
0019:   64  256   52   38 4 |  4526  4462   162  4044
SUM: 7521 84.96 85.35 5144.50 4244.20 0.266
