LCFS
0000:   58  210   83   13 2 |  2503  2445    28  2207
0001:   84  396   81   14 4 |   827   743    77   270
0002:   57  475   27   51 2 |  5780  5723   944  4304
0003:    9  396   60   79 4 |  6468  6459   552  5511
0004:   67  492   70   76 4 |  3572  3505   377  2636
0005:    6  147  100   93 1 |   383   377   182    48
0006:  100  279   48   78 3 |  1387  1287   248   760
0007:   70  155   12   24 3 |  3551  3481   319  3007
0008:   61  159   50   47 3 |  3447  3386   124  3103
0009:   28  281   86   87 1 |  3212  3184   198  2705
0010:   27  467   92   97 1 |  4522  4495   274  3754
0011:   93  425   88   85 3 |  1868  1775   271  1079
0012:   72  351   68   29 3 |  1369  1297   242   704
0013:   98  412   19   95 4 |  5453  5355  1435  3508
0014:   64  430   11   15 4 |  6623  6559   611  5518
0015:   12  212   50   34 2 |  5326  5314   144  4958
0016:   92  210   49   80 2 |  2144  2052   379  1463
0017:   39  118   25   17 2 |  2026  1987    81  1788
0018:   22  292   59   48 4 |  5717  5695   329  5074
0019:   23  414   93   94 4 |  5300  5277   356  4507
SUM: 6623 95.44 69.64 3519.80 2845.20 0.302
