PREPRIO 4
0000:    0  108   85   71 2 |  3589  3589    95  3386
0001:   52  321   40   35 4 |  3248  3196   338  2537
0002:   87  172   13   41 2 |  3841  3754   382  3200
0003:   11  191   13   30 4 |   933   922   345   386
0004:   43  343   18   43 4 |  3097  3054   783  1928
0005:   18  221   83   82 1 |  5352  5334   128  4985
0006:    0  343   19   36 3 |  4392  4392   572  3477
0007:   72  115   49   67 3 |  2326  2254   119  2020
0008:   47  399   15   99 3 |  5188  5141  2432  2310
0009:   29  450   31   85 1 |  6459  6430  1072  4908
0010:   16  493   84   69 1 |  5947  5931   380  5058
0011:   10  207   45   97 3 |  4099  4089   619  3263
0012:   35  461   37   10 3 |  4881  4846   158  4227
0013:   30  412   55   34 4 |  4473  4443   199  3832
0014:   35  278   93   49 4 |  4147  4112   119  3715
0015:   86  191   28   19 2 |  4451  4365    81  4093
0016:   65  220   36   61 2 |  4669  4604   260  4124
0017:   56  397   50   87 2 |  5482  5426   517  4512
0018:   38  305   61   91 4 |  3904  3866   433  3128
0019:   26  286   28   45 4 |  3431  3405   430  2689
SUM: 6459 91.55 82.57 4157.65 3388.90 0.310
