SRTF
0000:   82  272   64   68 2 |  1997  1915   230  1413
0001:   36  459   52   36 4 |  5336  5300   352  4489
0002:   53  148   73   14 2 |   457   404    29   227
0003:   50  478   66   32 4 |  5326  5276   185  4613
0004:   61  339   28   11 4 |  2997  2936   134  2463
0005:    2  247   84   71 1 |   936   934   206   481
0006:   69  248   37   20 3 |  1632  1563   139  1176
0007:    9  397   68   57 3 |  4500  4491   505  3589
0008:   67  404   13   51 3 |  6812  6745  1350  4991
0009:    1  190   66   42 1 |   380   379    70   119
0010:   72  253   76   20 1 |  1066   994    42   699
0011:   63  326   66   99 3 |  2362  2299   416  1557
0012:   82  246   15   49 3 |  2920  2838   824  1768
0013:   59  437   32   99 4 |  6952  6893  1616  4840
0014:   48  471   69   99 4 |  6584  6536   921  5144
0015:   49  353   32   48 2 |  3863  3814   375  3086
0016:   65  172   21   63 2 |  1552  1487   486   829
0017:   90  377   51   42 2 |  3119  3029   308  2344
0018:   82  388   71   86 4 |  3998  3916   428  3100
0019:   63  158   46   12 4 |   691   628    31   439
SUM: 6952 91.53 74.55 3118.85 2368.35 0.288
