FCFS
0000:   96  471   24   18 2 |  5697  5601   320  4810
0001:   67  278   54   87 4 |  4234  4167   318  3571
0002:   13  322   68   22 2 |  3781  3768   133  3313
0003:   68  448   16   59 4 |  6690  6622  1668  4506
0004:   89  211   74   99 4 |  3403  3314   308  2795
0005:  100  182   77   77 1 |  3550  3450   350  2918
0006:   41  247   68   22 3 |  3323  3282    81  2954
0007:    1  488   18   79 3 |  6770  6769  1933  4348
0008:   93  141   42   26 3 |  3847  3754   113  3500
0009:   43  437   13   33 1 |  6370  6327  1032  4858
0010:   98  361   21   33 1 |  5474  5376   394  4621
0011:   16  312   59   39 3 |  3988  3972   215  3445
0012:   64  330   65   77 3 |  4126  4062   315  3417
0013:   89  288   60   75 4 |  4440  4351   365  3698
0014:   40  141   38   99 4 |  3740  3700   493  3066
0015:   47  482   99   84 2 |  4339  4292   516  3294
0016:   64  351   67   26 2 |  4027  3963   142  3470
0017:   93  231   92   47 2 |  2888  2795    91  2473
0018:    1  340   29   59 4 |  5413  5412   762  4310
0019:   44  151   16   63 4 |  5081  5037   628  4258
SUM: 6770 91.76 80.71 4500.70 3681.25 0.295
