SRTF
0000:   40  388   65   74 2 |  4116  4076   357  3331
0001:   37  318   18   27 4 |  4884  4847   465  4064
0002:   33  264   95   92 2 |  2321  2288   253  1771
0003:   89  184   27   96 4 |  1493  1404   606   614
0004:   99  322   87   53 4 |  3122  3023   168  2533
0005:   23  188   52   82 1 |   611   588   254   146
0006:   79  407   64   37 3 |  4389  4310   221  3682
0007:   22  227   59   33 3 |  1639  1617    98  1292
0008:   68  269   75  100 3 |  2732  2664   383  2012
0009:   25  422   34   21 1 |  5550  5525   353  4750
0010:   17  241   34   13 1 |  2381  2364   119  2004
0011:   42  211   70   72 3 |  1550  1508   327   970
0012:   63  139   46   46 3 |   379   316   110    67
0013:   17  209   92   61 4 |   886   869   188   472
0014:    0  264   72   16 4 |  1190  1190    52   874
0015:   41  424   89   66 2 |  5394  5353   165  4764
0016:   85  358   67   44 2 |  3859  3774   300  3116
0017:   44  398   13   26 2 |  6135  6091   825  4868
0018:  100  151   19   88 4 |  1223  1123   598   374
0019:   15  280   85   99 4 |  2975  2960   354  2326
SUM: 6135 92.32 66.68 2794.50 2201.50 0.326
