PREPRIO 4
0000:   76  244   87   46 2 |  5473  5397    64  5089
0001:   91  144   45   73 4 |  2151  2060   166  1750
0002:   85  460   34   24 2 |  6243  6158   361  5337
0003:   93  384   17   33 4 |  3686  3593   663  2546
0004:   60  448   89   57 4 |  5110  5050   264  4338
0005:   72  500   47   48 1 |  7041  6969   454  6015
0006:   49  251   16   11 3 |  3067  3018   135  2632
0007:   69  440   31   94 3 |  5497  5428   878  4110
0008:   53  140   18   44 3 |  2276  2223   293  1790
0009:   86  116   82   30 1 |  5388  5302    40  5146
0010:   51  427   35   86 1 |  7273  7222  1456  5339
0011:   88  369   99   40 3 |  5464  5376   172  4835
0012:   65  358   43   72 3 |  5275  5210   857  3995
0013:   15  255   46   69 4 |  3196  3181   534  2392
0014:   65  383   33   84 4 |  4754  4689  1034  3272
0015:   94  441   68   23 2 |  6255  6161   109  5611
0016:   64  475   44  100 2 |  6654  6590   965  5150
0017:   41  384   79   26 2 |  6128  6087   133  5570
0018:   67  261   32   14 4 |  2801  2734    77  2396
0019:   12  423  100   26 4 |  4805  4793   126  4244
SUM: 7273 94.91 71.46 4862.05 4077.85 0.275
