SRTF
0000:   16  295   41   73 2 |  1832  1816   408  1113
0001:   94  418   29   89 4 |  6180  6086  1192  4476
0002:   83  265   16   27 2 |  1860  1777   439  1073
0003:   94  147   12   30 4 |  1024   930   318   465
0004:   99  314   44   47 4 |  3159  3060   363  2383
0005:   11  405   29   29 1 |  4259  4248   396  3447
0006:   10  212   73   11 3 |   436   426    49   165
0007:    9  143   10   13 3 |   796   787   163   481
0008:   38  419   41   48 3 |  5459  5421   469  4533
0009:   21  408   24   24 1 |  4781  4760   464  3888
0010:   23  239   42   31 1 |   906   883   149   495
0011:   19  272   33   85 3 |  2270  2251   770  1209
0012:   72  310   28   81 3 |  2695  2623   595  1718
0013:   10  467   26   13 4 |  6086  6076   251  5358
0014:   93  385   87   43 4 |  3382  3289   174  2730
0015:   27  384   71   31 2 |  2716  2689   109  2196
0016:   38  472   21   75 2 |  7712  7674  1785  5417
0017:   45  409   39   78 2 |  5125  5080   651  4020
0018:   25  117   92   81 4 |   262   237    74    46
0019:   68  270   12   59 4 |  4045  3977  1211  2496
SUM: 7712 82.35 78.67 3204.50 2385.45 0.259
