PRIO 5
0000:   50  340   41   56 3 |  3365  3315   554  2421
0001:   86  433   33   69 2 |  4810  4724  1034  3257
0002:   43  127   41   53 1 |  3942  3899   117  3655
0003:   33  163   95   23 3 |  2062  2029    27  1839
0004:    3  293   52   60 2 |  3890  3887   326  3268
0005:   75  347   22   30 3 |  3016  2941   506  2088
0006:   62  403   85   16 3 |  3973  3911    62  3446
0007:   46  221   69   82 1 |  4729  4683   231  4231
0008:   24  203   58   90 3 |  2700  2676   235  2238
0009:   61  142   37   74 3 |  1952  1891   212  1537
0010:   32  247   91   28 1 |  4705  4673    40  4386
0011:   19  485   42   25 1 |  5215  5196   239  4472
0012:   77  144   72   86 2 |  2871  2794   125  2525
0013:    4  355   87   69 1 |  5020  5016   327  4334
0014:   98  155   55   62 3 |  1993  1895   123  1617
0015:   73  409   77   85 2 |  4753  4680   634  3637
0016:   52  234   83   24 1 |  4667  4615    42  4339
0017:   99  108   99   19 1 |  3644  3545    29  3408
0018:   40  212   21   55 3 |  2270  2230   591  1427
0019:   44  122   65   45 2 |  2638  2594   127  2345
SUM: 5215 98.62 61.88 3559.70 3023.50 0.384
