RR 2
0000:   65  184   20   56 2 |  3769  3704   428  3092
0001:   68  438   32   28 4 |  5548  5480   395  4647
0002:   29  113   50   99 2 |  2242  2213   122  1978
0003:   65  487   99   99 4 |  5618  5553   391  4675
0004:   51  216   68   34 4 |  3777  3726   136  3374
0005:   21  135   66   27 1 |  2523  2502    64  2303
0006:   68  275   29   29 3 |  4552  4484   244  3965
0007:   21  219   69   11 3 |  3689  3668    25  3424
0008:   96  315   87   77 3 |  4924  4828   360  4153
0009:   41  470   92   85 1 |  5559  5518   381  4667
0010:   76  397   60   43 1 |  5291  5215   237  4581
0011:   41  441   70   26 3 |  5438  5397   140  4816
0012:   39  435  100   96 3 |  5583  5544   484  4625
0013:   88  315   60   64 4 |  4889  4801   357  4129
0014:   58  108   14  100 4 |  3089  3031   919  2004
0015:   25  190   78   18 2 |  3318  3293    36  3067
0016:   14  159   55   31 2 |  2829  2815    58  2598
0017:   72  305   91   74 2 |  4740  4668   187  4176
0018:   11  271   39   58 4 |  4543  4532   504  3757
0019:    1  140   63   63 4 |  2370  2369    49  2180
SUM: 5618 99.91 65.43 4167.05 3610.55 0.356
