SRTF
0000:   51  378   45   62 2 |  4439  4388   611  3399
0001:   29  192   34   14 4 |   551   522    90   240
0002:   15  446   90   54 2 |  5569  5554   207  4901
0003:   39  152   19   69 4 |  1335  1296   561   583
0004:   57  357   91   64 4 |  1900  1843   218  1268
0005:   64  244   71   44 1 |   947   883    77   562
0006:   69  439   98   85 3 |  5029  4960   403  4118
0007:   68  494   58   68 3 |  6532  6464   360  5610
0008:   53  468   80   72 3 |  6266  6213   365  5380
0009:   98  131   96   93 1 |   350   252    73    48
0010:   48  177   44   27 1 |   875   827   139   511
0011:   71  166   17   86 3 |  1913  1842   976   700
0012:   95  435   99   99 3 |  4685  4590   576  3579
0013:   84  316   28   33 4 |  2642  2558   332  1910
0014:   16  303   35   52 4 |  3068  3052   538  2211
0015:   99  278   36   50 2 |  2044  1945   341  1326
0016:   11  409   72   50 2 |  3810  3799   289  3101
0017:   56  400   58   15 2 |  5220  5164   104  4660
0018:   25  231   12   21 4 |  2483  2458   371  1856
0019:    0  374   38   65 4 |  3576  3576   474  2728
SUM: 6532 97.83 69.87 3109.30 2434.55 0.306
