PREPRIO 4
0000:   10  170   72   19 2 |  4441  4431    63  4198
0001:    5  481   51   27 4 |  4726  4721   258  3982
0002:   97  200   74   85 2 |  4701  4604   249  4155
0003:   50  120   46   73 4 |  1520  1470   186  1164
0004:   33  391   33   55 4 |  4224  4191   641  3159
0005:   29  442   48   27 1 |  5680  5651   256  4953
0006:   46  301   63   25 3 |  4480  4434   102  4031
0007:    4  219   78   82 3 |  4086  4082    63  3800
0008:  100  219   49   76 3 |  3769  3669   388  3062
0009:    2  199   46   43 1 |  5253  5251   159  4893
0010:   10  345   48   67 1 |  5800  5790   543  4902
0011:   15  369   11   92 3 |  5401  5386  3029  1988
0012:   37  300   97   60 3 |  4760  4723   118  4305
0013:   59  115   86   44 4 |  1565  1506    89  1302
0014:   86  368   87   21 4 |  4541  4455    40  4047
0015:   49  211   88   26 2 |  4800  4751    15  4525
0016:   31  190   11   85 2 |  4484  4453  1152  3111
0017:   61  343   15   61 2 |  5231  5170  1195  3632
0018:   72  351   80   14 4 |  4080  4008    85  3572
0019:   50  268   42   99 4 |  3347  3297   716  2313
SUM: 5800 96.59 83.10 4302.15 3554.70 0.345
