SRTF
0000:   65  138   43   29 2 |   386   321    83   100
0001:   17  438   19   11 4 |  5761  5744   271  5035
0002:   58  403   52   52 2 |  4776  4718   565  3750
0003:   88  323  100   32 4 |  2634  2546    59  2164
0004:   48  241   92   50 4 |  1395  1347   161   945
0005:   52  330   96   90 1 |  3259  3207   267  2610
0006:   40  314   82   33 3 |  2403  2363   106  1943
0007:   14  110   91   17 3 |   208   194    12    72
0008:   86  485   98   19 3 |  5420  5334   103  4746
0009:   44  205   24   57 1 |  1975  1931   459  1267
0010:   13  391   55   45 1 |  3467  3454   216  2847
0011:  100  446   98   67 3 |  4586  4486   256  3784
0012:   80  143   25   57 3 |  1201  1121   340   638
0013:    3  174   53   42 4 |   942   939   108   657
0014:   44  242   32   15 4 |  2165  2121   149  1730
0015:   57  382   14   75 2 |  6753  6696  2169  4145
0016:   11  165   79   36 2 |   783   772   109   498
0017:   49  151   53   25 2 |   640   591    87   353
0018:   39  392   56   64 4 |  4369  4330   557  3381
0019:    0  333   89   77 4 |  2069  2069   260  1476
SUM: 6753 85.98 66.73 2714.20 2107.05 0.296
