PRIO 5
0000:   45  263   81   12 3 |  3148  3103    27  2813
0001:   58  379   50   20 2 |  4637  4579   167  4033
0002:   43  176   17   25 1 |  4169  4126   265  3685
0003:    2  136   81   45 3 |  1924  1922    84  1702
0004:   51  237   45   13 2 |  3609  3558    89  3232
0005:   22  338   63   82 3 |  3693  3671   603  2730
0006:   72  121   53   45 3 |  1645  1573    84  1368
0007:   66  425   65   50 1 |  5717  5651   408  4818
0008:   15  235   99   11 3 |  2889  2874     7  2632
0009:   84  475  100   23 3 |  4390  4306    31  3800
0010:    3  409   93   60 1 |  5532  5529   185  4935
0011:   86  156   40   41 1 |  4464  4378    65  4157
0012:   25  246   38   84 2 |  3786  3761   486  3029
0013:   77  257   28   50 1 |  5214  5137   594  4286
0014:   12  256  100   86 3 |  3227  3215   263  2696
0015:   22  330   65   52 2 |  4513  4491   102  4059
0016:   94  175   25   93 1 |  4782  4688   929  3584
0017:   32  375   74   68 1 |  5570  5538   264  4899
0018:   78  112   98   38 3 |  1549  1471    47  1312
0019:   10  493   56   96 2 |  5275  5265   715  4057
SUM: 5717 97.85 60.89 3941.80 3391.35 0.350
