RR 2
0000:   66  189   44   82 2 |  3676  3610   434  2987
0001:   88  238   95   97 4 |  3967  3879   140  3501
0002:   93  401   68   29 2 |  5018  4925   134  4390
0003:   22  254   26   84 4 |  4346  4324   619  3451
0004:   26  217   96   18 4 |  3591  3565    28  3320
0005:   12  154   98   87 1 |  2768  2756   149  2453
0006:   89  185   85   16 3 |  3324  3235    35  3015
0007:   38  411   94   47 3 |  5099  5061   263  4387
0008:   57  174   10   63 3 |  4278  4221  1308  2739
0009:    7  352   22   48 1 |  5140  5133   844  3937
0010:   63  205   47   99 1 |  3785  3722   402  3115
0011:   82  375   48   89 3 |  5150  5068   598  4095
0012:   98  367   32   89 3 |  5215  5117   890  3860
0013:   34  122   97   76 4 |  2252  2218   105  1991
0014:    3  156   33   96 4 |  2890  2887   208  2523
0015:   94  413   29   91 2 |  5444  5350  1005  3932
0016:   68  466   87   73 2 |  5237  5169   313  4390
0017:   93  166   50   67 2 |  3256  3163   232  2765
0018:    4  166   40   99 4 |  3150  3146   358  2622
0019:   39  265   16   63 4 |  4755  4716  1100  3351
SUM: 5444 96.91 83.91 4063.25 3341.20 0.367
