RR 5
0000:   11  354   68   13 2 |  5102  5091    60  4677
0001:   89  498   23   46 4 |  6173  6084   949  4637
0002:   57  140   87   16 2 |  2614  2557    44  2373
0003:   96  462   86   71 4 |  5854  5758   444  4852
0004:   74  429   86   97 4 |  5709  5635   336  4870
0005:   27  317   69   63 1 |  5146  5119   326  4476
0006:   95  258   89   97 3 |  4471  4376   138  3980
0007:    2  369   60   75 3 |  5461  5459   455  4635
0008:   83  338   58   51 3 |  5268  5185   204  4643
0009:  100  373   16   14 1 |  5754  5654   357  4924
0010:   52  116   42   66 1 |  2478  2426   241  2069
0011:   61  192   55   83 3 |  3711  3650   319  3139
0012:  100  359   82   45 3 |  5344  5244   158  4727
0013:   64  383   24   21 4 |  5688  5624   309  4932
0014:   16  181   18   10 4 |  3539  3523    89  3253
0015:   21  135   16   63 2 |  3393  3372   615  2622
0016:   75  267   38   80 2 |  4922  4847   509  4071
0017:   49  172   45   35 2 |  3394  3345   157  3016
0018:   66  342   50   35 4 |  5369  5303   244  4717
0019:   58  243   99   56 4 |  4080  4022    39  3740
SUM: 6173 96.03 62.72 4613.70 4017.65 0.324
