PREPRIO 2
0000:    0  132   40   29 2 |  2848  2848    75  2641
0001:   14  125   53   70 5 |  1170  1156   240   791
0002:   35  311   56   77 3 |  4109  4074   410  3353
0003:   61  301   72   69 2 |  4690  4629   191  4137
0004:   18  147   18   90 5 |  1386  1368   411   810
0005:   39  363   40   54 2 |  4957  4918   433  4122
0006:   71  169   31   69 2 |  3718  3647   593  2885
0007:   61  456   62   93 4 |  4462  4401   829  3116
0008:   84  131   21   54 2 |  2900  2816   331  2354
0009:   87  310   42   29 1 |  5398  5311   156  4845
0010:   68  258   37   81 4 |  2976  2908   496  2154
0011:   78  304   94   50 4 |  3393  3315   125  2886
0012:   24  397   53   50 1 |  5756  5732   567  4768
0013:    8  259   93   50 4 |  2973  2965   112  2594
0014:    0  298   68   68 1 |  5377  5377   237  4842
0015:   37  207   67   27 2 |  4030  3993    66  3720
0016:   90  314   10   54 2 |  5052  4962  1769  2879
0017:   77  478   67   80 4 |  4370  4293   355  3460
0018:   90  399   42   85 2 |  5477  5387  1109  3879
0019:    4  163   38   45 1 |  4825  4821   212  4446
SUM: 5756 95.93 82.21 3946.05 3234.10 0.347
