PRIO 5
0000:   23  459   91   71 3 |  4705  4682   183  4040
0001:   98  470   37   25 2 |  5171  5073   364  4239
0002:    4  371   14   42 1 |  5920  5916  1111  4434
0003:   76  331   27   89 3 |  3344  3268   826  2111
0004:   52  343   95   48 2 |  4997  4945    81  4521
0005:   66  484   55   44 3 |  4714  4648   247  3917
0006:   14  185   90   56 3 |  2706  2692   148  2359
0007:   36  229   43   33 1 |  5264  5228   190  4809
0008:   21  232   19   34 3 |  2312  2291   406  1653
0009:   75  156   48   54 3 |  2092  2017   238  1623
0010:    5  235   92   10 1 |  5288  5283    25  5023
0011:   27  128   44   70 1 |  4104  4077   244  3705
0012:   11  158   25   34 2 |  2416  2405   186  2061
0013:   57  342   32   58 1 |  5718  5661   526  4793
0014:    0  461   40  100 3 |  4699  4699  1479  2759
0015:  100  278   57   91 2 |  4576  4476   454  3744
0016:   37  368   78   51 1 |  5691  5654   273  5013
0017:   91  172   57   54 1 |  5016  4925   273  4480
0018:   63  135   43   32 3 |  1379  1316   164  1017
0019:   85  160   19   83 2 |  2736  2651   659  1832
SUM: 5920 96.23 74.92 4095.35 3406.65 0.338
