FCFS
0000:   44  193   96   35 2 |  3041  2997   105  2699
0001:   67  222   66   66 4 |  3914  3847   219  3406
0002:   67  163   84   45 2 |  2393  2326    70  2093
0003:   90  339   23   67 4 |  5802  5712  1011  4362
0004:   62  452   60   43 4 |  5035  4973   359  4162
0005:   36  224   49   97 1 |  3849  3813   441  3148
0006:   63  190   88   16 3 |  2872  2809    45  2574
0007:   46  334   96   72 3 |  3803  3757   278  3145
0008:   32  429   70   23 3 |  4652  4620   144  4047
0009:   96  227   59   83 1 |  4458  4362   420  3715
0010:   52  153   40   91 1 |  4746  4694   607  3934
0011:    8  489   42   12 3 |  5238  5230   162  4579
0012:   67  171   48   76 3 |  3301  3234   134  2929
0013:   78  136   52   58 4 |  2955  2877   116  2625
0014:   51  419   69   98 4 |  5064  5013   641  3953
0015:   81  150   62   47 2 |  3673  3592   147  3295
0016:   65  383   35   58 2 |  5410  5345   603  4359
0017:   59  325   92   92 2 |  2326  2267   128  1814
0018:   79  164   77   64 4 |  3015  2936   153  2619
0019:   50  260   62   30 4 |  3651  3601    77  3264
SUM: 5802 93.47 71.89 3900.25 3336.10 0.345
