PREPRIO 2
0000:   94  138   72   86 2 |  3315  3221   221  2862
0001:   62  178   86   80 5 |  1900  1838   176  1484
0002:   75  434   33   69 3 |  5043  4968   621  3913
0003:   89  304   51   48 2 |  5002  4913   315  4294
0004:   88  273   98   96 5 |  2692  2604   416  1915
0005:   90  452   16   13 2 |  5387  5297   454  4391
0006:   49  442   57   16 2 |  5521  5472   117  4913
0007:   68  406   85   77 4 |  4210  4142   351  3385
0008:   13  228   80   19 2 |  4342  4329    79  4022
0009:    3  471   50   51 1 |  6204  6201   416  5314
0010:   18  414   79   10 4 |  4116  4098    67  3617
0011:   42  168   81   31 4 |  2147  2105    46  1891
0012:   24  312   61   85 1 |  5852  5828   439  5077
0013:   31  104   10   27 4 |   945   914   248   562
0014:   49  420   63   40 1 |  6055  6006   233  5353
0015:    9  114   90   41 2 |  2711  2702    52  2536
0016:    1  304   28   97 2 |  5307  5306  1123  3879
0017:   32  437   26   29 4 |  4227  4195   569  3189
0018:   45  282   72   22 2 |  4821  4776    79  4415
0019:   86  186   74   23 1 |  5349  5263    49  5028
SUM: 6204 97.79 64.14 4208.90 3602.00 0.322
