LCFS
0000:   42  221   93   54 2 |  3094  3052   149  2682
0001:   59  279   55   35 4 |  2478  2419   171  1969
0002:   98  274   11   48 2 |  4304  4206  1118  2814
0003:   22  407   44   30 4 |  4115  4093   187  3499
0004:   61  221   12   71 4 |  4711  4650  1238  3191
0005:   83  343   44   69 1 |  2213  2130   606  1181
0006:   99  119   95   90 3 |   610   511    84   308
0007:   15  306  100   21 3 |  4057  4042    36  3700
0008:   33  171   78   11 3 |  3080  3047    22  2854
0009:   81  202   76   90 1 |  1416  1335   197   936
0010:   86  235   74   42 1 |   796   710    90   385
0011:   82  129   58   19 3 |  1212  1130    39   962
0012:   61  154   76   34 3 |  1720  1659    50  1455
0013:    8  253   38   81 4 |  4909  4901   495  4153
0014:   18  174   64   24 4 |  3547  3529    80  3275
0015:   78  139   89   80 2 |  1411  1333   133  1061
0016:   47  114   47   66 2 |  2623  2576   140  2322
0017:    3  164   47   64 2 |  2243  2240   183  1893
0018:   36  365   86   28 4 |   795   759   100   294
0019:   48  348   16   14 4 |  4468  4420   255  3817
SUM: 4909 94.07 64.92 2637.10 2137.55 0.407
