SRTF
0000:    3  449   34   30 2 |  5024  5021   367  4205
0001:   10  201   15   37 4 |  1766  1756   443  1112
0002:   55  185   81   36 2 |   543   488    75   228
0003:   63  143   39   14 4 |   401   338    41   154
0004:   49  353   31   69 4 |  2718  2669   641  1675
0005:   26  449   93   17 1 |  3864  3838   102  3287
0006:   79  276   89   37 3 |  1147  1068   115   677
0007:   75  428   98   92 3 |  2552  2477   583  1466
0008:   29  468   57   29 3 |  6366  6337   201  5668
0009:   98  458   90   90 1 |  5279  5181   375  4348
0010:   78  415   28   41 1 |  4438  4360   562  3383
0011:   68  462   31   79 3 |  6622  6554  1170  4922
0012:   31  122   60   37 3 |   436   405   123   160
0013:    4  198   29   27 4 |  1156  1152   183   771
0014:    6  478   25   44 4 |  7268  7262   754  6030
0015:   25  269   18   82 2 |  2752  2727   855  1603
0016:   74  141   16   60 2 |  1197  1123   458   524
0017:   27  476   90   23 2 |  5733  5706   113  5117
0018:   51  400   43   73 4 |  3195  3144   612  2132
0019:   32  378   23   42 4 |  3986  3954   606  2970
SUM: 7268 92.86 70.57 3278.00 2521.60 0.275
