SRTF
0000:   50  313   76   12 2 |  2580  2530    72  2145
0001:   96  337   86   47 4 |  3264  3168   176  2655
0002:   62  262   37   19 2 |  1680  1618   100  1256
0003:   53  315   45   35 4 |  3003  2950   144  2491
0004:    0  277   84   55 4 |  2170  2170   181  1712
0005:    2  472   96   12 1 |  3656  3654    74  3108
0006:   96  386   31   85 3 |  5152  5056  1133  3537
0007:   99  455   27   25 3 |  5751  5652   382  4815
0008:   12  266   84   38 3 |  1884  1872   168  1438
0009:   68  133   69   58 1 |   493   425   123   169
0010:   29  235   52   74 1 |  1152  1123   351   537
0011:   90  448   19   18 3 |  5425  5335   417  4470
0012:   39  150   29   24 3 |   751   712   137   425
0013:   71  261   16   57 4 |  2667  2596   824  1511
0014:   87  145   15   92 4 |  1496  1409   687   577
0015:   42  137   91   29 2 |   287   245    30    78
0016:   11  472   73   36 2 |  4674  4663   258  3933
0017:   83  461   21   54 2 |  7094  7011  1233  5317
0018:   99  227   49   31 4 |  1095   996   169   600
0019:   72  475   60   18 4 |  5914  5842   126  5241
SUM: 7094 87.78 66.46 2951.35 2300.75 0.282
