PREPRIO 2
0000:   63  141   83   78 2 |  3558  3495   203  3151
0001:  100  126   43   89 5 |  1387  1287   241   920
0002:   39  326   73   45 3 |  4157  4118   240  3552
0003:    2  369   61   89 2 |  5020  5018   355  4294
0004:   96  345   21   49 5 |  2784  2688   853  1490
0005:   22  213   56   11 2 |  4121  4099    34  3852
0006:   70  421   32   62 2 |  5341  5271   831  4019
0007:   42  353   61   33 4 |  3773  3731   216  3162
0008:   12  399   72   88 2 |  5067  5055   144  4512
0009:   81  442   49   38 1 |  5703  5622   439  4741
0010:   83  175   75   94 4 |  2416  2333   211  1947
0011:   26  382   20   36 4 |  3377  3351   796  2173
0012:   70  290   50   18 1 |  5313  5243    93  4860
0013:   52  375   32   24 4 |  3659  3607   316  2916
0014:   12  116   10   16 1 |  3944  3932   155  3661
0015:   24  105   47   47 2 |  2678  2654   165  2384
0016:   71  375   18   16 2 |  4846  4775   319  4081
0017:   93  156   79   93 4 |  2226  2133   137  1840
0018:   89  134   59   67 2 |  3469  3380   143  3103
0019:   52  255   89   11 1 |  5219  5167    30  4882
SUM: 5703 96.41 64.14 3847.95 3277.00 0.351
