SRTF
0000:   10  380   84   82 2 |  3469  3459   493  2586
0001:   86  143   91   15 4 |   392   306    11   152
0002:   87  302   90   48 2 |  2025  1938   165  1471
0003:   36  269   97   48 4 |  1417  1381   114   998
0004:   95  311   56   29 4 |  2752  2657   195  2151
0005:   40  291   78   50 1 |  1860  1820   274  1255
0006:   75  112   63   80 3 |   517   442   125   205
0007:   51  325   50   59 3 |  2715  2664   365  1974
0008:   71  177   73   86 3 |   885   814   226   411
0009:   74  209   68   63 1 |   944   870   156   505
0010:   74  500   28   52 1 |  6629  6555   969  5086
0011:   49  420   19   82 3 |  6540  6491  1565  4506
0012:   28  381   12   33 3 |  5689  5661   923  4357
0013:   45  248   73   48 4 |  1088  1043   131   664
0014:    8  371   92   67 4 |  3494  3486   333  2782
0015:   40  418   31   11 2 |  4871  4831   157  4256
0016:   29  451   72   84 2 |  4623  4594   594  3549
0017:    3  105   76   22 2 |   172   169    30    34
0018:   50  400   70   84 4 |  4149  4099   465  3234
0019:   24  482   19   43 4 |  6593  6569  1000  5087
SUM: 6629 94.96 74.96 2992.45 2263.15 0.302
