PRIO 2
0000:   25  297   71   50 2 |  5649  5624   179  5148
0001:   98  355   76   46 4 |  4518  4420   212  3853
0002:   43  268   49   92 2 |  5580  5537   468  4801
0003:   93  239   66   87 4 |  3567  3474   215  3020
0004:   85  233   49   80 4 |  3414  3329   290  2806
0005:    7  460   42   61 1 |  6958  6951   620  5871
0006:    8  429   13   29 3 |  4819  4811   865  3517
0007:   97  128   54   17 3 |  2595  2498    25  2345
0008:   88  313   38   14 3 |  4730  4642   122  4207
0009:   21  423   59   88 1 |  6777  6756   415  5918
0010:   29  331   76   75 1 |  6459  6430   168  5931
0011:    3  406   74   56 3 |  5472  5469   226  4837
0012:   89  280   36   71 3 |  4579  4490   409  3801
0013:   37  357   26   46 4 |  4292  4255   587  3311
0014:   33  357   19   13 4 |  3542  3509   272  2880
0015:   43  327   25   29 2 |  5743  5700   384  4989
0016:   23  494   86   45 2 |  6341  6318   270  5554
0017:   66  448   16   65 2 |  6714  6648  1860  4340
0018:   59  477   85   83 4 |  5421  5362   506  4379
0019:   22  169   70   17 4 |  2522  2500    32  2299
SUM: 6958 97.60 69.45 4936.15 4190.35 0.287
