SRTF
0000:   25  235   67   40 2 |  1347  1322   101   986
0001:    4  111   16   48 4 |  1040  1036   471   454
0002:   62  116   70   53 2 |   658   596   116   364
0003:   49  326   57   72 4 |  3012  2963   271  2366
0004:   69  406   18   88 4 |  6796  6727  2020  4301
0005:   54  360   65   64 1 |  3660  3606   225  3021
0006:    7  391   53   26 3 |  4243  4236   216  3629
0007:   91  168   45   48 3 |   883   792   109   515
0008:   23  147   44   63 3 |  1189  1166   352   667
0009:    5  123   72   35 1 |   268   263    39   101
0010:   25  248   41   84 1 |  2065  2040   446  1346
0011:   96  395   81   72 3 |  5089  4993   514  4084
0012:   37  301   15   67 3 |  4332  4295  1185  2809
0013:   70  346   38   38 4 |  3663  3593   294  2953
0014:   21  312   56   59 4 |  2485  2464   356  1796
0015:   83  232   69   67 2 |  1130  1047   155   660
0016:   96  225   18   82 2 |  2420  2324   734  1365
0017:   18  111   80   53 2 |   229   211    47    53
0018:   82  292   29   10 4 |  2275  2193    86  1815
0019:   19  376   30   16 4 |  4815  4796   199  4221
SUM: 6796 76.82 78.43 2533.15 1875.30 0.294
