PREPRIO 2
0000:   66  189   44   82 2 |  3827  3761   414  3158
0001:   88  238   95   97 5 |  2287  2199   336  1625
0002:   93  401   68   29 3 |  4229  4136   166  3569
0003:   22  254   26   84 2 |  4344  4322   716  3352
0004:   26  217   96   18 5 |  2099  2073    26  1830
0005:   12  154   98   87 2 |  3340  3328    99  3075
0006:   89  185   85   16 2 |  3718  3629    37  3407
0007:   38  411   94   47 4 |  3894  3856   184  3261
0008:   57  174   10   63 2 |  3937  3880  1667  2039
0009:    7  352   22   48 1 |  5398  5391   899  4140
0010:   63  205   47   99 4 |  2602  2539   408  1926
0011:   82  375   48   89 4 |  4011  3929   819  2735
0012:   98  367   32   89 1 |  5585  5487  1077  4043
0013:   34  122   97   76 4 |  1629  1595    67  1406
0014:    3  156   33   96 1 |  4549  4546   496  3894
0015:   94  413   29   91 2 |  5330  5236  1337  3486
0016:   68  466   87   73 2 |  4975  4907   374  4067
0017:   93  166   50   67 4 |  1969  1876   263  1447
0018:    4  166   40   99 2 |  3504  3500   425  2909
0019:   39  265   16   63 1 |  5240  5201  1032  3904
SUM: 5585 94.47 84.98 3769.55 2963.65 0.358
