FCFS
0000:   57  483   97   67 2 |  3878  3821   275  3063
0001:   25  390   16   67 4 |  6736  6711  1553  4768
0002:   83  261   60   70 2 |  3975  3892   387  3244
0003:   50  164   95   89 4 |  1896  1846   194  1488
0004:  100  182   78   27 4 |  2544  2444    67  2195
0005:   88  409   18   20 1 |  6157  6069   404  5256
0006:    3  397   18   44 3 |  6156  6153   662  5094
0007:    8  206   10   12 3 |  5692  5684   207  5271
0008:   86  379   49   65 3 |  4511  4425   384  3662
0009:   18  416   87   26 1 |  4051  4033   173  3444
0010:   61  318   13   21 1 |  6276  6215   564  5333
0011:   19  108   72   82 3 |  1178  1159   101   950
0012:    1  193   46   24 3 |  2581  2580    64  2323
0013:   25  494   23   22 4 |  6216  6191   435  5262
0014:   59  168   43   79 4 |  3647  3588   414  3006
0015:   64  416   31   54 2 |  5817  5753   745  4592
0016:   68  389   75   84 2 |  3742  3674   281  3004
0017:   74  332   92   78 2 |  3341  3267   189  2746
0018:   24  220   89   13 4 |  1251  1227    10   997
0019:   71  400   17   20 4 |  6148  6077   415  5262
SUM: 6736 93.90 72.86 4240.45 3548.00 0.297
