FCFS
0000:   24  146   33   76 2 |  3868  3844   292  3406
0001:   49  285   23  100 4 |  6037  5988  1504  4199
0002:   12  250   48   25 2 |  4633  4621   146  4225
0003:   93  461   42   77 4 |  5572  5479   993  4025
0004:   59  216   56   24 4 |  3853  3794    77  3501
0005:    0  412   42   50 1 |  5104  5104   385  4307
0006:   84  111   80   63 3 |  3712  3628   238  3279
0007:   17  303   85   39 3 |  3836  3819    91  3425
0008:   91  134   80   48 3 |  1727  1636    73  1429
0009:    5  103   28   30 1 |  2742  2737    87  2547
0010:   94  192   83   37 1 |  2281  2187    67  1928
0011:   41  198   61   67 3 |  3689  3648   176  3274
0012:    9  133   52   48 3 |  1813  1804    74  1597
0013:   37  280   89   37 4 |  4155  4118   171  3667
0014:   15  217   45   56 4 |  4341  4326   194  3915
0015:   49  496   74   73 2 |  5018  4969   472  4001
0016:    2  393   44   24 2 |  5070  5068   228  4447
0017:   45  343   65   16 2 |  4332  4287    78  3866
0018:    3  237   54   95 4 |  4056  4053   507  3309
0019:    9  479   83   93 4 |  3979  3970   162  3329
SUM: 6037 89.27 68.13 3954.00 3383.80 0.331
