RR 2
0000:   42  412   10   70 2 |  6093  6051  2503  3136
0001:   49  381   30   78 4 |  5149  5100   847  3872
0002:    3  118   17   47 2 |  2374  2371   385  1868
0003:   95  459   24   51 4 |  5257  5162   759  3944
0004:   95  124   70   65 4 |  2484  2389   124  2141
0005:   69  146   56  100 1 |  2663  2594    58  2390
0006:   68  372   38   77 3 |  4913  4845   632  3841
0007:   50  263   58   20 3 |  3986  3936    75  3598
0008:   21  292   14   50 3 |  4725  4704  1045  3367
0009:   31  270   74   75 1 |  4215  4184   413  3501
0010:   30  144   65   65 1 |  2649  2619   167  2308
0011:   12  254   22   19 3 |  3883  3871   193  3424
0012:   38  123   46   86 3 |  2470  2432   245  2064
0013:   85  299   65   55 4 |  4319  4234   187  3748
0014:   78  424   36   96 4 |  5253  5175   912  3839
0015:   66  287   97   45 2 |  4184  4118    61  3770
0016:   95  129   80   79 2 |  2604  2509   202  2178
0017:   65  241   38   60 2 |  4002  3937   381  3315
0018:   97  113   40   31 4 |  2203  2106    40  1953
0019:   52  467   91  100 4 |  5150  5098   456  4175
SUM: 6093 87.28 83.82 3871.75 3121.60 0.328
