PREPRIO 2
0000:   62  462   47   32 2 |  5431  5369   383  4524
0001:   10  167   72   10 5 |  1589  1579     4  1408
0002:   16  358   33   42 3 |  4165  4149   423  3368
0003:   72  395   65   37 2 |  5227  5155   318  4442
0004:    1  337   78   19 5 |  2920  2919    83  2499
0005:   88  292   98   47 2 |  4605  4517    61  4164
0006:    5  372   20   60 2 |  5413  5408  1055  3981
0007:   30  145   96   52 4 |  1821  1791    47  1599
0008:   77  204   59   26 2 |  3782  3705    65  3436
0009:   11  299   72   87 1 |  5661  5650   450  4901
0010:   89  117   29   45 4 |  1414  1325    84  1124
0011:   46  470   76   71 4 |  4378  4332   378  3484
0012:   68  199   53   43 1 |  5310  5242   178  4865
0013:   50  278   98   62 4 |  3117  3067   104  2685
0014:   86  477   11   28 1 |  6348  6262  1166  4619
0015:   83  213   27   90 2 |  4225  4142   761  3168
0016:   95  125   59   36 2 |  2938  2843   158  2560
0017:   35  205   85   44 4 |  2397  2362   194  1963
0018:    9  425   84   39 2 |  5340  5331   122  4784
0019:   16  272   63   58 1 |  5557  5541   264  5005
SUM: 6348 91.56 63.75 4034.45 3428.95 0.315
