PRIO 2
0000:    2  165   49   51 2 |  4124  4122   180  3777
0001:   44  373   50   58 4 |  4286  4242   352  3517
0002:   26  206   27   21 2 |  4342  4316   159  3951
0003:   64  345   11   49 4 |  3951  3887  1617  1925
0004:   79  359   54   89 4 |  4276  4197   386  3452
0005:   55  219   34   61 1 |  4994  4939   343  4377
0006:   60  211   56   81 3 |  3798  3738   261  3266
0007:    6  193   21   92 3 |  3645  3639   800  2646
0008:   66  121   36   70 3 |  2238  2172   354  1697
0009:   76  359   52   32 1 |  5129  5053   306  4388
0010:   60  114   40   45 1 |  4577  4517   139  4264
0011:   99  354   80   40 3 |  4596  4497   182  3961
0012:   12  255   44   86 3 |  4173  4161   426  3480
0013:   21  329   70   33 4 |  4035  4014   136  3549
0014:   94  202   10   18 4 |  1830  1736   396  1138
0015:   40  181   84   96 2 |  4357  4317    89  4047
0016:   55  232   69   35 2 |  4564  4509    95  4182
0017:   86  311   99   62 2 |  4718  4632   172  4149
0018:   15  289   81   50 4 |  3485  3470   119  3062
0019:   34  173   16   46 4 |  2093  2059   512  1374
SUM: 5129 97.31 74.40 3910.85 3310.10 0.390
