PRIO 5
0000:   42  220   61   97 3 |  2895  2853   367  2266
0001:   93  175   83   53 2 |  3105  3012    74  2763
0002:   12  284   64   93 1 |  4812  4800   364  4152
0003:   63  110   27   17 3 |  1287  1224    83  1031
0004:   47  193   25   56 2 |  3254  3207   485  2529
0005:   59  450   53   17 3 |  3822  3763   112  3201
0006:   55  184   92   45 3 |  2740  2685    39  2462
0007:   65  199   88   84 1 |  4287  4222    85  3938
0008:   32  205   63   29 3 |  2553  2521    95  2221
0009:   24  342   80   35 3 |  3407  3383   177  2864
0010:   13  446   68   20 1 |  5065  5052   147  4459
0011:   32  159   20   97 1 |  4059  4027   453  3415
0012:   69  133   13   28 2 |  1945  1876   383  1360
0013:   14  308   77   57 1 |  4699  4685   135  4242
0014:   36  444   39   63 3 |  3960  3924   877  2603
0015:   38  134   29   98 2 |  2372  2334   187  2013
0016:   71  323   19   45 1 |  5042  4971   858  3790
0017:   24  422   68   79 1 |  5165  5141   458  4261
0018:   34  236   58   71 3 |  2969  2935   177  2522
0019:   64  112   13   20 2 |  1776  1712   134  1466
SUM: 5165 98.33 67.40 3416.35 2877.90 0.387
