RR 5
0000:   42  392   68   79 2 |  6129  6087   435  5260
0001:   18  374   99   31 4 |  5806  5788   105  5309
0002:   58  263   48   26 2 |  4725  4667   197  4207
0003:   31  425   67   11 4 |  6217  6186    78  5683
0004:   18  354   89   98 4 |  5923  5905   530  5021
0005:   51  423   10   51 1 |  7205  7154  2132  4599
0006:   15  339   20   96 3 |  6611  6596  1915  4342
0007:   99  207   71   61 3 |  3962  3863   320  3336
0008:   30  336   22   99 3 |  6276  6246  1247  4663
0009:   92  350   64   96 1 |  6100  6008   571  5087
0010:   12  132   60   28 1 |  2226  2214    49  2033
0011:   37  299   19   44 3 |  5609  5572   444  4829
0012:   86  121   57   50 3 |  2357  2271    72  2078
0013:   57  254   34   19 4 |  4496  4439   125  4060
0014:   14  443   64   77 4 |  6342  6328   557  5328
0015:   77  435   33   85 2 |  6616  6539   863  5241
0016:    4  373   79   82 2 |  5759  5755   364  5018
0017:   91  404   89   67 2 |  6212  6121   323  5394
0018:   80  429   30   85 4 |  6572  6492  1072  4991
0019:   92  296   10   20 4 |  6219  6127   631  5200
SUM: 7205 92.28 80.75 5517.90 4583.95 0.278
