RR 2
0000:   94  202   64   92 2 |  3761  3667   252  3213
0001:   35  127   75   42 4 |  2414  2379    48  2204
0002:   25  368   88   33 2 |  5113  5088   148  4572
0003:   61  195   27   13 4 |  3542  3481    76  3210
0004:   89  443   81   99 4 |  5572  5483   494  4546
0005:   70  442   55   51 1 |  5529  5459   416  4601
0006:   33  486   27   85 3 |  6095  6062  1591  3985
0007:   35  239   74   30 3 |  4007  3972    68  3665
0008:   47  262   65   56 3 |  4317  4270   113  3895
0009:   44  480   87   79 1 |  5650  5606   498  4628
0010:   17  121   59   47 1 |  2199  2182    73  1988
0011:   43  322   22   32 3 |  5096  5053   523  4208
0012:   65  177   90   31 3 |  3220  3155    57  2921
0013:   25  402   95  100 4 |  5437  5412   675  4335
0014:   92  336   59   58 4 |  5033  4941   253  4352
0015:   28  262   60   74 2 |  4357  4329   219  3848
0016:    9  352   28   14 2 |  5001  4992   156  4484
0017:   99  143   33   17 2 |  2795  2696    69  2484
0018:   78  226   37   71 4 |  4279  4201   494  3481
0019:   29  116   82   46 4 |  2293  2264    91  2057
SUM: 6095 93.54 66.97 4234.60 3633.85 0.328
