RR 5
0000:   66  332   35   84 2 |  5972  5906   694  4880
0001:   50  475   25   89 4 |  7153  7103  1925  4703
0002:   48  322   42   57 2 |  5438  5390   402  4666
0003:    0  263   47   72 4 |  4495  4495   307  3925
0004:   53  445   88   16 4 |  6251  6198    55  5698
0005:   10  316   37   93 1 |  5520  5510   524  4670
0006:   22  174   69   12 3 |  3053  3031    19  2838
0007:   13  341   76   69 3 |  5718  5705   469  4895
0008:   15  217   83   78 3 |  3685  3670   131  3322
0009:   96  347   70   89 1 |  5784  5688   481  4860
0010:    8  335   17   41 1 |  6141  6133   769  5029
0011:   40  203   74   17 3 |  3566  3526    27  3296
0012:   61  209   75   64 3 |  4062  4001   313  3479
0013:   90  315   10   45 4 |  6453  6363  1209  4839
0014:   43  466   89   30 4 |  6357  6314   114  5734
0015:   84  432   49   23 2 |  6331  6247   229  5586
0016:   31  308   23   69 2 |  6106  6075   942  4825
0017:   98  488   84   78 2 |  6500  6402   490  5424
0018:   61  144   25   22 4 |  3096  3035   129  2762
0019:   46  480   45   44 4 |  6512  6466   420  5566
SUM: 7153 92.44 76.64 5362.90 4549.85 0.280
