FCFS
0000:   90  183   90   33 2 |  2027  1937    55  1699
0001:   53  203   74   21 4 |  2292  2239    40  1996
0002:    8  196   73   52 2 |  2634  2626   112  2318
0003:   68  135   45   28 4 |  2675  2607    42  2430
0004:   66  223   42   58 4 |  3729  3663   331  3109
0005:   90  185   66   50 1 |  3289  3199   204  2810
0006:   96  132   89   51 3 |  1485  1389    10  1247
0007:   47  393   58   56 3 |  4515  4468   387  3688
0008:   84  464   19   26 3 |  5825  5741   629  4648
0009:   52  365   91   90 1 |  3453  3401   309  2727
0010:    8  402   34   82 1 |  5230  5222   780  4040
0011:   12  262   19   51 3 |  5305  5293   648  4383
0012:   81  376   89   53 3 |  3466  3385   193  2816
0013:    3  432   70   42 4 |  4202  4199   263  3504
0014:   32  237   41   53 4 |  3318  3286   178  2871
0015:   95  338   46   14 2 |  4747  4652    78  4236
0016:   20  126   37   16 2 |  3444  3424    54  3244
0017:   76  440   53   35 2 |  5031  4955   300  4215
0018:   76  267   19   41 4 |  5367  5291   493  4531
0019:   16  169   31   57 4 |  4091  4075   285  3621
SUM: 5825 94.90 65.39 3752.60 3206.65 0.343
