RR 2
0000:   10  170   72   19 2 |  3000  2990    44  2776
0001:    5  481   51   27 4 |  5517  5512   315  4716
0002:   97  200   74   85 2 |  3774  3677   240  3237
0003:   50  120   46   73 4 |  2421  2371   133  2118
0004:   33  391   33   55 4 |  5410  5377   487  4499
0005:   29  442   48   27 1 |  5445  5416   255  4719
0006:   46  301   63   25 3 |  4717  4671   120  4250
0007:    4  219   78   82 3 |  3757  3753    90  3444
0008:  100  219   49   76 3 |  4032  3932   237  3476
0009:    2  199   46   43 1 |  3579  3577   208  3170
0010:   10  345   48   67 1 |  5219  5209   538  4326
0011:   15  369   11   92 3 |  6188  6173  2396  3408
0012:   37  300   97   60 3 |  4710  4673   165  4208
0013:   59  115   86   44 4 |  2171  2112    13  1984
0014:   86  368   87   21 4 |  5135  5049    97  4584
0015:   49  211   88   26 2 |  3765  3716    86  3419
0016:   31  190   11   85 2 |  4498  4467  1196  3081
0017:   61  343   15   61 2 |  5521  5460  1036  4081
0018:   72  351   80   14 4 |  5017  4945    68  4526
0019:   50  268   42   99 4 |  4668  4618   441  3909
SUM: 6188 90.53 76.57 4384.90 3696.55 0.323
