RR 2
0000:   57  314   91   98 2 |  5264  5207   442  4451
0001:   95  307   26   48 4 |  5316  5221   463  4451
0002:   82  261   59   20 2 |  4535  4453    58  4134
0003:   24  248   76   42 4 |  4276  4252   101  3903
0004:   70  148   57   96 4 |  3103  3033   305  2580
0005:   91  490   69   62 1 |  6036  5945   422  5033
0006:   15  226   43   80 3 |  4208  4193   414  3553
0007:   26  102   89   56 3 |  1883  1857    50  1705
0008:   27  474   60   87 3 |  6112  6085   764  4847
0009:   78  409   36   71 1 |  5879  5801   520  4872
0010:   81  115   85   30 1 |  2182  2101     6  1980
0011:   26  475   28   95 3 |  6585  6559  1822  4262
0012:   94  317   90   42 3 |  5150  5056   169  4570
0013:   87  300   49   30 4 |  5013  4926   154  4472
0014:    6  292   53   36 4 |  4724  4718   162  4264
0015:   68  322   50   75 2 |  5360  5292   536  4434
0016:   44  417   25   49 2 |  6007  5963   769  4777
0017:    5  346   20   53 2 |  5706  5701   824  4531
0018:   94  394   85   86 4 |  5721  5627   484  4749
0019:   26  221   30   60 4 |  4230  4204   452  3531
SUM: 6585 93.82 75.64 4809.70 4054.95 0.304
