SRTF
0000:   35  319   25   90 2 |  3251  3216   878  2019
0001:   23  333   34   56 4 |  4072  4049   608  3108
0002:    5  292   64   37 2 |   710   705   136   277
0003:   70  333   60   51 4 |  2798  2728   203  2192
0004:   47  460   17   50 4 |  7591  7544  1386  5698
0005:   28  380   57   80 1 |  4583  4555   530  3645
0006:   24  474   26   91 3 |  7832  7808  1718  5616
0007:    5  330   97   49 3 |  2028  2023   265  1428
0008:   25  467   58   72 3 |  6223  6198   683  5048
0009:   68  331   42   34 1 |  2178  2110   176  1603
0010:   89  125   54   40 1 |   384   295    69   101
0011:   33  431   48   62 3 |  5321  5288   537  4320
0012:   71  385   88   56 3 |  3880  3809   204  3220
0013:   46  280   41   63 4 |  1289  1243   311   652
0014:   40  243   25   17 4 |   915   875   131   501
0015:   73  447   13   69 2 |  8406  8333  2132  5754
0016:   16  319   69   12 2 |  1230  1214    33   862
0017:    9  347   53   59 2 |  3002  2993   280  2366
0018:   80  480   73   30 4 |  6153  6073   148  5445
0019:   80  386   74   24 4 |  4506  4426   140  3900
SUM: 8406 85.20 75.14 3774.25 2887.75 0.238
