PRIO 5
0000:   57  156   15   67 3 |  1787  1730   677   897
0001:   94  345   98   27 2 |  4884  4790    74  4371
0002:   92  208   36   48 1 |  5146  5054   288  4558
0003:   12  342   86   54 3 |  3337  3325   411  2572
0004:   21  277   99   98 2 |  4540  4519   386  3856
0005:   10  284   41   28 3 |  2761  2751   233  2234
0006:   50  159   14   66 3 |  1659  1609   751   699
0007:   43  352   75   91 1 |  5785  5742   258  5132
0008:   84  110   77   52 3 |  1587  1503    12  1381
0009:   11  498   84   33 3 |  4791  4780   138  4144
0010:    4  272   79   12 1 |  5466  5462    48  5142
0011:   14  201   51   34 1 |  5078  5064   170  4693
0012:   28  409   86   88 2 |  5178  5150   324  4417
0013:   59  480   99   96 1 |  6009  5950   562  4908
0014:   11  256   75   47 3 |  3006  2995   122  2617
0015:   79  162   71   11 2 |  3172  3093    12  2919
0016:    9  246   19   86 1 |  5445  5436   853  4337
0017:   60  380   28   78 1 |  6158  6098  1074  4644
0018:   80  369   69   88 3 |  4126  4046   479  3198
0019:   11  413   26   29 2 |  5094  5083   543  4127
SUM: 6158 96.12 76.03 4209.00 3542.30 0.325
