SRTF
0000:   90  328   37   30 2 |  2888  2798   266  2204
0001:   84  349   53   58 4 |  3374  3290   467  2474
0002:   29  244   41   96 2 |  1927  1898   425  1229
0003:   56  222   79   67 4 |  1163  1107   133   752
0004:   44  254   88   52 4 |  1381  1337   161   922
0005:   88  179   69   79 1 |   780   692   274   239
0006:   44  488   28   40 3 |  6790  6746   546  5712
0007:    8  307   97   44 3 |  2158  2150   140  1703
0008:    4  398   58   21 3 |  3609  3605   166  3041
0009:   90  424   34   69 1 |  5243  5153   908  3821
0010:   18  391   38   28 1 |  4110  4092   263  3438
0011:   22  476   91   99 3 |  5561  5539   601  4462
0012:   96  179   66   48 3 |   896   800   123   498
0013:   44  491   57   94 4 |  6330  6286   692  5103
0014:    8  110   20   69 4 |  1017  1009   485   414
0015:   66  336   76   46 2 |  2886  2820   228  2256
0016:   75  265   82   18 2 |  1693  1618    47  1306
0017:   44  219   89   18 2 |   524   480    32   229
0018:   67  443   45   98 4 |  5665  5598   881  4274
0019:   37  416   21   81 4 |  6661  6624  1502  4706
SUM: 6790 96.01 74.74 3182.10 2439.15 0.295
