PREPRIO 2
0000:   96  160   20   80 2 |  3583  3487   696  2631
0001:   37  209   31   91 5 |  2071  2034   544  1281
0002:    2  153   24   34 3 |  2153  2151   250  1748
0003:   48  500   26   96 2 |  6269  6221  1773  3948
0004:   64  107   52   33 5 |  1029   965    43   815
0005:  100  107   92   53 2 |  2713  2613    77  2429
0006:   77  437   68   77 2 |  5540  5463   501  4525
0007:   33  423   35   61 4 |  3951  3918   382  3113
0008:   72  287   66   17 2 |  4660  4588    96  4205
0009:    7  498   54   50 1 |  6439  6432   575  5359
0010:   89  438   93   59 4 |  4182  4093   232  3423
0011:    8  171   30   20 4 |  2002  1994   129  1694
0012:   49  279   99   69 1 |  5726  5677    80  5318
0013:   88  321   22   85 4 |  3661  3573  1244  2008
0014:   15  284   70   77 1 |  5863  5848   289  5275
0015:   17  294   27   34 2 |  4636  4619   371  3954
0016:    5  353   68   40 2 |  5024  5019   270  4396
0017:   14  356   60   51 4 |  3762  3748   351  3041
0018:   19  490   54   52 2 |  5769  5750   628  4632
0019:   61  410   62   84 1 |  6267  6206   626  5170
SUM: 6439 97.48 79.84 4219.95 3448.25 0.311
