PREPRIO 2
0000:   73  284   25   21 2 |  4678  4605   193  4128
0001:   11  403   21   40 5 |  3199  3188   632  2153
0002:    7  193   78   88 3 |  3483  3476   311  2972
0003:   77  132   41   74 2 |  3530  3453   288  3033
0004:   26  134   67   77 5 |  1342  1316   213   969
0005:   23  417   18   96 2 |  6342  6319  2190  3712
0006:   55  148   67   69 2 |  3826  3771   147  3476
0007:    0  329   22   45 4 |  3505  3505   851  2325
0008:   82  172   48   73 2 |  4038  3956   273  3511
0009:    4  284   61   54 1 |  5737  5733   265  5184
0010:   36  434   28   53 4 |  4334  4298   765  3099
0011:  100  242   57   95 4 |  3190  3090   506  2342
0012:   94  202   55   34 1 |  5258  5164   199  4763
0013:   10  350   40   48 4 |  3935  3925   440  3135
0014:   63  429   80   81 1 |  6111  6048   487  5132
0015:   60  453   50   61 2 |  5587  5527   443  4631
0016:   55  189   13   82 2 |  4160  4105   928  2988
0017:   69  480   96   95 4 |  4696  4627   406  3741
0018:   22  390   28   59 2 |  5549  5527   914  4223
0019:   98  395   82   25 1 |  5890  5792   108  5289
SUM: 6342 95.55 84.22 4371.25 3540.30 0.315
