RR 2
0000:   54  418   93   44 2 |  5130  5076   241  4417
0001:   57  235   43   50 4 |  3852  3795   234  3326
0002:   72  185   31   84 2 |  3556  3484   468  2831
0003:   88  466   23   44 4 |  5478  5390   934  3990
0004:   29  186   13   53 4 |  3658  3629   628  2815
0005:    1  144   71   51 1 |  2724  2723   199  2380
0006:    2  112   13   49 3 |  2567  2565   451  2002
0007:   46  299   32   39 3 |  4366  4320   246  3775
0008:   47  127   27   24 3 |  2452  2405    85  2193
0009:   34  499   38   70 1 |  5608  5574   853  4222
0010:   66  459   66   13 1 |  5227  5161   114  4588
0011:   86  121   37   95 3 |  2502  2416   172  2123
0012:   11  227   44   70 3 |  3607  3596   217  3152
0013:   16  428   58   74 4 |  5219  5203   468  4307
0014:   66  476   63   50 4 |  5324  5258   334  4448
0015:   32  123   87   41 2 |  2368  2336    80  2133
0016:   56  185   37   39 2 |  3404  3348   240  2923
0017:   41  101   39   68 2 |  2025  1984   155  1728
0018:   81  365   60   60 4 |  5024  4943   437  4141
0019:   90  316   62   90 4 |  4615  4525   377  3832
SUM: 5608 97.57 70.08 3886.55 3266.30 0.357
