RR 5
0000:    8  264   26   34 2 |  4342  4334   320  3750
0001:   28  428   90   33 4 |  5078  5050   152  4470
0002:   50  290   49   84 2 |  4700  4650   437  3923
0003:    3  269   40   26 4 |  4259  4256   166  3821
0004:   17  348   62   67 4 |  4925  4908   325  4235
0005:   34  202   89   30 1 |  3447  3413    75  3136
0006:   52  129   84   69 3 |  2378  2326    51  2146
0007:   73  257   70   57 3 |  4168  4095   131  3707
0008:   92  390   63   79 3 |  5072  4980   355  4235
0009:   21  375   33   61 1 |  5114  5093   526  4192
0010:   83  280   76   25 1 |  4383  4300    98  3922
0011:   96  353   49   35 3 |  4977  4881   204  4324
0012:   99  234   25   77 3 |  4680  4581   838  3509
0013:   82  131   61   22 4 |  2540  2458    38  2289
0014:   51  253   10   37 4 |  5012  4961   884  3824
0015:   90  128   14   75 2 |  3387  3297   636  2533
0016:   88  114   99   70 2 |  2071  1983     6  1863
0017:   58  289   42   77 2 |  4589  4531   324  3918
0018:   60  148   70   82 4 |  2779  2719   112  2459
0019:   23  199   40   37 4 |  3629  3606   169  3238
SUM: 5114 99.35 68.65 4021.10 3474.70 0.391
