SRTF
0000:   61  306   48   75 2 |  3220  3159   401  2452
0001:   24  325   37   41 4 |  3779  3755   280  3150
0002:   21  281   90   90 2 |  2341  2320   207  1832
0003:   96  444   90   67 4 |  4386  4290   209  3637
0004:   66  217   95   84 4 |  1204  1138   128   793
0005:   37  463   31   66 1 |  5924  5887  1023  4401
0006:    4  348   87   56 3 |  3087  3083   172  2563
0007:   57  200   16   43 3 |  2324  2267   506  1561
0008:   20  444   33   48 3 |  5194  5174   626  4104
0009:   57  120   60   33 1 |   376   319    78   121
0010:   52  230   94   35 1 |  1405  1353    91  1032
0011:   46  249   11   15 3 |  3762  3716   330  3137
0012:   70  478   40   98 3 |  6824  6754  1559  4717
0013:   13  218  100   57 4 |  1090  1077   123   736
0014:   73  164   98   62 4 |   534   461    51   246
0015:   73  439   23   50 2 |  5603  5530  1062  4029
0016:    1  165   97   14 2 |   351   350    27   158
0017:   20  291   83   29 2 |  2005  1985    69  1625
0018:   79  167   77   80 4 |   879   800   192   441
0019:   87  248   90   99 4 |  2317  2230   559  1423
SUM: 6824 84.95 72.61 2782.40 2107.90 0.293
