PRIO 2
0000:    8  437   12   93 2 |  7322  7314  3543  3334
0001:   22  184   25   56 4 |  2173  2151   283  1684
0002:   24  440   20   30 2 |  5854  5830   628  4762
0003:   46  208   41   16 4 |  2683  2637    46  2383
0004:   89  191   32   39 4 |  2453  2364   221  1952
0005:   15  474   52   34 1 |  6385  6370   372  5524
0006:  100  178   72   25 3 |  2977  2877   115  2584
0007:   36  127   51   80 3 |  2160  2124   101  1896
0008:   67  471   48   31 3 |  5418  5351   306  4574
0009:   84  178   99   27 1 |  5658  5574    46  5350
0010:    7  288   43   73 1 |  6109  6102   439  5375
0011:   87  459  100   77 3 |  5536  5449   312  4678
0012:   54  450   91   64 3 |  5420  5366   272  4644
0013:    6  144   49   89 4 |  2132  2126   228  1754
0014:   95  406   92   90 4 |  4570  4475   259  3810
0015:   10  347   70  100 2 |  5669  5659   413  4899
0016:   66  169   57   45 2 |  3865  3799    78  3552
0017:   76  191  100   27 2 |  4291  4215    41  3983
0018:   29  496   71   77 4 |  5121  5092   468  4128
0019:   79  473   56   64 4 |  4838  4759   506  3780
SUM: 7322 86.19 73.85 4481.70 3732.30 0.273
