RR 5
0000:   31  406   16   70 2 |  6856  6825  1642  4777
0001:   61  369   40   86 4 |  6107  6046   677  5000
0002:   67  454   77   99 2 |  6337  6270   462  5354
0003:   14  210   66   56 4 |  3667  3653   150  3293
0004:  100  389   76   66 4 |  5908  5808   324  5095
0005:    3  155   42   40 1 |  2830  2827   116  2556
0006:   86  370   79   67 3 |  5854  5768   387  5011
0007:   37  441   75   50 3 |  6157  6120   238  5441
0008:   17  400   82   24 3 |  5846  5829   138  5291
0009:   94  444   42   72 1 |  6654  6560  1084  5032
0010:   98  116   25   16 1 |  2500  2402    56  2230
0011:    0  243   60   61 3 |  4157  4157   244  3670
0012:    4  336   68   58 3 |  5307  5303   231  4736
0013:   83  391   33   59 4 |  6317  6234   810  5033
0014:   55  250   17   34 4 |  5302  5247   573  4424
0015:   88  498   55   91 2 |  6669  6581  1046  5037
0016:   53  169   66   72 2 |  3273  3220   195  2856
0017:   87  285   60   33 2 |  4740  4653    75  4293
0018:  100  185   93   71 4 |  3532  3432   104  3143
0019:   16  489   67   67 4 |  6418  6402   471  5442
SUM: 6856 96.27 75.18 5166.85 4385.70 0.292
