SRTF
0000:   33  208   72   40 2 |  1348  1315   138   969
0001:   22  122   41   62 4 |   779   757   246   389
0002:   65  278   70   59 2 |  1461  1396   118  1000
0003:   27  405   33   18 4 |  4775  4748   180  4163
0004:   87  210   94   13 4 |   877   790    17   563
0005:   83  351   36   61 1 |  3458  3375   579  2445
0006:   83  375   20   13 3 |  4131  4048   232  3441
0007:  100  372   41   85 3 |  3575  3475   658  2445
0008:   87  309   80   88 3 |  2191  2104   209  1586
0009:   92  165   91   47 1 |   532   440    35   240
0010:   52  381   69   19 1 |  3996  3944   121  3442
0011:   48  485   45   31 3 |  5606  5558   298  4775
0012:   96  114   89   82 3 |   317   221    68    39
0013:   45  121   77   44 4 |   234   189    36    32
0014:   70  408   20   53 4 |  6255  6185   961  4816
0015:   97  215   16   89 2 |  2950  2853   987  1651
0016:   40  109   13   61 2 |  1462  1422   604   709
0017:   34  315   43   65 2 |  2940  2906   556  2035
0018:   16  447   69   70 4 |  5436  5420   597  4376
0019:   15  310   43   20 4 |  2149  2134   133  1691
SUM: 6255 91.13 69.45 2664.00 2040.35 0.320
