PRIO 2
0000:   97  391   88   35 2 |  6019  5922   176  5355
0001:   32  299   56   53 4 |  4228  4196   202  3695
0002:   27  355   17   20 2 |  5792  5765   495  4915
0003:   90  372   51   98 4 |  5012  4922   860  3690
0004:   81  497   13   45 4 |  4902  4821  1550  2774
0005:   99  151   36   52 1 |  5799  5700   179  5370
0006:   72  203   93   77 3 |  3983  3911   132  3576
0007:   58  115   25   28 3 |  2110  2052    82  1855
0008:   74  273   17   96 3 |  4718  4644  1377  2994
0009:   55  374   45   16 1 |  6255  6200   166  5660
0010:   96  134   63   75 1 |  5662  5566   251  5181
0011:  100  464   31   17 3 |  5630  5530   295  4771
0012:   72  146   44   92 3 |  2904  2832   399  2287
0013:   58  116   86   91 4 |  1916  1858   114  1628
0014:   56  439   90   53 4 |  5065  5009   212  4358
0015:   34  383   11   23 2 |  5912  5878   746  4749
0016:   97  358   60   26 2 |  5946  5849   117  5374
0017:   35  277   21   99 2 |  5922  5887  1185  4425
0018:   36  328   44   64 4 |  4159  4123   309  3486
0019:   61  480   12   17 4 |  4063  4002   737  2785
SUM: 6255 98.40 79.17 4733.35 3946.40 0.320
