FCFS
0000:   52  485   41   87 2 |  6329  6277  1007  4785
0001:   71  346   53   87 4 |  5037  4966   295  4325
0002:   33  235   65   15 2 |  3744  3711    60  3416
0003:   31  498   28   26 4 |  6380  6349   384  5467
0004:   64  435   36   54 4 |  6178  6114   602  5077
0005:   88  493   37   32 1 |  6401  6313   478  5342
0006:   70  239   91   54 3 |  2815  2745    73  2433
0007:   55  391   69   30 3 |  4790  4735   170  4174
0008:   27  335   99   55 3 |  3585  3558   242  2981
0009:   59  168   89   38 1 |  1747  1688    38  1482
0010:   43  481   37   44 1 |  5908  5865   455  4929
0011:  100  306   71   68 3 |  4384  4284   349  3629
0012:   22  444   99   35 3 |  3921  3899   130  3325
0013:   86  161   53   36 4 |  2787  2701    48  2492
0014:   63  318   11   17 4 |  6692  6629   469  5842
0015:   87  282   15   33 2 |  6486  6399   617  5500
0016:   18  261   52   37 2 |  4078  4060   125  3674
0017:   96  299   76   77 2 |  4341  4245   350  3596
0018:   55  167   74   80 4 |  1628  1573   108  1298
0019:   58  196   88   60 4 |  2302  2244    90  1958
SUM: 6692 97.73 63.15 4417.75 3786.25 0.299
