LCFS
0000:   99  155   89   15 2 |   332   233    24    54
0001:   69  227   15   95 4 |  4844  4775  1168  3380
0002:   16  107   11   31 2 |  6170  6154   338  5709
0003:    5  350   27   22 4 |  4908  4903   231  4322
0004:   50  496   86   54 4 |  3566  3516   256  2764
0005:   19  429   43   21 1 |  6040  6021   257  5335
0006:   52  305   63   15 3 |  1107  1055    78   672
0007:   82  355   63   18 3 |  3756  3674   105  3214
0008:   36  464   64   41 3 |  5448  5412   202  4746
0009:   61  265   29   81 1 |  4347  4286   797  3224
0010:   94  496   39   91 1 |  3227  3133  1132  1505
0011:   19  405   51   99 3 |  2038  2019   639   975
0012:   87  247   77   75 3 |  1986  1899   215  1437
0013:   33  256   57   71 4 |  4221  4188   141  3791
0014:   11  343   80   72 4 |  5957  5946   210  5393
0015:   16  111   83   84 2 |  4654  4638   103  4424
0016:   84  263   99   17 2 |  2447  2363    49  2051
0017:    9  460   30   92 2 |  7388  7379  1351  5568
0018:   89  310   35   39 4 |  2213  2124   354  1460
0019:   90  336   94   99 4 |  1060   970   227   407
SUM: 7388 86.36 71.45 3734.40 3021.55 0.271
