FCFS
0000:   90  324   86   66 2 |  4360  4270   412  3534
0001:   12  322   93   82 4 |  3933  3921   317  3282
0002:   62  297   76   98 2 |  4024  3962   612  3053
0003:   15  433   14   99 4 |  8367  8352  3517  4402
0004:   89  250   23   45 4 |  5036  4947   436  4261
0005:   32  428   70   94 1 |  4682  4650   660  3562
0006:   43  336   65   21 3 |  4299  4256    93  3827
0007:   45  421   79   23 3 |  4332  4287   153  3713
0008:   81  452   45   79 3 |  5799  5718   895  4371
0009:   13  498   26   85 1 |  6507  6494  1757  4239
0010:   75  222   81   52 1 |  2169  2094    97  1775
0011:   50  468   16   52 3 |  6809  6759  1479  4812
0012:   20  369   29   46 3 |  5693  5673   607  4697
0013:   30  361   80   21 4 |  3787  3757    91  3305
0014:   52  193   93   42 4 |  2713  2661    47  2421
0015:   39  303   10   74 2 |  7464  7425  2400  4722
0016:   76  111   71   63 2 |  2504  2428   125  2192
0017:   41  320   73   89 2 |  3202  3161   300  2541
0018:   74  137   98   28 4 |  1021   947    20   790
0019:   31  440   17   19 4 |  6056  6025   389  5196
SUM: 8367 79.90 85.96 4589.35 3534.75 0.239
