PREPRIO 4
0000:   90  329   22   45 2 |  5007  4917   846  3742
0001:   29  298   78   31 4 |  3570  3541   137  3106
0002:   37  419   71   79 2 |  5574  5537   419  4699
0003:   50  153   41   13 4 |  1987  1937    36  1748
0004:   22  260   70   74 4 |  3135  3113   241  2612
0005:   93  239   43   88 1 |  5845  5752   576  4937
0006:   94  120   99   12 3 |  2383  2289     9  2160
0007:   20  320   56   17 3 |  4261  4241    83  3838
0008:   48  303   96   78 3 |  4443  4395   198  3894
0009:   52  450   35   36 1 |  6246  6194   478  5266
0010:   76  348   28   77 1 |  6314  6238   786  5104
0011:   40  137   58   72 3 |  2683  2643   101  2405
0012:   30  296   71   34 3 |  4189  4159    79  3784
0013:   78  215   52   76 4 |  2893  2815   205  2395
0014:   38  361   70   24 4 |  3722  3684   174  3149
0015:   68  409   54   93 2 |  5703  5635   873  4353
0016:   47  341   93   35 2 |  5174  5127   101  4685
0017:   94  413   80   88 2 |  5674  5580   562  4605
0018:   93  429   65   96 4 |  4466  4373   813  3131
0019:   26  206   22   62 4 |  2043  2017   525  1286
SUM: 6314 95.76 68.47 4209.35 3544.95 0.317
