PREPRIO 4
0000:   66  466   70   32 2 |  5387  5321   204  4651
0001:   83  334   73   53 4 |  4072  3989   312  3343
0002:   89  311   14   68 2 |  5174  5085  1356  3418
0003:   72  186   89   31 4 |  2221  2149    67  1896
0004:   78  135   49   43 4 |  1889  1811   145  1531
0005:   35  423   81   95 1 |  5821  5786   318  5045
0006:   22  267   94   42 3 |  4282  4260    46  3947
0007:   78  298   16   57 3 |  4178  4100  1139  2663
0008:   26  113   55   60 3 |  2273  2247    94  2040
0009:   50  116   26   50 1 |  4875  4825   180  4529
0010:   51  118   38   92 1 |  4820  4769   286  4365
0011:   99  173   63   17 3 |  3385  3286    27  3086
0012:   29  239   93   25 3 |  3976  3947    74  3634
0013:   46  449   59   21 4 |  4477  4431   151  3831
0014:    1  430   19   48 4 |  3554  3553   999  2124
0015:   95  232   22   87 2 |  4622  4527   635  3660
0016:   32  485   65   70 2 |  5586  5554   504  4565
0017:   46  153   88   40 2 |  4230  4184    72  3959
0018:   79  491   24   85 4 |  4888  4809  2071  2247
0019:   33  218   57   10 4 |  2581  2548    43  2287
SUM: 5821 96.84 78.23 4059.05 3341.05 0.344
