RR 5
0000:   58  346   57   58 2 |  4827  4769   342  4081
0001:    9  367   66   26 4 |  4742  4733   167  4199
0002:   65  227   69   20 2 |  3734  3669    59  3383
0003:   31  129   61   36 4 |  2378  2347    92  2126
0004:   72  116   88   77 4 |  2352  2280   139  2025
0005:   61  158   84   26 1 |  2801  2740    35  2547
0006:   10  193   86   35 3 |  3046  3036    45  2798
0007:    5  418   23   42 3 |  5346  5341   995  3928
0008:   73  116   11   54 3 |  3346  3273   640  2517
0009:   99  198   43   16 1 |  3543  3444    82  3164
0010:   61  308   28   60 1 |  4861  4800   705  3787
0011:   81  190   13   75 3 |  4565  4484  1130  3164
0012:   75  255   83  100 3 |  3993  3918   140  3523
0013:   66  437   16   73 4 |  6232  6166  2222  3507
0014:   25  392   77   54 4 |  4930  4905   189  4324
0015:   16  193   29   16 2 |  3247  3231    79  2959
0016:   56  464   89   51 2 |  5042  4986   173  4349
0017:   65  325   97   18 2 |  4478  4413    63  4025
0018:   52  157   29   10 4 |  3081  3029    55  2817
0019:    1  426   18   64 4 |  5664  5663  1370  3867
SUM: 6232 86.89 79.24 4061.35 3354.50 0.321
