PRIO 2
0000:   74  187   75   62 2 |  4493  4419   241  3991
0001:   88  363   71   88 4 |  4269  4181   286  3532
0002:   41  492   23   32 2 |  5858  5817   653  4672
0003:   85  160   19   36 4 |  2133  2048   309  1579
0004:   15  456   93   41 4 |  4994  4979   184  4339
0005:   33  107   78   44 1 |  4838  4805    60  4638
0006:   33  422   61   34 3 |  5118  5085   243  4420
0007:   41  128   47   32 3 |  2285  2244   113  2003
0008:   94  179   46   94 3 |  3323  3229   475  2575
0009:   15  363   63   72 1 |  6034  6019   427  5229
0010:   58  354   91   54 1 |  5894  5836   223  5259
0011:   15  468   22   86 3 |  5670  5655  1750  3437
0012:   84  408   57   78 3 |  5352  5268   572  4288
0013:   83  403   56   49 4 |  4519  4436   365  3668
0014:   15  154   89   56 4 |  2129  2114    45  1915
0015:   72  256   17   44 2 |  4976  4904   362  4286
0016:   97  118   24   70 2 |  2914  2817   207  2492
0017:    5  243   60   17 2 |  4891  4886    56  4587
0018:   33  435   68   91 4 |  4864  4831   437  3959
0019:   82  251   37   38 4 |  3138  3056   184  2621
SUM: 6034 98.56 72.41 4331.45 3674.50 0.331
