LCFS
0000:   28  117   99   59 2 |  5370  5342    74  5151
0001:   76  488   60   75 4 |  4164  4088   523  3077
0002:    9  151   22   52 2 |  7096  7087   438  6498
0003:    3  495   45   42 4 |  4094  4091   395  3201
0004:   17  420   69   88 4 |  6801  6784   412  5952
0005:  100  362   37   97 1 |  4008  3908   819  2727
0006:   19  149   89   53 3 |  6188  6169   103  5917
0007:   93  340   96   51 3 |  1719  1626   115  1171
0008:   36  284   43   93 3 |  1145  1109   317   508
0009:  100  403   99   55 1 |  1135  1035   199   433
0010:   86  479   53   42 1 |  2864  2778   487  1812
0011:   81  425   71   60 3 |  1187  1106   285   396
0012:   28  198   59   21 3 |  4840  4812    35  4579
0013:   29  464   77   17 4 |  5146  5117   109  4544
0014:   53  287   61   65 4 |  5417  5364   324  4753
0015:   73  463   32   23 2 |  5364  5291   352  4476
0016:   74  480   33   60 2 |  4745  4671  1090  3101
0017:   79  129   20   10 2 |  2417  2338    70  2139
0018:   22  445   42   24 4 |  6525  6503   238  5820
0019:   24  152   55   21 4 |  5669  5645    24  5469
SUM: 7096 94.86 64.67 4243.20 3586.20 0.282
