FCFS
0000:   26  491   44   16 2 |  5043  5017   186  4340
0001:   60  149   22   49 4 |  4743  4683   319  4215
0002:   95  424   18   49 2 |  6040  5945  1105  4416
0003:   69  242   43   85 4 |  4677  4608   619  3747
0004:   32  292   77   79 4 |  3110  3078   280  2506
0005:   71  155   70   61 1 |  1483  1412    64  1193
0006:    9  283   96   80 3 |  2733  2724   179  2262
0007:   33  353   50   77 3 |  4908  4875   628  3894
0008:   85  109  100   38 3 |  1653  1568    57  1402
0009:   22  130   20   87 1 |  4721  4699   656  3913
0010:   72  196   93   57 1 |  2617  2545   128  2221
0011:   36  282   63   51 3 |  3875  3839   207  3350
0012:   41  297   90   72 3 |  2869  2828   123  2408
0013:   64  455   63   44 4 |  4592  4528   240  3833
0014:    5  453   74   15 4 |  4439  4434   107  3874
0015:   50  358   10   98 2 |  7382  7332  2888  4086
0016:   16  338   11   21 2 |  5756  5740   640  4762
0017:    7  121   28   19 2 |  3747  3740    46  3573
0018:   69  142   10   76 4 |  5341  5272   924  4206
0019:   33  500   91   29 4 |  3822  3789   133  3156
SUM: 7382 78.16 79.40 4132.80 3367.85 0.271
