PREPRIO 4
0000:    1  456   90   67 2 |  5402  5401   291  4654
0001:   63  476   28   27 4 |  4098  4035   473  3086
0002:   24  170   74   13 2 |  4137  4113    15  3928
0003:   46  139   32   96 4 |  1702  1656   313  1204
0004:    8  265   19   72 4 |  2574  2566  1059  1242
0005:   20  301   15   66 1 |  5937  5917  1204  4412
0006:    7  302   48   87 3 |  4323  4316   629  3385
0007:   46  229   80   59 3 |  4071  4025   112  3684
0008:   78  195   92   44 3 |  3649  3571    48  3328
0009:   40  423   90   28 1 |  5673  5633   132  5078
0010:   79  308   83   41 1 |  5518  5439   197  4934
0011:    6  333   24   11 3 |  4173  4167   171  3663
0012:   47  324   75   75 3 |  4571  4524   267  3933
0013:   64  423   81   72 4 |  4635  4571   397  3751
0014:   48  493   72   71 4 |  4660  4612   618  3501
0015:   87  100   37   71 2 |  2592  2505   149  2256
0016:   12  289   19   72 2 |  5118  5106   917  3900
0017:   46  186   40   28 2 |  4277  4231   137  3908
0018:   57  119   47   77 4 |  1653  1596   113  1364
0019:   50  157   45   36 4 |  2209  2159   134  1868
SUM: 5937 95.81 74.53 4007.15 3353.95 0.337
