RR 5
0000:   10  175   82   71 2 |  3134  3124   232  2717
0001:   26  138   74   32 4 |  2624  2598   118  2342
0002:   53  271   11   15 2 |  5299  5246   347  4628
0003:    5  205   76   28 4 |  3446  3441    64  3172
0004:   91  279   47   26 4 |  4755  4664   203  4182
0005:   23  351   61   65 1 |  5215  5192   315  4526
0006:   94  479   47   72 3 |  6032  5938   725  4734
0007:   53  281   64   63 3 |  4613  4560   281  3998
0008:   38  155   81   40 3 |  2710  2672    59  2458
0009:   64  303   48   51 1 |  4784  4720   193  4224
0010:   86  338   18   82 1 |  6031  5945  1615  3992
0011:   54  370   44   84 3 |  5666  5612   602  4640
0012:   46  489   71   53 3 |  6014  5968   425  5054
0013:   42  341   17   85 4 |  6379  6337  2084  3912
0014:   28  462   75   95 4 |  5874  5846   528  4856
0015:   75  238   42   71 2 |  4332  4257   342  3677
0016:   11  123   46   26 2 |  2177  2166    52  1991
0017:    3  270   16   82 2 |  5329  5326  1234  3822
0018:   67  389   68   91 4 |  5697  5630   613  4628
0019:   34  366   69   51 4 |  5322  5288   213  4709
SUM: 6379 94.42 79.67 4726.50 3913.10 0.314
