PRIO 5
0000:   24  328   78   61 3 |  3980  3956   192  3436
0001:   65  175   61   99 2 |  3475  3410   408  2827
0002:   29  424   91   70 1 |  5959  5930   191  5315
0003:   53  146   24   62 3 |  1558  1505   259  1100
0004:   46  212   95   14 2 |  4183  4137    28  3897
0005:   35  284   89   92 3 |  3818  3783   224  3275
0006:    4  213   40   99 3 |  2628  2624   259  2152
0007:   57  270   55   94 1 |  5647  5590   541  4779
0008:   42  489   28   70 3 |  4628  4586   721  3376
0009:   64  493   75   36 3 |  4821  4757   293  3971
0010:   14  121   33   18 1 |  4325  4311    51  4139
0011:   62  456   61   99 1 |  6188  6126   622  5048
0012:   44  455   62   70 2 |  5393  5349   501  4393
0013:   24  266   48   89 1 |  5703  5679   545  4868
0014:   95  327   91   17 3 |  4053  3958    64  3567
0015:   14  268   84   63 2 |  4626  4612   261  4083
0016:   90  269   32   89 1 |  5781  5691   791  4631
0017:   12  302   39   80 1 |  5817  5805   481  5022
0018:   25  331   92   26 3 |  3969  3944   135  3478
0019:   79  198   35   39 2 |  3609  3530   126  3206
SUM: 6188 97.40 63.51 4464.15 3828.15 0.323
