PRIO 5
0000:   66  159   90   13 3 |  2315  2249     8  2082
0001:   67  382   68   39 2 |  5401  5334   319  4633
0002:   43  352   90   31 1 |  6416  6373    86  5935
0003:   74  240   63   92 3 |  3028  2954   432  2282
0004:   54  213   46   15 2 |  3950  3896    61  3622
0005:   92  406   37   48 3 |  4315  4223   602  3215
0006:   40  456   66   32 3 |  4823  4783   206  4121
0007:   73  256   80   43 1 |  6140  6067   123  5688
0008:    4  372   84   75 3 |  4593  4589   318  3899
0009:   81  471   48   10 3 |  4363  4282   119  3692
0010:   24  411   87   16 1 |  6600  6576    86  6079
0011:   56  483   78   33 1 |  6778  6722   239  6000
0012:   41  485   46   37 2 |  5962  5921   260  5176
0013:   89  500   72   65 1 |  6810  6721   253  5968
0014:   70  168   61   94 3 |  2267  2197   214  1815
0015:    4  498   43   28 2 |  5889  5885   377  5010
0016:   33  132   74   14 1 |  4894  4861    11  4718
0017:    3  120   63   97 1 |  4720  4717    82  4515
0018:    0  200   84   43 3 |  2734  2734   125  2409
0019:   73  487   40   17 2 |  5758  5685   185  5013
SUM: 6810 99.72 46.26 4838.45 4293.60 0.294
