PREPRIO 2
0000:   73  315   11   33 2 |  5227  5154   923  3916
0001:    1  144   78   40 5 |  1523  1522    87  1291
0002:   45  232   34   24 3 |  3481  3436   201  3003
0003:    9  177   54   75 2 |  4170  4161   264  3720
0004:   27  237   72   87 5 |  2429  2402   323  1842
0005:   17  284   55   45 2 |  5079  5062   253  4525
0006:   26  163   38   28 2 |  3839  3813    89  3561
0007:   82  298   70   44 4 |  3586  3504   197  3009
0008:   47  318   14   17 2 |  5085  5038   446  4274
0009:   15  402   17   33 1 |  5996  5981   675  4904
0010:   59  451   34   38 4 |  4526  4467   374  3642
0011:   33  453   79   96 4 |  4675  4642   356  3833
0012:   51  166   57   57 1 |  5280  5229   144  4919
0013:   42  308   72   58 4 |  3691  3649   169  3172
0014:   32  108   96   97 1 |  4751  4719    38  4573
0015:   51  173   93   72 2 |  4113  4062    87  3802
0016:   54  331   92   86 2 |  5516  5462   442  4689
0017:   98  474   18   78 4 |  5081  4983  2128  2381
0018:   47  358   99   46 2 |  5355  5308    91  4859
0019:   81  325   86   24 1 |  5618  5537   100  5112
SUM: 5996 95.35 73.78 4406.55 3751.35 0.334
