SRTF
0000:    9  137   41   99 2 |   730   721   293   291
0001:   83  427   65   55 4 |  4529  4446   258  3761
0002:   37  311   39   87 2 |  3643  3606   844  2451
0003:   64  228   74   91 4 |  1846  1782   235  1319
0004:    9  132   13   52 4 |  1531  1522   451   939
0005:   16  195   39   92 1 |  1260  1244   245   804
0006:   34  133   91   46 3 |   470   436    26   277
0007:  100  218   77   11 3 |  1359  1259    35  1006
0008:   52  134   60   92 3 |   865   813   140   539
0009:   62  402   48   64 1 |  4561  4499   500  3597
0010:   75  318   34   78 1 |  3272  3197   523  2356
0011:   98  129   37   88 3 |   986   888   230   529
0012:   70  327   27   38 3 |  3726  3656   450  2879
0013:   33  122   41   25 4 |   495   462    57   283
0014:   19  268   41   84 4 |  2677  2658   413  1977
0015:   43  115   90   98 2 |   486   443   174   154
0016:   17  232   75   58 2 |  1857  1840   109  1499
0017:   61  443   80   33 2 |  4969  4908   170  4295
0018:   18  372   73   76 4 |  2720  2702   182  2148
0019:   60  460   79   48 4 |  5208  5148   250  4438
SUM: 5208 97.98 69.01 2311.50 1777.10 0.384
