PRIO 5
0000:   28  131   64   19 3 |  1960  1932    26  1775
0001:    1  242   66   51 2 |  4356  4355   181  3932
0002:   44  260   57   97 1 |  5905  5861   732  4869
0003:   91  303   66   55 3 |  3856  3765   248  3214
0004:   59  322   30   72 2 |  5077  5018   609  4087
0005:   58  312   48   71 3 |  3484  3426   369  2745
0006:   34  159   21   33 3 |  1809  1775   216  1400
0007:   22  318   61   31 1 |  5922  5900   182  5400
0008:   94  365   76   91 3 |  4490  4396   612  3419
0009:   23  471   71   13 3 |  4985  4962    53  4438
0010:   40  325   65   19 1 |  5904  5864    74  5465
0011:   54  108  100   37 1 |  4478  4424    48  4268
0012:   57  309   67   12 2 |  5034  4977    37  4631
0013:    4  322   96   16 1 |  5901  5897    34  5541
0014:   59  428   88   53 3 |  4775  4716   267  4021
0015:   96  224   57   32 2 |  4328  4232   106  3902
0016:   58  192   26   69 1 |  5384  5326   467  4667
0017:   52  465   65   98 1 |  6290  6238   647  5126
0018:   88  481   23   16 3 |  4237  4149   257  3411
0019:   39  387   37   29 2 |  5301  5262   243  4632
SUM: 6290 97.36 58.90 4623.75 4047.15 0.318
