PREPRIO 4
0000:    3  195   40   34 2 |  4634  4631   229  4207
0001:    0  442   32   33 4 |  4164  4164   406  3316
0002:   82  188   91   26 2 |  4983  4901    42  4671
0003:   11  428   89   64 4 |  4902  4891   326  4137
0004:   86  247   19   61 4 |  2432  2346   707  1392
0005:   79  172  100   31 1 |  5705  5626    78  5376
0006:   88  137   34   50 3 |  2422  2334   110  2087
0007:   14  302   97   21 3 |  4867  4853    40  4511
0008:   69  463   29   80 3 |  5564  5495   948  4084
0009:    3  198   25   64 1 |  5840  5837   507  5132
0010:   92  198   39   45 1 |  5778  5686   264  5224
0011:   64  344   15   39 3 |  4462  4398   936  3118
0012:    7  406   40   34 3 |  5299  5292   404  4482
0013:   79  100   57   33 4 |  1015   936    63   773
0014:   84  488   96   95 4 |  5224  5140   343  4309
0015:   85  387   81   32 2 |  5827  5742   130  5225
0016:   62  244   41   69 2 |  5385  5323   302  4777
0017:   52  438   54   80 2 |  5913  5861   332  5091
0018:   81  276   91   44 4 |  3416  3335   161  2898
0019:  100  241   55   85 4 |  3172  3072   319  2512
SUM: 5913 99.68 70.79 4493.15 3866.10 0.338
