RR 5
0000:   87  328   37   30 2 |  5034  4947   193  4426
0001:   37  439   72   10 4 |  5512  5475    66  4970
0002:   70  387   52   91 2 |  5611  5541   684  4470
0003:   52  308   57   31 4 |  4593  4541   104  4129
0004:   37  244   50   71 4 |  4217  4180   198  3738
0005:    1  131   45   61 1 |  2170  2169   103  1935
0006:   43  419   78   54 3 |  5500  5457   283  4755
0007:   73  226   63   29 3 |  3873  3800   101  3473
0008:   68  428   98   60 3 |  5565  5497   287  4782
0009:    1  132   50   19 1 |  2403  2402    63  2207
0010:   77  174   91   90 1 |  3407  3330   328  2828
0011:    9  191   81   90 3 |  3370  3361   246  2924
0012:   57  451   37   55 3 |  5770  5713   648  4614
0013:   19  354   54   83 4 |  5283  5264   615  4295
0014:   22  396   21   77 4 |  5913  5891  1338  4157
0015:   58  163   10   88 2 |  4121  4063  1046  2854
0016:   65  136   79   69 2 |  2504  2439    95  2208
0017:   45  364   68   82 2 |  5286  5241   430  4447
0018:   44  389   31   81 4 |  5897  5853  1310  4154
0019:   29  103   58   35 4 |  1896  1867    74  1690
SUM: 5913 97.46 79.05 4351.55 3652.80 0.338
