FCFS
0000:   56  112   97   70 2 |  1467  1411    63  1236
0001:    3  171   84   63 4 |  1643  1640   105  1364
0002:   51  474   74   72 2 |  4479  4428   612  3342
0003:   60  331   58   35 4 |  4227  4167   253  3583
0004:    0  115   72   48 4 |  1158  1158    48   995
0005:   85  419   10   56 1 |  6936  6851  2107  4325
0006:   30  148   25   76 3 |  3578  3548   308  3092
0007:    3  403   79   33 3 |  4107  4104   193  3508
0008:   13  208   45   11 3 |  3210  3197    47  2942
0009:   13  489   13   40 1 |  6499  6486  1489  4508
0010:    2  375   16   78 1 |  6239  6237  1817  4045
0011:   83  120   71   22 3 |  1522  1439    30  1289
0012:   19  438   36   66 3 |  4962  4943   644  3861
0013:   20  324   71   89 4 |  3282  3262   408  2530
0014:   37  112   31   68 4 |  2017  1980   113  1755
0015:   59  446   14   46 2 |  6307  6248  1396  4406
0016:   12  306   19   32 2 |  5154  5142   475  4361
0017:   77  326   79   25 2 |  3685  3608   140  3142
0018:   82  259   85   22 4 |  2867  2785    47  2479
0019:   23  491   55   47 4 |  4623  4600   468  3641
SUM: 6936 87.47 80.03 3861.70 3020.20 0.288
