RR 2
0000:   25  224   88   75 2 |  3998  3973   106  3643
0001:   49  287   21   23 4 |  5160  5111   308  4516
0002:  100  191   62   11 2 |  3625  3525    56  3278
0003:    7  409   76  100 4 |  6006  5999   469  5121
0004:   25  338   72   52 4 |  5457  5432   206  4888
0005:   68  434   32   63 1 |  6218  6150   770  4946
0006:   84  267   10   34 3 |  5385  5301   814  4220
0007:   54  117   84   17 3 |  2196  2142     9  2016
0008:   87  210   35   72 3 |  4209  4122   373  3539
0009:   56  446   40   63 1 |  6254  6198   723  5029
0010:   12  371   58   29 1 |  5633  5621   145  5105
0011:   40  368   17   81 3 |  6395  6355  1706  4281
0012:   17  281   57   99 3 |  4995  4978   456  4241
0013:   45  403   73   58 4 |  6036  5991   398  5190
0014:   28  246   60   89 4 |  4518  4490   248  3996
0015:   85  377   45   61 2 |  5982  5897   588  4932
0016:   17  405   49   51 2 |  6002  5985   388  5192
0017:   89  406   91   32 2 |  5981  5892   184  5302
0018:   62  230   60   33 4 |  4270  4208   141  3837
0019:   86  210   32   89 4 |  4300  4214   515  3489
SUM: 6395 97.26 77.28 5079.20 4338.05 0.313
