PRIO 2
0000:   57  319   80   52 2 |  5235  5178   224  4635
0001:   88  327   95   27 4 |  4225  4137   149  3661
0002:   29  496   27   29 2 |  5703  5674   462  4716
0003:   98  273   99   63 4 |  3903  3805   102  3430
0004:   65  228   41   71 4 |  3229  3164   439  2497
0005:   77  443   22   15 1 |  5963  5886   334  5109
0006:   24  407   19   95 3 |  5492  5468  2011  3050
0007:   93  157   49   39 3 |  2960  2867    74  2636
0008:   16  242   46   44 3 |  4185  4169   233  3694
0009:   21  266   99   14 1 |  5643  5622    32  5324
0010:   90  232   66   43 1 |  5571  5481    96  5153
0011:   37  227   33   23 3 |  3685  3648   169  3252
0012:   80  275   48   15 3 |  4247  4167    53  3839
0013:   31  303   51   80 4 |  4139  4108   454  3351
0014:   78  419  100   20 4 |  4674  4596    85  4092
0015:   50  241   78   51 2 |  4860  4810   108  4461
0016:    3  233   93   95 2 |  4936  4933   403  4297
0017:   51  120   99   74 2 |  3595  3544   146  3278
0018:   54  321   34   27 4 |  3754  3700   313  3066
0019:   23  317   37   76 4 |  4130  4107   619  3171
SUM: 5963 98.04 67.15 4453.20 3835.60 0.335
