PRIO 2
0000:   19  101   66   28 2 |  2832  2813    30  2682
0001:   31  468   84   82 4 |  5103  5072   592  4012
0002:   41  406   16   47 2 |  6051  6010  1333  4271
0003:   90  312   11   16 4 |  2743  2653   418  1923
0004:   16  406   36   80 4 |  4645  4629   865  3358
0005:    4  435   99   67 1 |  6364  6360   148  5777
0006:   35  131   29   60 3 |  2594  2559   326  2102
0007:   80  369   20   31 3 |  4863  4783   437  3977
0008:   60  379   33   68 3 |  5355  5295   882  4034
0009:   23  480   60   93 1 |  6827  6804   732  5592
0010:   16  438   65   59 1 |  6520  6504   409  5657
0011:   66  381   53   60 3 |  5217  5151   368  4402
0012:   43  288   75   98 3 |  4656  4613   218  4107
0013:   76  104   48   18 4 |  1418  1342    32  1206
0014:   57  307   68   18 4 |  3649  3592    73  3212
0015:   14  448   81   37 2 |  5885  5871   157  5266
0016:   83  338   42   51 2 |  5592  5509   332  4839
0017:   89  236   93   18 2 |  5018  4929    18  4675
0018:   35  397   85   87 4 |  4714  4679   468  3814
0019:   14  187   71   96 4 |  2705  2691   303  2201
SUM: 6827 96.84 69.94 4592.95 3855.35 0.293
