RR 2
0000:   74  154   65   82 2 |  3022  2948   193  2601
0001:   72  324   16   53 4 |  6094  6022  1471  4227
0002:   76  368   65   71 2 |  5626  5550   416  4766
0003:   98  311   48   96 4 |  5366  5268   715  4242
0004:   59  246   59   64 4 |  4224  4165   206  3713
0005:   89  457   17   84 1 |  6932  6843  2378  4008
0006:   86  495   47   20 3 |  6170  6084   189  5400
0007:   92  486   53   69 3 |  6230  6138   553  5099
0008:   18  160   93   72 3 |  2758  2740    92  2488
0009:    2  464   37   70 1 |  6300  6298   922  4912
0010:   30  325   37   67 1 |  5357  5327   625  4377
0011:   32  135   23   83 3 |  2814  2782   371  2276
0012:   55  350   68   86 3 |  5503  5448   410  4688
0013:    1  199   66   78 4 |  3320  3319   242  2878
0014:   34  365   12   59 4 |  6275  6241  1484  4392
0015:   97  195   79   96 2 |  3819  3722   368  3159
0016:   98  408   43   17 2 |  5766  5668   146  5114
0017:   87  470   13   61 2 |  6852  6765  1755  4540
0018:   83  357   27   89 4 |  5901  5818   858  4603
0019:   36  228   98   31 4 |  3868  3832    66  3538
SUM: 6932 93.72 90.65 5048.90 4051.05 0.289
