FCFS
0000:   31  150   55   85 2 |  1931  1900   129  1621
0001:   83  257   75   63 4 |  3526  3443   277  2909
0002:   29  202   44   62 2 |  3470  3441   210  3029
0003:   12  191   30   48 4 |  4508  4496   317  3988
0004:   18  313   98   80 4 |  2319  2301    51  1937
0005:   94  230   26   79 1 |  4716  4622   523  3869
0006:    0  476   64   64 3 |  4545  4545   463  3606
0007:   83  276   96   52 3 |  2217  2134   124  1734
0008:   49  310   31   94 3 |  5190  5141   947  3884
0009:   31  207   16   31 1 |  5309  5278   563  4508
0010:   42  205   77   89 1 |  2431  2389   224  1960
0011:   10  400   13   80 3 |  7047  7037  2489  4148
0012:    5  417   43   77 3 |  5042  5037   892  3728
0013:   52  150   19   22 4 |  4480  4428   190  4088
0014:   26  151   62   55 4 |  1890  1864    60  1653
0015:   71  196   68   83 2 |  3016  2945   197  2552
0016:   72  475   22   80 2 |  6070  5998  1485  4038
0017:   99  212   41   61 2 |  4027  3928   347  3369
0018:   99  449   62   14 4 |  4698  4599    90  4060
0019:   55  376   28   63 4 |  5281  5226   711  4139
SUM: 7047 80.08 82.40 4037.60 3241.00 0.284
