LCFS
0000:   41  243   99   37 2 |  3902  3861    88  3530
0001:   84  452   67   11 4 |  2778  2694   111  2131
0002:   95  173   46   47 2 |   851   756   145   438
0003:   11  413   22   43 4 |  6268  6257   714  5130
0004:   97  309   20   98 4 |  4718  4621  1209  3103
0005:   27  297   34   22 1 |  4883  4856   185  4374
0006:   33  343   86   14 3 |  4557  4524    83  4098
0007:   77  400   46   38 3 |  3523  3446   286  2760
0008:   44  170   25   93 3 |  5110  5066   682  4214
0009:   93  490   95   58 1 |  1885  1792   153  1149
0010:   56  285   40   15 1 |  1110  1054   137   632
0011:   80  186  100   56 3 |  2184  2104   104  1814
0012:   21  211   20   47 3 |  5806  5785   617  4957
0013:    4  249   67   41 4 |   774   770   116   405
0014:   51  320   18   95 4 |  5851  5800  1205  4275
0015:   70  492   89   18 2 |  3498  3428    85  2851
0016:    9  381   46   49 2 |  5813  5804   367  5056
0017:   86  133   66   96 2 |  1739  1653   253  1267
0018:   99  183   64   90 4 |   605   506   200   123
0019:   74  220   85   12 4 |  2702  2628    32  2376
SUM: 6268 94.93 67.37 3370.25 2734.15 0.319
