PRIO 5
0000:   59  298   58   97 3 |  3637  3578   507  2773
0001:   79  339   17   93 2 |  4300  4221  1333  2549
0002:   69  444   78   84 1 |  5831  5762   333  4985
0003:   33  131   22   45 3 |  1276  1243   371   741
0004:   43  145   81   37 2 |  2815  2772    45  2582
0005:   85  189   79   96 3 |  2862  2777   301  2287
0006:   88  244   27   87 3 |  2936  2848   793  1811
0007:   94  421   68   10 1 |  5625  5531    65  5045
0008:   75  186   37   62 3 |  2136  2061   305  1570
0009:   78  215   91   32 3 |  2846  2768    63  2490
0010:   14  354   50   13 1 |  5284  5270    96  4820
0011:   59  346   65   82 1 |  5590  5531   412  4773
0012:   42  242   74   34 2 |  3772  3730    88  3400
0013:   70  209   88   62 1 |  4636  4566   110  4247
0014:   69  417   74   60 3 |  3802  3733   223  3093
0015:   97  187   44   26 2 |  3079  2982   116  2679
0016:   97  404   45   50 1 |  5769  5672   554  4714
0017:   47  469   92   83 1 |  5883  5836   473  4894
0018:   47  198   78   86 3 |  2735  2688   284  2206
0019:   29  400   46   66 2 |  4704  4675   686  3589
SUM: 5883 99.24 74.42 3912.20 3262.40 0.340
