PREPRIO 4
0000:   34  131   60   49 2 |  3410  3376   100  3145
0001:    9  131   42   19 4 |  1761  1752    39  1582
0002:   97  287   48   66 2 |  5027  4930   461  4182
0003:   37  173   53   36 4 |  1759  1722   114  1435
0004:   75  177   10   61 4 |  1585  1510  1081   252
0005:   94  248   16   19 1 |  5209  5115   254  4613
0006:    4  118   25   52 3 |  2042  2038   249  1671
0007:   18  299   55   98 3 |  4220  4202   428  3475
0008:    3  302   73  100 3 |  4521  4518   322  3894
0009:   80  228   40   79 1 |  5207  5127   343  4556
0010:   75  490   49   96 1 |  6147  6072  1094  4488
0011:   71  331   85   41 3 |  4728  4657   195  4131
0012:   36  475   45   34 3 |  4922  4886   341  4070
0013:    9  255   29   66 4 |  2727  2718   527  1936
0014:    6  231   32   46 4 |  2617  2611   362  2018
0015:   89  319   18   29 2 |  4845  4756   538  3899
0016:   65  246   27   99 2 |  4861  4796   893  3657
0017:   50  250   31   70 2 |  4722  4672   522  3900
0018:   20  303   38   49 4 |  3422  3402   493  2606
0019:   73  494   84  100 4 |  4707  4634   506  3634
SUM: 6147 89.28 77.27 3874.70 3157.20 0.325
