RR 2
0000:   15  325   34   80 2 |  5860  5845   900  4620
0001:    4  171   92   92 4 |  3164  3160   194  2795
0002:   17  408   42   76 2 |  6251  6234   586  5240
0003:    3  402   87   61 4 |  5950  5947   160  5385
0004:   61  496   69   20 4 |  6352  6291   131  5664
0005:   55  401   58   48 1 |  6122  6067   344  5322
0006:   24  144   45   65 3 |  3012  2988   320  2524
0007:   73  353   48   82 3 |  6049  5976   789  4834
0008:   74  226   17   84 3 |  4906  4832   980  3626
0009:   29  414   66   50 1 |  6167  6138   265  5459
0010:   91  423   32   11 1 |  6217  6126   164  5539
0011:   69  213   73   32 3 |  3900  3831    93  3525
0012:   10  256   31   41 3 |  4676  4666   347  4063
0013:    9  158   80   59 4 |  2890  2881    99  2624
0014:   88  450   55   32 4 |  6303  6215   239  5526
0015:   34  298   12   40 2 |  5896  5862  1072  4492
0016:   67  203   15   15 2 |  3941  3874   192  3479
0017:   75  453   76   22 2 |  6296  6221   140  5628
0018:   80  343   98   81 4 |  5644  5564   310  4911
0019:   11  200   15   90 4 |  4705  4694  1161  3333
SUM: 6352 99.76 74.70 5170.60 4429.45 0.315
