SRTF
0000:    4  286   27   73 2 |  1832  1828   925   617
0001:   48  283   53   49 4 |   853   805   186   336
0002:    1  128   55   28 2 |   280   279    64    87
0003:    7  400   48   87 4 |  4029  4022   629  2993
0004:   30  156   59   39 4 |   390   360    97   107
0005:   77  352   67   99 1 |  2503  2426   375  1699
0006:    8  407   46   79 3 |  4576  4568   453  3708
0007:   55  446   98   62 3 |  4813  4758   455  3857
0008:   12  451   59   88 3 |  6917  6905   621  5833
0009:   93  310   20   53 1 |  2665  2572   753  1509
0010:   97  397   78   80 1 |  3294  3197   389  2411
0011:   26  375   12   24 3 |  6536  6510   630  5505
0012:   78  352   27   90 3 |  4612  4534  1178  3004
0013:   77  473   88   14 4 |  6366  6289    51  5765
0014:   99  461   14   62 4 |  8833  8734  1890  6383
0015:   78  300   49   91 2 |  1529  1451   603   548
0016:   44  341   38   78 2 |  2755  2711   566  1804
0017:   69  472   94   21 2 |  5538  5469    83  4914
0018:   73  407   42   45 4 |  5851  5778   395  4976
0019:   35  318   37   17 4 |  1719  1684   140  1226
SUM: 8833 80.55 76.62 3744.00 2864.10 0.226
