PRIO 5
0000:   83  406   59   35 3 |  4076  3993   180  3407
0001:   12  454   99   16 2 |  5126  5114    71  4589
0002:   16  119   21   73 1 |  4253  4237   660  3458
0003:    1  103   73   88 3 |  1490  1489    30  1356
0004:   64  403   29   42 2 |  4858  4794   631  3760
0005:   71  142   67   60 3 |  2009  1938   111  1685
0006:   87  211   53   29 3 |  1850  1763   199  1353
0007:   76  456   74   86 1 |  6014  5938   639  4843
0008:    9  212   98   80 3 |  2887  2878   190  2476
0009:   89  103   27   10 3 |  1169  1080    29   948
0010:   92  150   40   56 1 |  4273  4181   311  3720
0011:    2  292   77   32 1 |  5465  5463   139  5032
0012:   20  225   25   72 2 |  3403  3383   590  2568
0013:    3  298   39   13 1 |  5450  5447    96  5053
0014:   71  302   66   72 3 |  3441  3370   386  2682
0015:   51  329   49   17 2 |  4553  4502   116  4057
0016:   76  273   95   35 1 |  5462  5386    73  5040
0017:   41  281   42   11 1 |  5417  5376    71  5024
0018:   52  457   93   90 3 |  4512  4460   329  3674
0019:   72  458   18   76 2 |  5400  5328  1751  3119
SUM: 6014 94.35 69.59 4006.00 3392.20 0.333
