PRIO 2
0000:   13  440   17   59 2 |  6517  6504  1569  4495
0001:   96  456   36   73 4 |  5169  5073  1071  3546
0002:   69  300   61   71 2 |  5597  5528   346  4882
0003:   13  370   80   10 4 |  4288  4275    66  3839
0004:   95  188   85   31 4 |  2639  2544    75  2281
0005:   95  342   17   73 1 |  7068  6973  1513  5118
0006:   15  350   12   85 3 |  5619  5604  2753  2501
0007:   28  146   36   99 3 |  2880  2852   444  2262
0008:   41  272   99   61 3 |  4517  4476   164  4040
0009:   92  274   38   73 1 |  6351  6259   399  5586
0010:    4  361   49   22 1 |  6406  6402   149  5892
0011:    3  497   56   71 3 |  5857  5854   822  4535
0012:    5  460   63   26 3 |  5574  5569   155  4954
0013:   23  172   98   51 4 |  2434  2411    74  2165
0014:   58  244   97   74 4 |  3419  3361   250  2867
0015:   82  453   39   70 2 |  6385  6303   819  5031
0016:   27  282   35   80 2 |  5606  5579   610  4687
0017:   59  162   60   24 2 |  4091  4032    60  3810
0018:   75  444   45   10 4 |  4591  4516    86  3986
0019:   23  298   64   97 4 |  3933  3910   515  3097
SUM: 7068 92.12 87.76 4901.25 3978.70 0.283
