RR 5
0000:   62  442   18   41 2 |  6510  6448  1059  4947
0001:   46  392   29   38 4 |  6136  6090   580  5118
0002:    1  291   86   20 2 |  4584  4583    85  4207
0003:   77  271   92   72 4 |  4706  4629   127  4231
0004:   26  328   82   20 4 |  5227  5201    78  4795
0005:   13  381   32   25 1 |  5905  5892   285  5226
0006:   40  327   81   54 3 |  5352  5312   123  4862
0007:   75  240   49   50 3 |  4547  4472   376  3856
0008:   16  315   30   26 3 |  5551  5535   357  4863
0009:   70  491   81   90 1 |  6233  6163   324  5348
0010:   94  164   60   62 1 |  3217  3123   160  2799
0011:   29  168   22   93 3 |  3602  3573   545  2860
0012:   40  454   26   81 3 |  6608  6568  1488  4626
0013:   17  121   40   25 4 |  2178  2161    70  1970
0014:   26  274   36   97 4 |  5259  5233   501  4458
0015:   55  354   45   29 2 |  5761  5706   259  5093
0016:   25  499   13   93 2 |  7871  7846  3062  4285
0017:   86  364   58   12 2 |  5797  5711   105  5242
0018:   65  359   77   99 4 |  5763  5698   367  4972
0019:   51  386   56   53 4 |  5926  5875   283  5206
SUM: 7871 84.12 78.06 5290.95 4448.20 0.254
