SRTF
0000:  100  194   66   96 2 |   791   691   189   308
0001:   29  210   25   82 4 |  2327  2298   754  1334
0002:   39  436   42   96 2 |  5487  5448   895  4117
0003:   18  243   80   50 4 |  1535  1517   120  1154
0004:   24  369   21   71 4 |  6029  6005  1513  4123
0005:    2  254   44   55 1 |  1466  1464   300   910
0006:   22  242   41   90 3 |  2432  2410   434  1734
0007:   72  344   92   72 3 |  2987  2915   197  2374
0008:   57  375   74   75 3 |  4638  4581   579  3627
0009:   53  249   72   37 1 |  2492  2439    91  2099
0010:   54  347   83   85 1 |  3774  3720   345  3028
0011:   54  385   94   65 3 |  3908  3854   160  3309
0012:   27  482   28   89 3 |  6897  6870  1563  4825
0013:   20  165   96   89 4 |   453   433   192    76
0014:   93  126   38   51 4 |   683   590   218   246
0015:   54  196   50   32 2 |   897   843    51   596
0016:   35  309   62   21 2 |  3016  2981    83  2589
0017:   82  157   28   44 2 |   943   861   271   433
0018:   43  487   62   87 4 |  5542  5499   652  4360
0019:   78  243   51   43 4 |  2153  2075   211  1621
SUM: 6897 84.28 75.45 2874.70 2143.15 0.290
