PRIO 2
0000:   27  392   47   22 2 |  5586  5559   228  4939
0001:   59  160   81   17 4 |  2309  2250    17  2073
0002:   90  265   68   58 2 |  5241  5151   257  4629
0003:   81  350   50   85 4 |  4342  4261   597  3314
0004:   71  297   98   57 4 |  3939  3868   157  3414
0005:   75  364   94   53 1 |  6230  6155   174  5617
0006:   84  326   75   88 3 |  4949  4865   328  4211
0007:   81  289   71   76 3 |  4692  4611   383  3939
0008:   81  338   80   32 3 |  4915  4834   129  4367
0009:   74  431   24   56 1 |  6659  6585  1027  5127
0010:    3  338   91   27 1 |  6096  6093   125  5630
0011:   42  289   58   28 3 |  4487  4445   162  3994
0012:   15  341   51   82 3 |  5037  5022   555  4126
0013:   43  281   19   42 4 |  3219  3176   583  2312
0014:   28  447   99   19 4 |  4873  4845    46  4352
0015:   36  455   56   43 2 |  5812  5776   297  5024
0016:   12  188   84   94 2 |  4544  4532   227  4117
0017:   72  434   12   95 2 |  7021  6949  3306  3209
0018:   57  247   12   67 4 |  3169  3112  1367  1498
0019:   35  195   72   25 4 |  2454  2419   104  2120
SUM: 7021 91.54 84.38 4725.40 3900.60 0.285
