PREPRIO 2
0000:   33  369   65   17 2 |  5561  5528   125  5034
0001:   10  212   94   66 5 |  2234  2224    74  1938
0002:   62  228   31   39 3 |  3242  3180   361  2591
0003:   91  336   21   13 2 |  5135  5044   245  4463
0004:   89  147   55   37 5 |  1478  1389    98  1144
0005:   50  469   35   52 2 |  6085  6035   703  4863
0006:    8  312   84   87 2 |  5252  5244   204  4728
0007:    7  316   73   82 4 |  3562  3555   308  2931
0008:   45  455   89   68 2 |  6046  6001   301  5245
0009:   69  320   38   15 1 |  6219  6150   124  5706
0010:   37  396  100   30 4 |  4009  3972   111  3465
0011:   44  230   43   60 4 |  2712  2668   383  2055
0012:   26  238   76   15 1 |  6022  5996    50  5708
0013:   48  165   69   82 4 |  2210  2162   223  1774
0014:   66  495   59   13 1 |  6414  6348   122  5731
0015:   81  210   10   50 2 |  4208  4127  1087  2830
0016:   78  394   79   51 2 |  5727  5649   253  5002
0017:   44  486   97   76 4 |  4668  4624   284  3854
0018:   50  342   85   50 2 |  5465  5415   187  4886
0019:   21  235   73   63 1 |  6009  5988   206  5547
SUM: 6414 99.08 55.69 4564.95 3974.75 0.312
