SRTF
0000:   79  263   43   45 2 |  1941  1862   326  1273
0001:   52  474   85   45 4 |  4539  4487   259  3754
0002:   95  212   79   68 2 |  1379  1284   149   923
0003:   26  277   22   55 4 |  2772  2746   724  1745
0004:    0  396   23   75 4 |  5646  5646  1246  4004
0005:   71  423   40   81 1 |  4858  4787   718  3646
0006:   76  135   65   79 3 |   605   529   255   139
0007:   65  417   77   49 3 |  3872  3807   356  3034
0008:   92  159   67   21 3 |   395   303     4   140
0009:   59  307   34   36 1 |  3005  2946   324  2315
0010:   51  291   35   54 1 |  2565  2514   477  1746
0011:    8  472   17   94 3 |  7756  7748  2274  5002
0012:   86  116   29   91 3 |   593   507   190   201
0013:   69  168   79   20 4 |   783   714    59   487
0014:   73  196   35   73 4 |  1116  1043   301   546
0015:   88  483   44   94 2 |  6447  6359  1000  4876
0016:   17  322   56   76 2 |  2057  2040   297  1421
0017:   85  379   33   27 2 |  3457  3372   320  2673
0018:   23  484   84   20 4 |  5628  5605   116  5005
0019:   68  197   35   40 4 |  1244  1176   138   841
SUM: 7756 79.56 78.80 2973.75 2188.55 0.258
