RR 2
0000:   46  428   48   47 2 |  6090  6044   509  5107
0001:   36  201   34   16 4 |  3874  3838   167  3470
0002:   54  244   84   65 2 |  4387  4333   115  3974
0003:    8  108   19   63 4 |  2316  2308   396  1804
0004:   75  186   35   46 4 |  3618  3543   181  3176
0005:   45  349   32   56 1 |  5767  5722   573  4800
0006:   17  244   32   32 3 |  4407  4390   215  3931
0007:   82  452   45   20 3 |  6034  5952   213  5287
0008:   66  214   42   57 3 |  4214  4148   308  3626
0009:   50  346   54   20 1 |  5428  5378   104  4928
0010:   73  383   36   29 1 |  5858  5785   413  4989
0011:   33  157   40   30 3 |  2971  2938    56  2725
0012:   74  368   45   10 3 |  5635  5561    98  5095
0013:   67  257   50   59 4 |  4587  4520   203  4060
0014:   23  417   18   36 4 |  6125  6102   866  4819
0015:   33  172   46   16 2 |  3249  3216    85  2959
0016:    0  350   37   67 2 |  5612  5612   595  4667
0017:   42  356   27   38 2 |  5704  5662   425  4881
0018:   19  397  100   81 4 |  5802  5783   185  5201
0019:   58  440   57   42 4 |  6065  6007   332  5235
SUM: 6125 99.09 64.28 4842.10 4236.70 0.327
