LCFS
0000:   52  476   38   54 2 |  6162  6110   618  5016
0001:   80  470   50   62 4 |  3003  2923   673  1780
0002:   36  192   76   67 2 |  4380  4344   175  3977
0003:   56  327   70   86 4 |  3711  3655   170  3158
0004:   75  376   76   53 4 |  1135  1060    92   592
0005:   81  415   97   66 1 |  1404  1323   352   556
0006:   15  312   65   42 3 |  6365  6350   214  5824
0007:   22  369   83   66 3 |  5646  5624   198  5057
0008:   45  478   34   35 3 |  3824  3779   454  2847
0009:   72  294   41   44 1 |  2372  2300   242  1764
0010:   24  213   29   17 1 |  4901  4877   107  4557
0011:   36  353   39   46 3 |  5565  5529   523  4653
0012:   37  130   29   66 3 |   435   398   148   120
0013:   60  237  100   69 4 |  3442  3382   225  2920
0014:   67  193   78   97 4 |  2335  2268   157  1918
0015:   40  395   44   98 2 |  6457  6417   747  5275
0016:   53  475   24   58 2 |  6727  6674  1081  5118
0017:   48  268   76   41 2 |  2974  2926   178  2480
0018:    9  328   30   77 4 |  2007  1998   684   986
0019:   80  129   64   25 4 |   351   271    28   114
SUM: 6727 95.58 69.59 3610.40 2935.60 0.297
