RR 2
0000:   90  379   55   92 2 |  5984  5894   557  4958
0001:   67  191   54   20 4 |  3602  3535    36  3308
0002:   43  292   51   67 2 |  5063  5020   378  4350
0003:    1  172   30   54 4 |  3305  3304   324  2808
0004:   58  355   36   77 4 |  5813  5755   574  4826
0005:   20  184   78   26 1 |  3368  3348    21  3143
0006:   10  394   94   28 3 |  5721  5711   112  5205
0007:   10  401   97   60 3 |  5883  5873   246  5226
0008:   91  419   29   56 3 |  6233  6142   920  4803
0009:   81  478   20   51 1 |  6420  6339  1023  4838
0010:   15  323   34   44 1 |  5429  5414   437  4654
0011:   20  452   33   27 3 |  6150  6130   411  5267
0012:   23  451   38   27 3 |  6085  6062   303  5308
0013:   84  145   60   62 4 |  3152  3068   305  2618
0014:   43  243   41   76 4 |  4641  4598   469  3886
0015:   51  228   31   49 2 |  4236  4185   219  3738
0016:   82  432   14   46 2 |  6348  6266  1163  4671
0017:   65  267   39   62 2 |  4911  4846   443  4136
0018:   63  179   57   17 4 |  3409  3346    43  3124
0019:   10  324   42   39 4 |  5261  5251   234  4693
SUM: 6420 98.27 71.59 5004.35 4278.00 0.312
