SRTF
0000:   77  409   37   89 2 |  4938  4861   889  3563
0001:    1  279   75   81 4 |  2369  2368   365  1724
0002:   30  406   45   21 2 |  3915  3885   157  3322
0003:  100  168   20   82 4 |  2442  2342  1114  1060
0004:   99  207   22   37 4 |  2236  2137   434  1496
0005:    0  348   62   11 1 |  3066  3066    46  2672
0006:   55  195   52   89 3 |   614   559   214   150
0007:   45  230   93   32 3 |  1410  1365    57  1078
0008:   81  273   85   20 3 |  2361  2280    45  1962
0009:    2  313   16   85 1 |  6147  6145  2242  3590
0010:   77  437   60   74 1 |  4669  4592   356  3799
0011:   85  262   49   45 3 |  2079  1994   134  1598
0012:   78  209  100   20 3 |   580   502    20   273
0013:   17  440   53   56 4 |  5269  5252   450  4362
0014:    7  431   17   33 4 |  6301  6294   725  5138
0015:   48  282   61   26 2 |  3024  2976   119  2575
0016:   25  225   72   15 2 |  1036  1011    79   707
0017:   43  198   42   15 2 |  1136  1093    86   809
0018:   72  111   82   59 4 |   474   402   141   150
0019:   57  453   44   41 4 |  5645  5588   342  4793
SUM: 6301 93.26 77.19 2935.60 2241.05 0.317
