PRIO 2
0000:   51  378   45   62 2 |  6301  6250   446  5426
0001:   29  192   34   14 4 |  2485  2456    78  2186
0002:   15  446   90   54 2 |  6379  6364   262  5656
0003:   39  152   19   69 4 |  2004  1965   486  1327
0004:   57  357   91   64 4 |  4272  4215   300  3558
0005:   64  244   71   44 1 |  6410  6346   148  5954
0006:   69  439   98   85 3 |  5903  5834   610  4785
0007:   68  494   58   68 3 |  6114  6046   490  5062
0008:   53  468   80   72 3 |  6030  5977   370  5139
0009:   98  131   96   93 1 |  5517  5419   248  5040
0010:   48  177   44   27 1 |  6119  6071   116  5778
0011:   71  166   17   86 3 |  2948  2877   521  2190
0012:   95  435   99   99 3 |  5706  5611   346  4830
0013:   84  316   28   33 4 |  3723  3639   254  3069
0014:   16  303   35   52 4 |  3522  3506   364  2839
0015:   99  278   36   50 2 |  5541  5442   324  4840
0016:   11  409   72   50 2 |  6333  6322   321  5592
0017:   56  400   58   15 2 |  6240  6184    94  5690
0018:   25  231   12   21 4 |  2143  2118   305  1582
0019:    0  374   38   65 4 |  4202  4202   557  3271
SUM: 6410 99.69 64.88 4842.20 4190.70 0.312
