PRIO 2
0000:   12  107   46   31 2 |  2932  2920    33  2780
0001:   85  365   94   10 4 |  4356  4271    44  3862
0002:   97  255   52   71 2 |  5119  5022   312  4455
0003:   60  227   42   44 4 |  2991  2931   295  2409
0004:   68  269   30   58 4 |  3332  3264   404  2591
0005:   37  244   43   35 1 |  5563  5526   233  5049
0006:   24  344   24   74 3 |  4781  4757  1111  3302
0007:   52  284   38   80 3 |  4552  4500   601  3615
0008:   22  319   46   85 3 |  4731  4709   422  3968
0009:   85  409   20   55 1 |  6360  6275  1147  4719
0010:   68  281   61   39 1 |  5574  5506   166  5059
0011:   59  360   75   20 3 |  5005  4946    59  4527
0012:   84  132   72   30 3 |  2669  2585    73  2380
0013:    4  242   26   70 4 |  3355  3351   532  2577
0014:   54  465   56   83 4 |  5042  4988   597  3926
0015:    5  236   97   23 2 |  5002  4997    52  4709
0016:   85  389   30   32 2 |  5410  5325   325  4611
0017:   24  106   34   61 2 |  3043  3019   194  2719
0018:   97  242   53   58 4 |  3342  3245   185  2818
0019:   52  486   80   40 4 |  5036  4984   247  4251
SUM: 6360 90.60 72.44 4356.05 3716.35 0.314
