RR 5
0000:   82  397   84   53 2 |  5059  4977   219  4361
0001:   21  129   54  100 4 |  2311  2290   258  1903
0002:  100  316   51   56 2 |  4547  4447   184  3947
0003:    5  312   13   66 4 |  5641  5636  1868  3456
0004:   68  239   93   16 4 |  3617  3549    64  3246
0005:   11  120   79   34 1 |  2127  2116    47  1949
0006:    7  467   89   34 3 |  5234  5227   145  4615
0007:   35  441   58   85 3 |  5400  5365   745  4179
0008:   71  113   55   23 3 |  2116  2045    51  1881
0009:   88  275   95   46 1 |  4003  3915    62  3578
0010:   20  124   64   20 1 |  2355  2335    81  2130
0011:   98  130   97   59 3 |  2373  2275    57  2088
0012:    6  351   41   78 3 |  5090  5084   756  3977
0013:   41  397   92   56 4 |  5027  4986   182  4407
0014:   42  425   36   92 4 |  5613  5571  1163  3983
0015:   87  121   15   68 2 |  3036  2949   568  2260
0016:   79  397   21   14 2 |  5219  5140   246  4497
0017:   72  243   18   93 2 |  4986  4914  1157  3514
0018:    1  125   75   38 4 |  1977  1976    34  1817
0019:   16  306   72   22 4 |  4197  4181    75  3800
SUM: 5641 96.22 81.17 3948.90 3279.40 0.355
