PREPRIO 4
0000:   98  325   94   58 2 |  5614  5516   139  5052
0001:   78  353   69   73 4 |  4279  4201   356  3492
0002:   33  205   79   74 2 |  4887  4854   119  4530
0003:   42  235   30   88 4 |  2969  2927   634  2058
0004:   90  361   79   18 4 |  4370  4280    93  3826
0005:   80  206   89   74 1 |  5832  5752   227  5319
0006:   50  418   42   90 3 |  5359  5309   862  4029
0007:   27  147   60   38 3 |  2635  2608    93  2368
0008:   30  396   14   72 3 |  5158  5128  2508  2224
0009:    5  342   10   43 1 |  6476  6471  1436  4693
0010:    3  351   94   40 1 |  5971  5968   127  5490
0011:   12  196   12   60 3 |  2928  2916   796  1924
0012:   57  257   77   92 3 |  4518  4461   290  3914
0013:   41  278   33   35 4 |  3193  3152   246  2628
0014:   98  168   26   61 4 |  2077  1979   399  1412
0015:   46  303   20   62 2 |  5435  5389   748  4338
0016:    2  422   18   50 2 |  5748  5746   981  4343
0017:  100  337   22   42 2 |  5499  5399   647  4415
0018:   29  431   15   62 4 |  4097  4068  1574  2063
0019:   84  310   50   88 4 |  3967  3883   362  3211
SUM: 6476 93.28 86.32 4500.35 3566.45 0.309
