PREPRIO 2
0000:    8  264   26   34 2 |  4368  4360   384  3712
0001:   28  428   90   33 5 |  3823  3795   167  3200
0002:   50  290   49   84 3 |  4169  4119   463  3366
0003:    3  269   40   26 2 |  4344  4341   173  3899
0004:   17  348   62   67 5 |  3478  3461   504  2609
0005:   34  202   89   30 2 |  4145  4111    61  3848
0006:   52  129   84   69 2 |  3495  3443    97  3217
0007:   73  257   70   57 4 |  3395  3322   243  2822
0008:   92  390   63   79 2 |  4808  4716   441  3885
0009:   21  375   33   61 1 |  5376  5355   755  4225
0010:   83  280   76   25 4 |  3441  3358   130  2948
0011:   96  353   49   35 4 |  3881  3785   289  3143
0012:   99  234   25   77 1 |  5014  4915   562  4119
0013:   82  131   61   22 4 |  1737  1655    38  1486
0014:   51  253   10   37 1 |  5056  5005   861  3891
0015:   90  128   14   75 2 |  3347  3257   598  2531
0016:   88  114   99   70 2 |  3127  3039    11  2914
0017:   58  289   42   77 4 |  3672  3614   431  2894
0018:   60  148   70   82 2 |  3687  3627   262  3217
0019:   23  199   40   37 1 |  4699  4676   209  4268
SUM: 5376 94.51 74.85 3897.70 3309.70 0.372
