PRIO 2
0000:   17  207   81   60 2 |  4821  4804   147  4450
0001:   85  310   87   58 4 |  4172  4087    97  3680
0002:   13  160   85   13 2 |  4194  4181    36  3985
0003:   35  416  100   71 4 |  4927  4892   337  4139
0004:   38  135   91   57 4 |  1948  1910    46  1729
0005:   35  267   29   30 1 |  5732  5697   363  5067
0006:   47  251   33   54 3 |  4103  4056   206  3599
0007:   40  278   18   38 3 |  4125  4085   638  3169
0008:   51  326   50   40 3 |  4827  4776   314  4136
0009:   12  442   66   78 1 |  6224  6212   552  5218
0010:   68  455   34   35 1 |  6293  6225   594  5176
0011:   83  269   87   18 3 |  4503  4420    59  4092
0012:   17  169   79   46 3 |  3214  3197    71  2957
0013:   11  390   21   68 4 |  4529  4518  1244  2884
0014:    8  473   92   79 4 |  5060  5052   465  4114
0015:   28  205   32   76 2 |  4793  4765   405  4155
0016:   56  473   67   17 2 |  5634  5578   154  4951
0017:   97  291   75   53 2 |  5225  5128   206  4631
0018:   39  274   68   60 4 |  3694  3655   240  3141
0019:   69  304  100   30 4 |  3977  3908    80  3524
SUM: 6293 96.85 61.27 4557.30 3939.85 0.318
