SRTF
0000:   14  427   41   35 2 |  5239  5225   503  4295
0001:   99  336   80   13 4 |  2011  1912    54  1522
0002:   79  236   72   89 2 |  1216  1137   192   709
0003:   43  394   20   30 4 |  5052  5009   621  3994
0004:   66  438   44   38 4 |  4618  4552   404  3710
0005:   68  412   87   77 1 |  3559  3491   293  2786
0006:   12  146   64   68 3 |   362   350   157    47
0007:   15  221   92   40 3 |  1236  1221   124   876
0008:    1  317   24   17 3 |  3246  3245   275  2653
0009:   64  269   41   60 1 |  2341  2277   429  1579
0010:   28  247   45   31 1 |  1856  1828   173  1408
0011:   77  446   39   11 3 |  5560  5483   112  4925
0012:   24  485  100   79 3 |  6199  6175   315  5375
0013:   83  408   65   72 4 |  4005  3922   567  2947
0014:   79  126   98   49 4 |   501   422    40   256
0015:   82  374   86   19 2 |  2600  2518    48  2096
0016:   45  182   46   35 2 |   944   899   127   590
0017:  100  133   67   73 2 |   623   523    77   313
0018:   14  141   80   87 4 |   475   461   152   168
0019:   73  467   41   40 4 |  6367  6294   409  5418
SUM: 6367 97.46 59.48 2847.20 2283.35 0.314
