SRTF
0000:   85  236   36   25 2 |  1681  1596   196  1164
0001:   81  183   48   87 4 |   896   815   276   356
0002:   65  464   40   21 2 |  5548  5483   302  4717
0003:   64  241   92   69 4 |  1566  1502    88  1173
0004:   18  372   70   63 4 |  4621  4603   404  3827
0005:   35  266   17   50 1 |  3459  3424   775  2383
0006:   71  319   61   88 3 |  2680  2609   355  1935
0007:   14  435   34   20 3 |  5168  5154   217  4502
0008:   91  438   16   49 3 |  6615  6524  1193  4893
0009:   71  124   28   97 1 |   538   467   200   143
0010:   57  314   67   93 1 |  2794  2737   449  1974
0011:   48  208   53   14 3 |  1133  1085    70   807
0012:   47  369   53   72 3 |  3805  3758   295  3094
0013:   91  397   91   82 4 |  4453  4362   290  3675
0014:   71  337   25   10 4 |  3627  3556   116  3103
0015:   20  194   93   77 2 |   567   547   227   126
0016:   63  116   38   59 2 |   638   575   177   282
0017:   11  300   24   86 2 |  3390  3379   698  2381
0018:   54  224   33   42 4 |  1883  1829   196  1409
0019:   73  181   18   52 4 |  1600  1527   531   815
SUM: 6615 86.44 70.23 2776.60 2137.95 0.302
