SRTF
0000:   11  354   68   13 2 |  2928  2917    49  2514
0001:   89  498   23   46 4 |  6753  6664   903  5263
0002:   57  140   87   16 2 |   292   235    23    72
0003:   96  462   86   71 4 |  5418  5322   408  4452
0004:   74  429   86   97 4 |  5342  5268   494  4345
0005:   27  317   69   63 1 |  2153  2126   247  1562
0006:   95  258   89   97 3 |  1672  1577   212  1107
0007:    2  369   60   75 3 |  3662  3660   557  2734
0008:   83  338   58   51 3 |  2582  2499   200  1961
0009:  100  373   16   14 1 |  5137  5037   297  4367
0010:   52  116   42   66 1 |   389   337   123    98
0011:   61  192   55   83 3 |  1023   962   142   628
0012:  100  359   82   45 3 |  3494  3394   129  2906
0013:   64  383   24   21 4 |  5514  5450   383  4684
0014:   16  181   18   10 4 |  1046  1030    93   756
0015:   21  135   16   63 2 |  1278  1257   605   517
0016:   75  267   38   80 2 |  2572  2497   614  1616
0017:   49  172   45   35 2 |   710   661   140   349
0018:   66  342   50   35 4 |  4080  4014   276  3396
0019:   58  243   99   56 4 |  1339  1281   182   856
SUM: 6753 87.78 64.87 2809.40 2209.15 0.296
