SRTF
0000:   39  273   66   62 2 |  1774  1735   194  1268
0001:   18  222   18   66 4 |  2899  2881   760  1899
0002:   75  446   15   75 2 |  7719  7644  2304  4894
0003:   33  139   43   30 4 |   338   305    84    82
0004:   13  170   60   39 4 |   689   676   103   403
0005:   96  130   35   27 1 |   567   471    72   269
0006:   95  220   17   74 3 |  2734  2639   828  1591
0007:   40  409   97   16 3 |  4284  4244    55  3780
0008:   86  143   91   39 3 |   507   421    66   212
0009:   43  447   52   97 1 |  5712  5669   755  4467
0010:   94  252   79   63 1 |  1240  1146   149   745
0011:   70  395   72   96 3 |  5166  5096   702  3999
0012:    2  476   78   83 3 |  5699  5697   458  4763
0013:   29  301   99   71 4 |  1832  1803   194  1308
0014:   41  318   18   40 4 |  4054  4013   653  3042
0015:   70  214   49   16 2 |  1029   959    65   680
0016:   97  335   69   60 2 |  2762  2665   254  2076
0017:   21  392   62   29 2 |  3572  3551   141  3018
0018:   90  281   93   51 4 |  2564  2474   319  1874
0019:    1  375   29   23 4 |  4248  4247   243  3629
SUM: 7719 76.93 73.46 2916.80 2199.95 0.259
