LCFS
0000:   94  262   89   53 2 |   570   476   111   103
0001:   85  360   59   22 4 |  2248  2163   226  1577
0002:   68  118   40   10 2 |  1730  1662    31  1513
0003:   15  117   30   82 4 |  1395  1380   389   874
0004:   67  245   72   59 4 |  2986  2919   197  2477
0005:   75  354   15   24 1 |  4192  4117   583  3180
0006:   35  254   25   46 3 |  4555  4520   414  3852
0007:   59  285   96   36 3 |  3511  3452    70  3097
0008:   37  448   37   59 3 |  3152  3115   828  1839
0009:   68  468   99   51 1 |  2152  2084   326  1290
0010:   66  256   35   17 1 |  2889  2823    79  2488
0011:   84  261   25   54 3 |  2521  2437   452  1724
0012:   58  407   26   12 3 |  5165  5107   220  4480
0013:   16  370   83   84 4 |  5345  5329   264  4695
0014:   34  121   15   85 4 |  4327  4293   384  3788
0015:   36  127   68   71 2 |   399   363    67   169
0016:    4  329   53   36 2 |  4136  4132   119  3684
0017:   29  252   45   80 2 |  5164  5135   339  4544
0018:    8  106   62   23 4 |  4665  4657    64  4487
0019:   85  128   55   99 4 |   816   731   241   362
SUM: 5345 98.56 65.09 3044.75 2511.15 0.374
