RR 5
0000:   97  222   17   11 2 |  4330  4233   144  3867
0001:    0  188   71   93 4 |  3501  3501   300  3013
0002:   61  257   78   77 2 |  4542  4481   382  3842
0003:    2  242   94   22 4 |  3798  3796    35  3519
0004:   19  112   27   25 4 |  2119  2100    93  1895
0005:   20  398   15   84 1 |  6462  6442  2049  3995
0006:   18  313   57   24 3 |  4962  4944   223  4408
0007:    7  436   58   79 3 |  5590  5583   561  4586
0008:   48  380   77   41 3 |  5282  5234   151  4703
0009:   57  334   37   77 1 |  5435  5378   636  4408
0010:    9  384   10   45 1 |  6142  6133  1711  4038
0011:    1  115   16   13 3 |  2186  2185    87  1983
0012:   50  326   42   76 3 |  5264  5214   558  4330
0013:   96  185   87   80 4 |  3382  3286   150  2951
0014:   97  250   58   93 4 |  4700  4603   604  3749
0015:   36  365   76   26 2 |  5197  5161   126  4670
0016:   72  344   14   64 2 |  5996  5924  1578  4002
0017:   49  398   73   93 2 |  5413  5364   367  4599
0018:   28  350   86   18 4 |  5147  5119    89  4680
0019:   46  224  100   21 4 |  3716  3670    55  3391
SUM: 6462 90.11 82.58 4617.55 3831.45 0.310
