RR 5
0000:   42  178   89   72 2 |  3159  3117   116  2823
0001:   36  132   63   90 4 |  2531  2495   117  2246
0002:   81  270   73   22 2 |  4459  4378   103  4005
0003:   56  437   19   27 4 |  6130  6074   649  4988
0004:   76  312   85   46 4 |  4948  4872   220  4340
0005:   89  469   21   76 1 |  6506  6417  1503  4445
0006:   29  386   83   65 3 |  5634  5605   338  4881
0007:   14  454   48   79 3 |  6082  6068   814  4800
0008:   94  107   58   26 3 |  2084  1990    11  1872
0009:   17  313   74   85 1 |  5070  5053   461  4279
0010:   28  371   49   98 1 |  5621  5593   582  4640
0011:   13  163   77   86 3 |  2775  2762    79  2520
0012:   83  325   88   55 3 |  5060  4977   184  4468
0013:   94  473   97   63 4 |  5876  5782   221  5088
0014:   56  346   46   60 4 |  5382  5326   397  4583
0015:   86  236   47   17 2 |  4157  4071    90  3745
0016:   68  476   70   74 2 |  6089  6021   471  5074
0017:   68  223   46   92 2 |  4377  4309   516  3570
0018:   57  497   37   96 4 |  6338  6281  1024  4760
0019:    4  127   99   21 4 |  1951  1947    17  1803
SUM: 6506 96.76 69.09 4656.90 3946.50 0.307
