PRIO 5
0000:   77  364   57   75 3 |  4324  4247   398  3485
0001:    7  347   27   16 2 |  4529  4522   221  3954
0002:   85  279   87   87 1 |  5324  5239   115  4845
0003:   85  379   61   42 3 |  4294  4209   265  3565
0004:    5  318   65   49 2 |  4752  4747   339  4090
0005:   78  242   96   66 3 |  3137  3059   104  2713
0006:    9  273   76   63 3 |  3739  3730   254  3203
0007:   24  411   46   13 1 |  5720  5696   107  5178
0008:   35  390   51   36 3 |  4145  4110   320  3400
0009:   87  210   76   37 3 |  2919  2832    88  2534
0010:   69  267   77   96 1 |  5506  5437   311  4859
0011:   88  151   17   60 1 |  4552  4464   411  3902
0012:   23  307   61   36 2 |  4693  4670   161  4202
0013:   87  384   16   99 1 |  6622  6535  2078  4073
0014:   65  185   41   76 3 |  2454  2389   405  1799
0015:    6  313   45   55 2 |  4802  4796   292  4191
0016:    0  471   85   70 1 |  5847  5847   269  5107
0017:   90  220   20   92 1 |  5417  5327   977  4130
0018:   63  278   63   52 3 |  3366  3303   299  2726
0019:    6  135   55   77 2 |  3107  3101   190  2776
SUM: 6622 89.46 72.20 4413.00 3736.60 0.302
