PRIO 5
0000:   66  189   44   82 3 |  2536  2470   382  1899
0001:   88  238   95   97 2 |  3660  3572   228  3106
0002:   93  401   68   29 1 |  5130  5037   176  4460
0003:   22  254   26   84 3 |  2810  2788   845  1689
0004:   26  217   96   18 2 |  3464  3438    40  3181
0005:   12  154   98   87 3 |  2299  2287   116  2017
0006:   89  185   85   16 3 |  2447  2358    24  2149
0007:   38  411   94   47 1 |  5213  5175   207  4557
0008:   57  174   10   63 3 |  1748  1691  1060   457
0009:    7  352   22   48 3 |  3170  3163   586  2225
0010:   63  205   47   99 1 |  4485  4422   445  3772
0011:   82  375   48   89 1 |  5263  5181   601  4205
0012:   98  367   32   89 2 |  4610  4512  1240  2905
0013:   34  122   97   76 1 |  3624  3590    84  3384
0014:    3  156   33   96 3 |  1703  1700   326  1218
0015:   94  413   29   91 2 |  4709  4615  1370  2832
0016:   68  466   87   73 1 |  5325  5257   253  4538
0017:   93  166   50   67 1 |  4162  4069   223  3680
0018:    4  166   40   99 3 |  1951  1947   389  1392
0019:   39  265   16   63 2 |  3638  3599  1115  2219
SUM: 5325 99.08 82.20 3543.55 2794.25 0.376
