LCFS
0000:   12  459   64   12 2 |  5911  5899    75  5365
0001:   32  397   85   30 4 |  5040  5008   122  4489
0002:   69  426   68   19 2 |  2600  2531   101  2004
0003:   84  382   34   70 4 |  4343  4259   758  3119
0004:   77  467   44   58 4 |  4275  4198   614  3117
0005:    7  264   85   70 1 |   692   685   218   203
0006:   72  308   27   49 3 |  2913  2841   484  2049
0007:    8  383   32   39 3 |  6689  6681   306  5992
0008:   87  485   75   54 3 |  1448  1361   159   717
0009:   44  487   73   79 1 |  4919  4875   446  3942
0010:   62  237   37   91 1 |  4600  4538   490  3811
0011:   77  139   22   21 3 |  2770  2693   146  2408
0012:   67  120   45   15 3 |  3000  2933    26  2787
0013:   85  151   13   66 4 |  3055  2970   688  2131
0014:   20  492   68   70 4 |  6070  6050   474  5084
0015:   45  356   96   51 2 |   932   887   137   394
0016:   24  210   14   21 2 |  6374  6350   344  5796
0017:    8  106   29   18 2 |  5972  5964    82  5776
0018:   36  190   91   79 4 |  3988  3952    95  3667
0019:   85  426   69   28 4 |  1640  1555   118  1011
SUM: 6689 96.95 60.14 3811.50 3193.10 0.299
