RR 5
0000:    7  204   62   59 2 |  3718  3711   269  3238
0001:   57  384   68   55 4 |  5404  5347   320  4643
0002:   55  404   68   46 2 |  5442  5387   301  4682
0003:   16  461   14   90 4 |  7193  7177  3244  3472
0004:   72  123   94   99 4 |  2442  2370   154  2093
0005:    3  346   60   76 1 |  5147  5144   527  4271
0006:   18  272   52   86 3 |  4525  4507   366  3869
0007:   40  165   93   68 3 |  2970  2930   170  2595
0008:   20  381   47   41 3 |  5392  5372   400  4591
0009:   26  199   47   25 1 |  3631  3605    62  3344
0010:   69  234   49   31 1 |  4050  3981   116  3631
0011:   15  221   58   95 3 |  4007  3992   392  3379
0012:    7  345   71   28 3 |  4903  4896    99  4452
0013:   51  215   46   17 4 |  3640  3589    62  3312
0014:   91  337   18   18 4 |  5446  5355   412  4606
0015:   75  107   39   78 2 |  2308  2233   189  1937
0016:   14  323   32   13 2 |  5001  4987   142  4522
0017:    1  119   10   37 2 |  2634  2633   376  2138
0018:   50  498   78   71 4 |  5633  5583   479  4606
0019:   78  424   93   25 4 |  5448  5370   174  4772
SUM: 7193 80.11 76.02 4408.45 3707.65 0.278
