LCFS
0000:   41  381   15   91 2 |  6823  6782  2098  4303
0001:   82  190   39   22 4 |   688   606    76   340
0002:   49  274   13   49 2 |  5695  5646  1085  4287
0003:    5  355   53   56 4 |  4029  4024   350  3319
0004:    9  136   57   55 4 |  2116  2107   124  1847
0005:   69  303   51   82 1 |  3089  3020   412  2305
0006:   29  202   82   87 3 |   618   589   176   211
0007:   85  362   18   50 3 |  4275  4190   999  2829
0008:   62  365   57   26 3 |   986   924   152   407
0009:   51  167   30   42 1 |  3389  3338   165  3006
0010:   53  256   15   16 1 |  4723  4670   215  4199
0011:   40  357   44   18 3 |  4867  4827   198  4272
0012:   78  396   99   64 3 |  1871  1793   247  1150
0013:   79  265   70   86 4 |  1981  1902   377  1260
0014:   43  412   88   11 4 |  4146  4103    54  3637
0015:   61  115   59   99 2 |  2974  2913   215  2583
0016:   25  388   12   40 2 |  6546  6521  1330  4803
0017:   87  399   34   87 2 |  2410  2323   829  1095
0018:   70  184   68   53 4 |  2470  2400   129  2087
0019:   57  154   66   75 4 |  2905  2848   113  2581
SUM: 6823 82.97 81.17 3276.30 2526.05 0.293
