SRTF
0000:    6  149   80   10 2 |   278   272    23   100
0001:   21  213   63   77 4 |  1458  1437   258   966
0002:   97  147   48   21 2 |   847   750    89   514
0003:   97  186   79   86 4 |  1160  1063   236   641
0004:   68  360   57   36 4 |  3838  3770   317  3093
0005:   85  250   35   77 1 |  2566  2481   596  1635
0006:   89  337   93   13 3 |  2577  2488    48  2103
0007:   61  434   13   29 3 |  6034  5973   918  4621
0008:   24  288   51   62 3 |  3018  2994   478  2228
0009:   67  323   39   54 1 |  3625  3558   442  2793
0010:   90  338   33   89 1 |  4754  4664  1095  3231
0011:   36  267   88   66 3 |  2100  2064   223  1574
0012:   38  196   54   32 3 |  1700  1662   246  1220
0013:   34  112   69   91 4 |   446   412   193   107
0014:   77  406   84   13 4 |  4262  4185    82  3697
0015:   44  370   47   83 2 |  4835  4791   715  3706
0016:   29  124   90   49 2 |   366   337    16   197
0017:   29  216   69   64 2 |  1646  1617   334  1067
0018:   66  402   42   61 4 |  5218  5152   547  4203
0019:   39  176   94   40 4 |   653   614    47   391
SUM: 6034 87.74 74.08 2514.20 1904.35 0.331
