PREPRIO 2
0000:   38  241   77   28 2 |  4597  4559    69  4249
0001:   13  372   35   87 5 |  3466  3453   653  2428
0002:   44  270   44   29 3 |  4023  3979   186  3523
0003:   60  102   68   73 2 |  2732  2672    27  2543
0004:   38  309   74   39 5 |  3053  3015   145  2561
0005:   55  135   36   10 2 |  3111  3056    48  2873
0006:   12  304   29   34 2 |  4873  4861   237  4320
0007:   10  275   76   87 4 |  3525  3515   431  2809
0008:   66  194   57   11 2 |  4100  4034    33  3807
0009:   64  390   73   43 1 |  5997  5933   303  5240
0010:   16  350   13   98 4 |  4588  4572  2450  1772
0011:   74  448   82   73 4 |  4576  4502   340  3714
0012:   34  332   63   25 1 |  5794  5760   173  5255
0013:   95  331   75   18 4 |  3719  3624    85  3208
0014:   93  274   93   85 1 |  5711  5618   210  5134
0015:   94  379   80   43 2 |  5248  5154   166  4609
0016:   97  458   78   36 2 |  5487  5390   166  4766
0017:   87  171   98   73 4 |  2218  2131   239  1721
0018:   19  221   55   71 2 |  4503  4484   167  4096
0019:    4  330   49   53 1 |  5850  5846   309  5207
SUM: 5997 98.15 65.73 4307.90 3691.75 0.334
