RR 5
0000:    2  340   12   50 2 |  5365  5363  1405  3618
0001:   59  492   52   67 4 |  5397  5338   708  4138
0002:   49  252   14   22 2 |  4502  4453   372  3829
0003:   38  148   70   65 4 |  2633  2595   105  2342
0004:   22  264   50   94 4 |  4269  4247   428  3555
0005:   81  151   77   72 1 |  2759  2678    93  2434
0006:   81  294   62   40 3 |  4327  4246   182  3770
0007:   84  220   18   95 3 |  4724  4640  1328  3092
0008:   25  379   76   92 3 |  5017  4992   648  3965
0009:   23  152   42   35 1 |  2779  2756   140  2464
0010:   65  247   74   69 1 |  3836  3771    91  3433
0011:   14  221   16   26 3 |  4195  4181   447  3513
0012:   90  198   53   53 3 |  3547  3457   201  3058
0013:   61  444   28   57 4 |  5506  5445  1009  3992
0014:   70  216   72   20 4 |  3509  3439    36  3187
0015:   22  136   18   99 2 |  3398  3376   741  2499
0016:   58  369   96   84 2 |  4679  4621   181  4071
0017:   88  499   12   52 2 |  6319  6231  2063  3669
0018:    1  363   25   77 4 |  5242  5241  1329  3549
0019:   97  173   33   27 4 |  3327  3230   140  2917
SUM: 6319 87.96 85.52 4215.00 3354.75 0.317
