SRTF
0000:   77  337   85   33 2 |  2288  2211   112  1762
0001:   41  178   60   92 4 |   924   883   265   440
0002:    0  450   13   13 2 |  6197  6197   471  5276
0003:   52  331   19   89 4 |  4235  4183  1144  2708
0004:   70  341   45   25 4 |  2614  2544   168  2035
0005:   91  141   45   58 1 |   575   484   126   217
0006:   73  226   97   53 3 |   921   848   109   513
0007:   29  184   69   55 3 |  1152  1123   111   828
0008:   19  396   70   95 3 |  4044  4025   373  3256
0009:    9  158   29   76 1 |   802   793   387   248
0010:   14  346   79   25 1 |  3056  3042   108  2588
0011:    2  107   69   29 3 |   238   236    53    76
0012:   52  441   42   53 3 |  4908  4856   604  3811
0013:   14  371   86   48 4 |  3697  3683   257  3055
0014:   90  382   40   53 4 |  4987  4897   573  3942
0015:   13  487   53   93 2 |  6573  6560  1105  4968
0016:   30  464   61  100 2 |  6196  6166  1058  4644
0017:   33  257   79   47 2 |  1700  1667   125  1285
0018:   65  219   42   31 4 |  1707  1642   124  1299
0019:   38  236   98   89 4 |  1721  1683   257  1190
SUM: 6573 92.07 73.48 2886.15 2207.05 0.304
