PRIO 2
0000:   57  156   59   26 2 |  4159  4102    79  3867
0001:    2  351   91   78 4 |  4459  4457   380  3726
0002:    0  135   74   49 2 |  3722  3722    88  3499
0003:  100  370   30   29 4 |  4146  4046   329  3347
0004:   35  178   64   36 4 |  2538  2503   111  2214
0005:    8  228   18   16 1 |  5759  5751   194  5329
0006:   61  156   13   78 3 |  2807  2746   757  1833
0007:   27  335   66   15 3 |  4930  4903    91  4477
0008:   46  450   77   46 3 |  5539  5493   198  4845
0009:    5  406   12   23 1 |  6334  6329   833  5090
0010:   72  146   40   91 1 |  5560  5488   144  5198
0011:   48  372   86   25 3 |  5188  5140   165  4603
0012:   54  392   43   87 3 |  5475  5421   944  4085
0013:   20  110   28   92 4 |  1614  1594   310  1174
0014:   72  431   59   89 4 |  5068  4996   646  3919
0015:   73  296   97   62 2 |  5581  5508   211  5001
0016:   10  264   39   65 2 |  5350  5340   370  4706
0017:   86  393   20   55 2 |  5884  5798   904  4501
0018:   74  407   29   28 4 |  4533  4459   409  3643
0019:   37  376   12   39 4 |  3746  3709  1093  2240
SUM: 6334 93.97 75.28 4575.25 3864.85 0.316
