SRTF
0000:   83  108  100   75 2 |   392   309   137    64
0001:   84  458   22   86 4 |  8075  7991  1709  5824
0002:   58  401   91   80 2 |  3889  3831   501  2929
0003:   63  417   48   91 4 |  5627  5564   832  4315
0004:   46  468   90   25 4 |  6165  6119   163  5488
0005:   34  386   68   82 1 |  3257  3223   545  2292
0006:   94  361   44   53 3 |  2824  2730   410  1959
0007:   86  199   58   40 3 |   790   704    30   475
0008:   66  391   96   40 3 |  2452  2386   138  1857
0009:   67  144   98   90 1 |   489   422   116   162
0010:   99  452   31   11 1 |  6301  6202   194  5556
0011:   78  202   51   93 3 |  1334  1256   357   697
0012:   85  192   98   15 3 |   649   564    37   335
0013:   96  392   44   25 4 |  3519  3423   189  2842
0014:   83  396   76   45 4 |  4440  4357   354  3607
0015:   97  446   57   12 2 |  5213  5116   109  4561
0016:   29  441   71   13 2 |  4673  4644    71  4132
0017:   85  208   25   36 2 |  1755  1670   306  1156
0018:   23  323   75   19 4 |  1722  1699   111  1265
0019:   92  234   86   82 4 |  1393  1301   250   817
SUM: 8075 81.97 65.99 3175.55 2516.65 0.248
