LCFS
0000:   42  178   89   72 2 |  3930  3888   240  3470
0001:   36  132   63   90 4 |  3848  3812   129  3551
0002:   81  270   73   22 2 |  1399  1318    53   995
0003:   56  437   19   27 4 |  5533  5477   642  4398
0004:   76  312   85   46 4 |  2408  2332   285  1735
0005:   89  469   21   76 1 |  5540  5451  1677  3305
0006:   29  386   83   65 3 |  4857  4828   284  4158
0007:   14  454   48   79 3 |  6516  6502   451  5597
0008:   94  107   58   26 3 |   921   827    46   674
0009:   17  313   74   85 1 |  5783  5766   296  5157
0010:   28  371   49   98 1 |  5763  5735   759  4605
0011:   13  163   77   86 3 |  6312  6299   336  5800
0012:   83  325   88   55 3 |   815   732   166   241
0013:   94  473   97   63 4 |  1704  1610   348   789
0014:   56  346   46   60 4 |  3721  3665   472  2847
0015:   86  236   47   17 2 |  1537  1451    94  1121
0016:   68  476   70   74 2 |  2725  2657   486  1695
0017:   68  223   46   92 2 |  3126  3058   647  2188
0018:   57  497   37   96 4 |  5003  4946  1130  3319
0019:    4  127   99   21 4 |   272   268    38   103
SUM: 6516 96.61 73.88 3531.10 2787.40 0.307
