RR 5
0000:   71  314   78   72 2 |  5230  5159   400  4445
0001:   23  390   73   23 4 |  5488  5465   121  4954
0002:   70  143   72   73 2 |  3081  3011   203  2665
0003:   97  105   73   27 4 |  2215  2118    48  1965
0004:   88  246   30   13 4 |  4569  4481    77  4158
0005:   91  413   90   54 1 |  5736  5645   305  4927
0006:   25  471   61   85 3 |  5975  5950   649  4830
0007:   55  194   42   10 3 |  3697  3642    46  3402
0008:   63  419   38   58 3 |  5846  5783   617  4747
0009:   47  424   64   94 1 |  5828  5781   484  4873
0010:   26  245   88   35 1 |  4207  4181    99  3837
0011:   52  435   63   44 3 |  5795  5743   269  5039
0012:    3  345   93   55 3 |  4986  4983   157  4481
0013:   29  175   60   56 4 |  3292  3263   102  2986
0014:   60  285   67   38 4 |  4685  4625   161  4179
0015:   13  152   59   47 2 |  2800  2787   113  2522
0016:   81  358   19  100 2 |  6415  6334  1870  4106
0017:   90  355   95   46 2 |  5283  5193   113  4725
0018:   72  232   77   17 4 |  4040  3968    23  3713
0019:   18  257   85  100 4 |  4403  4385   288  3840
SUM: 6415 92.88 63.90 4624.85 4019.70 0.312
