PREPRIO 4
0000:   14  188   39   11 2 |  4359  4345    58  4099
0001:   16  188   63   89 4 |  2752  2736   190  2358
0002:   51  286   16   54 2 |  4975  4924   860  3778
0003:   70  389   79   14 4 |  4431  4361    54  3918
0004:   67  199   54   69 4 |  2869  2802   213  2390
0005:   95  164   84   95 1 |  5311  5216   193  4859
0006:   86  146   59   27 3 |  2406  2320    89  2085
0007:   92  221   58   16 3 |  4092  4000    44  3735
0008:   80  358   57   93 3 |  4990  4910   632  3920
0009:   94  330   12   38 1 |  5941  5847   830  4687
0010:   86  358   10   95 1 |  7749  7663  3436  3869
0011:   70  269   39   33 3 |  4250  4180   197  3714
0012:   43  183   77   88 3 |  3862  3819   234  3402
0013:   73  349   43   94 4 |  3981  3908   615  2944
0014:    7  475   40   24 4 |  4509  4502   210  3817
0015:   77  477   14   36 2 |  5620  5543   985  4081
0016:    7  295   83   88 2 |  5306  5299   424  4580
0017:   81  353   85   47 2 |  5302  5221   155  4713
0018:    3  263   12   14 4 |  1019  1016   336   417
0019:    4  279   86   65 4 |  3850  3846   215  3352
SUM: 7749 74.46 79.04 4322.90 3535.90 0.258
