LCFS
0000:   65  499   56   92 2 |  3798  3733   977  2257
0001:   95  179   85   38 4 |   707   612    96   337
0002:   16  386   14   60 2 |  7365  7349  1593  5370
0003:   22  248   36   23 4 |  5673  5651   116  5287
0004:   61  385   77   19 4 |  1982  1921    51  1485
0005:   36  190   46   34 1 |  4348  4312   130  3992
0006:    6  293   97   11 3 |  5456  5450    20  5137
0007:   59  442   24   21 3 |  5115  5056   288  4326
0008:   43  473   66   71 3 |  4868  4825   512  3840
0009:   43  331   44   36 1 |  3556  3513   274  2908
0010:   76  115   88   36 1 |   830   754     5   634
0011:   18  171   52   19 3 |  5091  5073    53  4849
0012:   73  468  100   49 3 |  2175  2102   176  1458
0013:   26  352   63   16 4 |  4701  4675   107  4216
0014:   69  374   64   54 4 |  1112  1043   228   441
0015:   22  267  100   40 2 |  4670  4648   172  4209
0016:   96  136   24   27 2 |  1378  1282   237   909
0017:    7  361   16   90 2 |  7853  7846  2060  5425
0018:   44  431   60   82 4 |  3746  3702   655  2616
0019:    5  184   93   88 4 |   319   314    89    41
SUM: 7853 80.03 67.64 3693.05 2986.85 0.255
