PREPRIO 4
0000:   96  108   16   94 2 |  2935  2839   597  2134
0001:   33  296   24   42 4 |  3071  3038   455  2287
0002:    6  285   95   64 2 |  5282  5276   239  4752
0003:   81  265   41   93 4 |  3248  3167   492  2410
0004:   80  399   46   51 4 |  4697  4617   402  3816
0005:   91  100   49   26 1 |  4927  4836    26  4710
0006:   77  246   68   50 3 |  4175  4098   130  3722
0007:   94  309   86   11 3 |  4693  4599    67  4223
0008:   51  268   95   22 3 |  4629  4578    60  4250
0009:    8  123   73   25 1 |  5151  5143    39  4981
0010:   40  192   34   91 1 |  5453  5413   401  4820
0011:   83  409   88   84 3 |  5365  5282   421  4452
0012:   66  348   69   85 3 |  5132  5066   503  4215
0013:   27  200   19   56 4 |  1873  1846   596  1050
0014:   85  465   14   70 4 |  3966  3881  2044  1372
0015:   60  261   21   79 2 |  5310  5250  1044  3945
0016:   91  335   74   47 2 |  5434  5343   159  4849
0017:   99  299   99   23 2 |  5338  5239    72  4868
0018:    9  273   26   42 4 |  3198  3189   417  2499
0019:   28  261   18   92 4 |  2654  2626   969  1396
SUM: 5453 99.80 81.11 4266.30 3537.55 0.367
