PREPRIO 2
0000:   81  228   57   52 2 |  4838  4757   195  4334
0001:   85  338   46   37 5 |  3215  3130   282  2510
0002:   68  252   39   71 3 |  4132  4064   463  3349
0003:    2  210   32   68 2 |  4776  4774   373  4191
0004:    2  271   35   19 5 |  2359  2357   136  1950
0005:   28  488   54   89 2 |  5831  5803   633  4682
0006:   12  253   52   85 2 |  5102  5090   609  4228
0007:   24  240   27   11 4 |  2630  2606   103  2263
0008:   70  202   18   50 2 |  4440  4370   436  3732
0009:   22  214   41   28 1 |  5370  5348   123  5011
0010:   48  479   21   63 4 |  4938  4890  1562  2849
0011:   63  466   15   54 4 |  4690  4627  1510  2651
0012:   88  419   51   91 1 |  6321  6233   881  4933
0013:   37  366  100   91 4 |  4538  4501   452  3683
0014:   79  377   32   33 1 |  5813  5734   235  5122
0015:   89  241   77   74 2 |  5037  4948   297  4410
0016:   77  208   48   89 2 |  4817  4740   321  4211
0017:   22  391   94   13 4 |  4528  4506    86  4029
0018:   38  141   70   78 2 |  3634  3596   151  3304
0019:   83  157   57   86 1 |  5187  5104   150  4797
SUM: 6321 93.99 75.13 4558.90 3811.95 0.316
