PRIO 2
0000:   40  277   48   91 2 |  4845  4805   630  3898
0001:   20  314   76   67 4 |  3629  3609   189  3106
0002:   47  495   73   45 2 |  5717  5670   328  4847
0003:   44  423   70   98 4 |  4475  4431   637  3371
0004:   39  250   12   93 4 |  3142  3103  1448  1405
0005:   69  387   94   79 1 |  6019  5950   344  5219
0006:   66  122   58   57 3 |  2203  2137    58  1957
0007:   26  148   78   29 3 |  2669  2643    31  2464
0008:   39  258   63   88 3 |  3887  3848   254  3336
0009:   56  442   54   92 1 |  6192  6136   738  4956
0010:   88  244   44   95 1 |  5693  5605   408  4953
0011:   51  399   25   97 3 |  5336  5285  1621  3265
0012:   79  481   10   28 3 |  4613  4534  1210  2843
0013:    5  375   10   92 4 |  5480  5475  3924  1176
0014:   12  157   76   32 4 |  2047  2035    86  1792
0015:    1  154   87   38 2 |  3566  3565    49  3362
0016:   22  269   33   76 2 |  4827  4805   499  4037
0017:    1  492   34   17 2 |  5638  5637   219  4926
0018:   68  110   58   18 4 |  1481  1413    15  1288
0019:   63  221   26   68 4 |  2759  2696   518  1957
SUM: 6192 97.19 90.96 4169.10 3207.90 0.323
