LCFS
0000:   44  331   96  100 2 |  2357  2313   238  1744
0001:   32  482   68   87 4 |  4991  4959   436  4041
0002:   67  389   11   26 2 |  7044  6977   780  5808
0003:    7  368   69   81 4 |   847   840   374    98
0004:   34  407   67   70 4 |  4691  4657   492  3758
0005:   66  494   12   85 1 |  8254  8188  3532  4162
0006:   79  379   80   86 3 |  3276  3197   438  2380
0007:   38  144   57   11 3 |  3576  3538    22  3372
0008:   65  417   14   14 3 |  6657  6592   414  5761
0009:   36  211   16   62 1 |  5613  5577   902  4464
0010:   43  458   96   54 1 |  3340  3297   258  2581
0011:   91  179   44   16 3 |  1644  1553    50  1324
0012:   85  370   99   58 3 |  1456  1371   189   812
0013:   14  102   88   13 4 |  5909  5895    10  5783
0014:   63  338   91   49 4 |   706   643   148   157
0015:   22  426   53   34 2 |  6054  6032   261  5345
0016:   72  368   84   84 2 |  3255  3183   359  2456
0017:   83  342   81   20 2 |  1557  1474   122  1010
0018:   20  438   94   41 4 |  6081  6061   235  5388
0019:   58  222   22   74 4 |  4377  4319   936  3161
SUM: 8254 83.17 76.58 4033.30 3180.25 0.242
