FCFS
0000:   37  249   79   72 2 |  2915  2878   116  2513
0001:   23  253   25   11 4 |  5938  5915   114  5548
0002:   50  180   20   41 2 |  6058  6008   457  5371
0003:    1  480   95  100 4 |  5431  5430   417  4533
0004:   40  233   75   67 4 |  4280  4240   287  3720
0005:   23  364   82   74 1 |  4184  4161   195  3602
0006:   99  326   38   38 3 |  5651  5552   225  5001
0007:   62  220   97   81 3 |  4133  4071   280  3571
0008:   33  147   95   24 3 |  1738  1705    11  1547
0009:   30  347   76   62 1 |  5278  5248   282  4619
0010:    2  434   99  100 1 |  5119  5117   544  4139
0011:   64  359   93   58 3 |  4952  4888   262  4267
0012:   70  451   64   67 3 |  5680  5610   251  4908
0013:   74  293   75   68 4 |  4600  4526   266  3967
0014:   36  413   33   50 4 |  6497  6461   785  5263
0015:   29  127   93   68 2 |  1705  1676    46  1503
0016:   54  368   97   98 2 |  5337  5283   516  4399
0017:   53  417   97   87 2 |  5617  5564   578  4569
0018:   59  385   24   58 4 |  6542  6483   858  5240
0019:   80  271   87   87 4 |  4236  4156   320  3565
SUM: 6542 96.56 70.73 4748.60 4092.25 0.306
