PREPRIO 2
0000:   94  157   24   87 2 |  3826  3732   517  3058
0001:   80  212   71   84 5 |  2120  2040   151  1677
0002:   54  321   81   85 3 |  4721  4667   293  4053
0003:   41  461   26   53 2 |  6244  6203  1012  4730
0004:    1  381   16   70 5 |  3361  3360  1583  1396
0005:   76  474   84   35 2 |  6079  6003   166  5363
0006:   56  155   92   68 2 |  3595  3539    43  3341
0007:   27  119   97   83 4 |  1466  1439   161  1159
0008:   93  372   70   22 2 |  5598  5505   123  5010
0009:   27  265   58   59 1 |  6286  6259   363  5631
0010:   93  425   50   86 4 |  4684  4591   716  3450
0011:   20  427   98   71 4 |  4452  4432   280  3725
0012:   34  426   26   92 1 |  6890  6856  1203  5227
0013:   12  488   53   90 4 |  4822  4810   629  3693
0014:   81  315   22   83 1 |  6546  6465   958  5192
0015:   84  335   53   39 2 |  5481  5397   231  4831
0016:   34  468   28   92 2 |  6484  6450  1562  4420
0017:   54  219   85   21 4 |  2738  2684    33  2432
0018:   36  281   83   32 2 |  5083  5047    94  4672
0019:   82  289   88   89 1 |  6300  6218   230  5699
SUM: 6890 95.65 82.71 4784.85 3937.95 0.290
