PRIO 2
0000:   41  119   72   61 2 |  3439  3398   148  3131
0001:   47  479   68   99 4 |  4844  4797   624  3694
0002:   69  332   67   58 2 |  4966  4897    91  4474
0003:   29  275   27   16 4 |  3393  3364   137  2952
0004:   50  386   14   14 4 |  3339  3289   432  2471
0005:   77  443   51   88 1 |  5921  5844   710  4691
0006:   63  199   46   43 3 |  3620  3557   289  3069
0007:    2  482   98   60 3 |  4995  4993   323  4188
0008:   16  301   79   56 3 |  4455  4439   490  3648
0009:   50  146   98   14 1 |  4832  4782    27  4609
0010:   28  465   72   83 1 |  5653  5625   426  4734
0011:   34  347   30   54 3 |  4504  4470   449  3674
0012:   19  231   87   97 3 |  4035  4016   317  3468
0013:   45  253   75   84 4 |  3579  3534   407  2874
0014:   29  163   27   80 4 |  2355  2326   516  1647
0015:    5  225   37   71 2 |  4509  4504   353  3926
0016:    8  129   83   16 2 |  3580  3572     8  3435
0017:   75  117   76   88 2 |  3435  3360    91  3152
0018:   63  264   91   83 4 |  3691  3628   268  3096
0019:   21  219   29   12 4 |  2708  2687   111  2357
SUM: 5921 94.16 65.07 4054.10 3464.50 0.338
