SRTF
0000:   85  448   55   99 2 |  6174  6089   908  4733
0001:   42  286   35   91 4 |  2635  2593   844  1463
0002:   77  138   42   34 2 |   633   556   163   255
0003:   53  306   30   26 4 |  1880  1827   237  1284
0004:   51  308   34   61 4 |  2368  2317   480  1529
0005:   26  465   35   36 1 |  5778  5752   473  4814
0006:   73  169   96   47 3 |   713   640   154   317
0007:   25  153   57   14 3 |   338   313    26   134
0008:   25  414   71   48 3 |  3378  3353   206  2733
0009:   26  181   41   39 1 |  1043  1017   109   727
0010:    1  336   53   52 1 |  2702  2701   412  1953
0011:   71  453   47   88 3 |  6415  6344  1118  4773
0012:   29  436   47   26 3 |  4666  4637   176  4025
0013:   92  179   10   50 4 |  2321  2229   858  1192
0014:   10  351   22   82 4 |  4505  4495  1175  2969
0015:   38  158   42   22 2 |   771   733    89   486
0016:   74  375   39   22 2 |  3789  3715   283  3057
0017:   86  419   43   49 2 |  4340  4254   401  3434
0018:   41  495   17   18 4 |  6869  6828   642  5691
0019:    8  315   89   46 4 |  1152  1144    70   759
SUM: 6869 92.95 75.32 3076.85 2316.40 0.291
