PRIO 5
0000:   74  421   71   26 3 |  4483  4409    99  3889
0001:   30  379   95   47 2 |  5026  4996   141  4476
0002:   56  338   81   79 1 |  5457  5401   206  4857
0003:   21  133   84   30 3 |  1889  1868    21  1714
0004:   54  162   80   89 2 |  3377  3323   164  2997
0005:    4  121   31   55 3 |  1461  1457   141  1195
0006:   85  387   19   74 3 |  3627  3542  1622  1533
0007:   94  461   17   52 1 |  6218  6124  1406  4257
0008:   75  456   20   26 3 |  4049  3974   488  3030
0009:   19  220   83   43 3 |  3041  3022    71  2731
0010:   92  265   15   53 1 |  5332  5240   846  4129
0011:   35  176   35   62 1 |  4858  4823   331  4316
0012:   36  326   47   78 2 |  4854  4818   323  4169
0013:   69  140   37   42 1 |  4363  4294   184  3970
0014:   13  412   88   66 3 |  4346  4333   191  3730
0015:   50  269   24   88 2 |  4469  4419   876  3274
0016:   25  333   85   65 1 |  5466  5441   288  4820
0017:   86  128   92   49 1 |  4414  4328   104  4096
0018:   89  111   87   89 3 |  1499  1410   271  1028
0019:   12  403   70   24 2 |  5080  5068   117  4548
SUM: 6218 90.72 75.12 4114.50 3437.95 0.322
