PRIO 2
0000:   10  238   38   45 2 |  5265  5255   292  4725
0001:   39  411   43  100 4 |  4969  4930   874  3645
0002:   50  469   67   21 2 |  6206  6156    97  5590
0003:   72  371   19   18 4 |  3985  3913   338  3204
0004:   10  163   78   89 4 |  2445  2435   132  2140
0005:   33  376   71   10 1 |  6432  6399    47  5976
0006:   52  285   11   23 3 |  3406  3354   710  2359
0007:   98  442   21   76 3 |  5875  5777  1570  3765
0008:   30  344   78   51 3 |  5268  5238   240  4654
0009:   96  329   92   72 1 |  6522  6426   339  5758
0010:    0  231   30   68 1 |  6292  6292   332  5729
0011:   43  290   75   95 3 |  4882  4839   452  4097
0012:   77  433   73   89 3 |  5746  5669   545  4691
0013:    8  308   90   45 4 |  4129  4121   125  3688
0014:   92  446  100   43 4 |  5104  5012   290  4276
0015:    2  235   61   47 2 |  5289  5287   208  4844
0016:   22  381   20   48 2 |  6024  6002   750  4871
0017:   19  276   25   29 2 |  5454  5435   303  4856
0018:   58  251   68   97 4 |  3501  3443   282  2910
0019:   61  172   48   38 4 |  2379  2318   130  2016
SUM: 6522 98.91 73.32 4915.05 4189.70 0.307
