FCFS
0000:    2  206   83   46 2 |  2705  2703   153  2344
0001:   20  429   38   57 4 |  4873  4853   632  3792
0002:   87  444   96   39 2 |  3507  3420   171  2805
0003:   33  410   20   14 4 |  5024  4991   254  4327
0004:   23  103   98   60 4 |   662   639    39   497
0005:   55  217   91   39 1 |  2293  2238    87  1934
0006:   20  161   46   42 3 |  2795  2775   134  2480
0007:   71  450   13   21 3 |  5503  5432   633  4349
0008:   97  423   42   83 3 |  4918  4821   828  3570
0009:   69  136   51   48 1 |  1935  1866    37  1693
0010:   19  113   54   65 1 |  2376  2357   107  2137
0011:   80  101   26   82 3 |  3428  3348   375  2872
0012:   89  374  100  100 3 |  3720  3631   364  2893
0013:   43  119   41   16 4 |  2204  2161    27  2015
0014:   29  287   53   32 4 |  3792  3763   174  3302
0015:   55  149   85   44 2 |  2812  2757   110  2498
0016:    9  253   90   51 2 |  2944  2935   167  2515
0017:    0  148   10   70 2 |  5304  5304  1188  3968
0018:   74  446   56   30 4 |  4296  4222   215  3561
0019:   44  291   48   69 4 |  3880  3836   474  3071
SUM: 5503 95.58 70.02 3402.60 2831.15 0.363
