PRIO 5
0000:   37  214   95   57 3 |  2889  2852   105  2533
0001:   73  281   68   37 2 |  4400  4327    90  3956
0002:   87  328   85   20 1 |  5805  5718    98  5292
0003:   25  258   56   66 3 |  3059  3034   360  2416
0004:   14  355   27   81 2 |  5009  4995  1155  3485
0005:   55  272   10   37 3 |  1798  1743   940   531
0006:   84  256   63   23 3 |  3347  3263    46  2961
0007:   35  403   70   30 1 |  6053  6018   224  5391
0008:   64  112   66   98 3 |  1976  1912   335  1465
0009:   68  245   95   18 3 |  3272  3204    27  2932
0010:   59  445   46   53 1 |  6175  6116   357  5314
0011:   50  403   24   40 1 |  6166  6116   661  5052
0012:   10  414   77   30 2 |  5197  5187   204  4569
0013:   73  123   18   40 1 |  4003  3930   261  3546
0014:   61  270   12   48 3 |  2780  2719  1154  1295
0015:    0  477   39   33 2 |  5198  5198   451  4270
0016:   66  274   89   29 1 |  5559  5493   136  5083
0017:   98  322   52   88 1 |  5961  5863   491  5050
0018:   54  476   84   24 3 |  4575  4521   160  3885
0019:   45  231   25   53 2 |  3634  3589   365  2993
SUM: 6175 99.74 74.09 4289.90 3600.95 0.324
