RR 2
0000:   25  162   21   48 2 |  3530  3505   415  2928
0001:   39  379   43   56 4 |  6638  6599   450  5770
0002:   62  494   41   26 2 |  7347  7285   374  6417
0003:   33  429   57   38 4 |  6918  6885   255  6201
0004:   96  336   44   98 4 |  6436  6340   855  5149
0005:   53  487   87   61 1 |  7290  7237   331  6419
0006:   70  379   16   65 3 |  7246  7176  1313  5484
0007:   63  460   63   83 3 |  7321  7258   566  6232
0008:   56  397   97   71 3 |  6713  6657   295  5965
0009:   36  448   45   48 1 |  7156  7120   429  6243
0010:    0  439   64   82 1 |  6964  6964   480  6045
0011:   23  457   90   50 3 |  7062  7039   183  6399
0012:   60  489   29   39 3 |  7382  7322   655  6178
0013:   83  212   97   49 4 |  4003  3920    74  3634
0014:   38  238   52   23 4 |  4475  4437   156  4043
0015:   62  240   59   69 2 |  4649  4587   295  4052
0016:   49  392   73   61 2 |  6671  6622   281  5949
0017:   18  318   56   69 2 |  5676  5658   387  4953
0018:   57  123   87   40 4 |  2439  2382    81  2178
0019:   29  486   62   59 4 |  7379  7350   501  6363
SUM: 7382 99.77 67.23 6117.15 5330.10 0.271
