FCFS
0000:   40  177   66   18 2 |  3204  3164    24  2963
0001:   66  292   38   99 4 |  5003  4937   473  4172
0002:   53  482   72   50 2 |  5412  5359   445  4432
0003:   98  440   10   21 4 |  6453  6355   746  5169
0004:   33  190   81   25 4 |  2343  2310    48  2072
0005:   69  378   37   85 1 |  5647  5578   981  4219
0006:   21  143   48   54 3 |  2299  2278   118  2017
0007:   14  265   53   82 3 |  3878  3864   271  3328
0008:   72  195   73   93 3 |  3074  3002   201  2606
0009:   16  260   24   68 1 |  5552  5536   768  4508
0010:    3  265   57   43 1 |  4010  4007   225  3517
0011:   86  189   23   38 3 |  5273  5187   317  4681
0012:   10  385   32   51 3 |  5670  5660   623  4652
0013:   77  297   76   87 4 |  4538  4461   467  3697
0014:   89  325   73   17 4 |  4628  4539   110  4104
0015:   41  421   97   99 2 |  3848  3807   466  2920
0016:   63  393   59   48 2 |  5118  5055   308  4354
0017:   12  347   97   77 2 |  3288  3276   253  2676
0018:   13  366   72   76 4 |  4675  4662   508  3788
0019:   61  134   14   99 4 |  5685  5624  1075  4415
SUM: 6453 92.11 75.33 4433.05 3714.50 0.310
