FCFS
0000:   88  367   66   51 2 |  4642  4554   296  3891
0001:   42  461   27   99 4 |  6729  6687  1693  4533
0002:   27  339   83   65 2 |  3915  3888   162  3387
0003:   35  407   19   24 4 |  6091  6056   463  5186
0004:   32  410   14   14 4 |  6205  6173   349  5414
0005:   66  223   63   39 1 |  3339  3273   140  2910
0006:   67  379   97   94 3 |  3852  3785   207  3199
0007:   25  486   44   43 3 |  5555  5530   490  4554
0008:   92  226  100   18 3 |  2628  2536    14  2296
0009:   48  351   28   40 1 |  5396  5348   365  4632
0010:   61  278   23   32 1 |  5772  5711   362  5071
0011:   81  218   94   38 3 |  2416  2335    92  2025
0012:   75  284   37   37 3 |  5189  5114   307  4523
0013:   91  147   69   42 4 |  3047  2956    70  2739
0014:   46  433   85   58 4 |  4154  4108   293  3382
0015:   55  394   96   61 2 |  4407  4352   331  3627
0016:   49  119   69   79 2 |  3257  3208   172  2917
0017:   49  140   57   16 2 |  3142  3093    32  2921
0018:   52  181   13   46 4 |  5797  5745   641  4923
0019:   30  379   62   58 4 |  4314  4284   258  3647
SUM: 6729 92.47 68.69 4436.80 3788.85 0.297
