LCFS
0000:   27  367   19   76 2 |  6585  6558  1760  4431
0001:   89  220   24   37 4 |  1861  1772   399  1153
0002:   80  489  100   69 2 |  1147  1067   201   377
0003:   23  177   90   23 4 |  3522  3499    27  3295
0004:   95  189   76   63 4 |   508   413   133    91
0005:   77  119   33   85 1 |  2194  2117   240  1758
0006:   25  302   36   50 3 |  4279  4254   383  3569
0007:   41  255   31   17 3 |  3811  3770   164  3351
0008:   55  408   79   42 3 |  2866  2811   165  2238
0009:   86  265   84   28 1 |  1524  1438    94  1079
0010:    6  432   79   58 1 |  1530  1524   214   878
0011:   43  402   76   26 3 |  2761  2718   124  2192
0012:    7  383   34   69 3 |  6224  6217   768  5066
0013:   33  189   41   37 4 |  3386  3353   217  2947
0014:   15  415   63   41 4 |  5122  5107   341  4351
0015:   82  418   15   71 2 |  5900  5818  1920  3480
0016:   30  316   27   77 2 |  5286  5256  1043  3897
0017:   61  109   78   13 2 |  1747  1686    22  1555
0018:   43  126   15   37 4 |  3128  3085   267  2692
0019:   14  311   42   33 4 |  5049  5035   198  4526
SUM: 6585 89.48 71.24 3374.90 2646.30 0.304
