PREPRIO 4
0000:   52  415   13   26 2 |  5585  5533   927  4191
0001:   98  355   36   33 4 |  3485  3387   292  2740
0002:    4  405   41   87 2 |  6094  6090  1156  4529
0003:    6  264   98   15 4 |  3574  3568    32  3272
0004:   34  128   17   58 4 |  1345  1311   292   891
0005:   54  155   96   30 1 |  5574  5520    33  5332
0006:   42  365   51   98 3 |  5006  4964   487  4112
0007:   64  258   76   95 3 |  4451  4387   227  3902
0008:   24  298   16   80 3 |  4494  4470  1431  2741
0009:   15  289   83   89 1 |  6209  6194   285  5620
0010:   57  419   61   60 1 |  6438  6381   277  5685
0011:    2  278   90   40 3 |  4665  4663    85  4300
0012:   98  194   30   14 3 |  3370  3272    81  2997
0013:   26  298   83   89 4 |  3966  3940   356  3286
0014:   81  148   28   87 4 |  1585  1504   333  1023
0015:   56  379   64   58 2 |  5873  5817   480  4958
0016:   51  356   67   74 2 |  5667  5616   296  4964
0017:   54  461   92   50 2 |  6055  6001   215  5325
0018:   99  426   76   14 4 |  4631  4532   104  4002
0019:   79  414   78   92 4 |  4653  4574   588  3572
SUM: 6438 97.93 69.43 4586.20 3872.10 0.311
