RR 5
0000:   50  470   60   59 2 |  6647  6597   472  5655
0001:   84  398   98   62 4 |  6139  6055   221  5436
0002:    2  398   91   27 2 |  6124  6122   235  5489
0003:   63  145   25   95 4 |  3231  3168   408  2615
0004:   48  496   52   40 4 |  6654  6606   359  5751
0005:   56  160   72   54 1 |  3120  3064    57  2847
0006:   50  323   46   41 3 |  5460  5410   287  4800
0007:   61  363   70   75 3 |  5892  5831   373  5095
0008:   11  205   75   51 3 |  3569  3558   116  3237
0009:   57  104   66   46 1 |  2144  2087    68  1915
0010:   12  437   25   36 1 |  6574  6562   552  5573
0011:   77  484   63   91 3 |  6692  6615   610  5521
0012:   18  249   92   93 3 |  4393  4375   289  3837
0013:   45  448   91   13 4 |  6284  6239    63  5728
0014:   36  478   92   87 4 |  6718  6682   604  5600
0015:   78  338   33   32 2 |  5952  5874   386  5150
0016:   22  257   67   44 2 |  4484  4462   138  4067
0017:   65  350   34   66 2 |  6140  6075   546  5179
0018:   83  383   37   71 4 |  6456  6373   635  5355
0019:   69  210   80   13 4 |  3688  3619    35  3374
SUM: 6718 99.67 63.01 5268.70 4611.20 0.298
