RR 5
0000:   57  187   79   81 2 |  3600  3543   233  3123
0001:    4  176   83   70 4 |  3104  3100   149  2775
0002:   18  290   75   78 2 |  4836  4818   249  4279
0003:    8  236   80   25 4 |  3874  3866    45  3585
0004:   17  156   58   86 4 |  2912  2895   129  2610
0005:   11  385   41   51 1 |  5951  5940   556  4999
0006:   51  376  100   38 3 |  5528  5477   150  4951
0007:   83  397   37   47 3 |  5984  5901   508  4996
0008:   42  485   14  100 3 |  7903  7861  3190  4186
0009:   14  411   73   55 1 |  5799  5785   151  5223
0010:   73  489   32   87 1 |  6620  6547  1354  4704
0011:   28  403   64   23 3 |  5845  5817   209  5205
0012:   82  259   64   52 3 |  4466  4384   126  3999
0013:   92  452   85   62 4 |  6067  5975   262  5261
0014:   32  167   24   55 4 |  3491  3459   325  2967
0015:   81  500   88   40 2 |  6199  6118   238  5380
0016:   70  393   20   80 2 |  6356  6286  1334  4559
0017:   36  307   22   23 2 |  5484  5448   403  4738
0018:    7  187   60   76 4 |  3299  3292   129  2976
0019:   92  274   60   60 4 |  4777  4685   308  4103
SUM: 7903 82.63 77.95 5059.85 4230.95 0.253
