PRIO 2
0000:   30  250   95   34 2 |  4863  4833   111  4472
0001:   30  178   23   80 4 |  2470  2440   533  1729
0002:   75  428   12   93 2 |  6709  6634  3127  3079
0003:   26  333   25   47 4 |  3882  3856   649  2874
0004:   70  205   60   53 4 |  2973  2903   199  2499
0005:   89  325   79   63 1 |  5771  5682   405  4952
0006:   63  350   51   95 3 |  5116  5053   712  3991
0007:   12  166   95   11 3 |  3289  3277    17  3094
0008:   35  226   20   31 3 |  3681  3646   327  3093
0009:   84  180   59   25 1 |  5267  5183    46  4957
0010:   83  142   48   51 1 |  5025  4942   204  4596
0011:   72  278   90   28 3 |  4435  4363    91  3994
0012:   97  476   37   94 3 |  5673  5576  1202  3898
0013:   49  449   10   79 4 |  5559  5510  3243  1818
0014:   91  255   33   22 4 |  3164  3073   109  2709
0015:   90  151   85   68 2 |  4038  3948    42  3755
0016:   77  112   94   82 2 |  3480  3403   104  3187
0017:   94  390   41   31 2 |  5395  5301   297  4614
0018:   52  482   27   11 4 |  4576  4524   202  3840
0019:   20  385   12   21 4 |  3647  3627   617  2625
SUM: 6709 85.87 88.58 4388.70 3488.80 0.298
