SRTF
0000:   42  412   10   70 2 |  6829  6787  2306  4069
0001:   49  381   30   78 4 |  4636  4587  1007  3199
0002:    3  118   17   47 2 |   743   740   317   305
0003:   95  459   24   51 4 |  5856  5761  1016  4286
0004:   95  124   70   65 4 |   827   732   167   441
0005:   69  146   56  100 1 |  1198  1129   252   731
0006:   68  372   38   77 3 |  3598  3530   582  2576
0007:   50  263   58   20 3 |  1272  1222    84   875
0008:   21  292   14   50 3 |  3711  3690   812  2586
0009:   31  270   74   75 1 |  2533  2502   440  1792
0010:   30  144   65   65 1 |   913   883    84   655
0011:   12  254   22   19 3 |  2341  2329   204  1871
0012:   38  123   46   86 3 |   382   344   187    34
0013:   85  299   65   55 4 |  2685  2600   183  2118
0014:   78  424   36   96 4 |  4611  4533   970  3139
0015:   66  287   97   45 2 |  1755  1689   123  1279
0016:   95  129   80   79 2 |   433   338    86   123
0017:   65  241   38   60 2 |  1898  1833   346  1246
0018:   97  113   40   31 4 |   508   411   111   187
0019:   52  467   91  100 4 |  4690  4638   432  3739
SUM: 6829 77.87 81.45 2513.90 1762.55 0.293
