PRIO 5
0000:   42  262   98   88 3 |  3335  3293   231  2800
0001:   69  178   51   70 2 |  3447  3378   199  3001
0002:   22  442   42   46 1 |  6431  6409   570  5397
0003:   43  327   21   20 3 |  3399  3356   366  2663
0004:   83  373   54   22 2 |  5167  5084   145  4566
0005:   51  223   38   64 3 |  2846  2795   415  2157
0006:   26  404   32   70 3 |  4325  4299   834  3061
0007:   12  338   45   86 1 |  6264  6252   829  5085
0008:   87  185   33   54 3 |  2411  2324   191  1948
0009:    8  152   61   10 3 |  2256  2248    27  2069
0010:   84  279   92   44 1 |  5822  5738   111  5348
0011:   59  339   92   96 1 |  6065  6006   395  5272
0012:   60  388   89   19 2 |  5291  5231    68  4775
0013:   92  299   90  100 1 |  6043  5951   292  5360
0014:   81  422   36   13 3 |  3989  3908   168  3318
0015:   54  315   13   63 2 |  5052  4998  1565  3118
0016:    6  220   50   92 1 |  5577  5571   247  5104
0017:   42  230   85   70 1 |  5596  5554    76  5248
0018:   94  450   37   48 3 |  4545  4451   581  3420
0019:   34  387   73   85 2 |  5512  5478   515  4576
SUM: 6431 96.61 71.59 4616.20 3914.30 0.311
