FCFS
0000:   68  391   68   77 2 |  4890  4822   375  4056
0001:   39  198   13   35 4 |  5538  5499   395  4906
0002:   64  242   55   99 2 |  3945  3881   460  3179
0003:   11  152   79   63 4 |  2177  2166   214  1800
0004:   45  128   57   36 4 |  1262  1217    47  1042
0005:   59  268   34   64 1 |  5310  5251   499  4484
0006:    8  171   91   10 3 |  1602  1594    25  1398
0007:   92  458   73   86 3 |  5344  5252   644  4150
0008:   10  326   68   28 3 |  4892  4882   218  4338
0009:   53  483   49   98 1 |  5774  5721   920  4318
0010:   48  301   66   82 1 |  3997  3949   230  3418
0011:   66  143   81   29 3 |  2333  2267    81  2043
0012:   44  198   10   23 3 |  5847  5803   349  5256
0013:   27  217   28   56 4 |  4741  4714   334  4163
0014:   53  293   43   51 4 |  5326  5273   414  4566
0015:    6  303   44   53 2 |  4624  4618   375  3940
0016:   57  404   96   98 2 |  4081  4024   398  3222
0017:   50  409   45   26 2 |  5157  5107   206  4492
0018:   51  291   85   29 4 |  2987  2936    91  2554
0019:  100  448   20   11 4 |  5879  5779   236  5095
SUM: 5879 99.06 69.82 4237.75 3621.00 0.340
