RR 2
0000:   18  474   98   12 2 |  7322  7304    73  6757
0001:   64  273   85   58 4 |  5241  5177   204  4700
0002:   81  377   88   87 2 |  6849  6768   443  5948
0003:   62  246   90   79 4 |  4818  4756   232  4278
0004:   63  450   35   10 4 |  7309  7246   172  6624
0005:   71  344   84   17 1 |  6144  6073    52  5677
0006:    0  456   23   29 3 |  7473  7473   719  6298
0007:   75  361   35   35 3 |  6541  6466   234  5871
0008:    9  334   32   29 3 |  6216  6207   393  5480
0009:   95  186   27   25 1 |  3747  3652   139  3327
0010:   54  211   97   61 1 |  4053  3999    86  3702
0011:   11  296   14   32 3 |  5913  5902   549  5057
0012:   47  417   20   19 3 |  7269  7222   448  6357
0013:   34  390   76   20 4 |  6714  6680   108  6182
0014:   56  448   57   47 4 |  7355  7299   350  6501
0015:   14  447   27   46 2 |  7455  7441   681  6313
0016:   55  473   42   95 2 |  7510  7455   877  6105
0017:   32  471   79   48 2 |  7428  7396   330  6595
0018:   42  373   79   37 4 |  6573  6531   167  5991
0019:   96  477   53   41 4 |  7466  7370   366  6527
SUM: 7510 99.92 58.30 6420.85 5714.50 0.266
