RR 5
0000:   81  210   87   77 2 |  3769  3688   199  3279
0001:   39  484   60   43 4 |  5700  5661   407  4770
0002:   50  407   60   37 2 |  5398  5348   202  4739
0003:   77  335   70   21 4 |  4954  4877    94  4448
0004:   72  177   35   83 4 |  3702  3630   389  3064
0005:   32  187   26   38 1 |  3637  3605   276  3142
0006:   62  302   28   69 3 |  5124  5062   588  4172
0007:   89  285   31   93 3 |  5049  4960   664  4011
0008:  100  258   64   68 3 |  4426  4326   246  3822
0009:   69  368   61   23 1 |  5174  5105   101  4636
0010:   96  385   49   96 1 |  5637  5541   780  4376
0011:   51  102   66   81 3 |  1911  1860   110  1648
0012:   19  233   77   91 3 |  4039  4020   324  3463
0013:   91  161   21   55 4 |  3721  3630   393  3076
0014:    4  121   31   67 4 |  2477  2473   289  2063
0015:   11  488   39   25 2 |  5666  5655   255  4912
0016:   74  309   19   31 2 |  5440  5366   650  4407
0017:    9  474   55   38 2 |  5574  5565   314  4777
0018:   70  128   39   23 4 |  2540  2470    83  2259
0019:    5  261   37   81 4 |  4508  4503   477  3765
SUM: 5700 99.56 71.44 4367.25 3741.45 0.351
