FCFS
0000:   10  175   82   71 2 |  2424  2414   161  2078
0001:   26  138   74   32 4 |  1626  1600    85  1377
0002:   53  271   11   15 2 |  5769  5716   333  5112
0003:    5  205   76   28 4 |  2295  2290    69  2016
0004:   91  279   47   26 4 |  4680  4589    66  4244
0005:   23  351   61   65 1 |  4851  4828   432  4045
0006:   94  479   47   72 3 |  5463  5369   781  4109
0007:   53  281   64   63 3 |  3858  3805   216  3308
0008:   38  155   81   40 3 |  2252  2214    86  1973
0009:   64  303   48   51 1 |  4314  4250   179  3768
0010:   86  338   18   82 1 |  6318  6232  1539  4355
0011:   54  370   44   84 3 |  5205  5151   721  4060
0012:   46  489   71   53 3 |  5169  5123   435  4199
0013:   42  341   17   85 4 |  7025  6983  2193  4449
0014:   28  462   75   95 4 |  4588  4560   520  3578
0015:   75  238   42   71 2 |  4766  4691   476  3977
0016:   11  123   46   26 2 |  1448  1437    40  1274
0017:    3  270   16   82 2 |  6067  6064  1141  4653
0018:   67  389   68   91 4 |  4703  4636   554  3693
0019:   34  366   69   51 4 |  3717  3683   181  3136
SUM: 7025 85.74 83.97 4281.75 3470.20 0.285
