RR 5
0000:   98  425   40   76 2 |  6786  6688   857  5406
0001:   29  498   19   79 4 |  7513  7484  1921  5065
0002:   26  368   64   42 2 |  5808  5782   247  5167
0003:   48  222   63   97 4 |  4070  4022   281  3519
0004:   90  473   10   93 4 |  9059  8969  4339  4157
0005:   57  356   29   89 1 |  6400  6343  1020  4967
0006:    2  431   92   64 3 |  6255  6253   252  5570
0007:   46  473   72   49 3 |  6704  6658   331  5854
0008:   61  399   27   60 3 |  6673  6612   886  5327
0009:    8  366   44   56 1 |  6010  6002   462  5174
0010:   53  485   72   51 1 |  6723  6670   237  5948
0011:   23  283   40   58 3 |  5248  5225   500  4442
0012:   94  177   42   46 3 |  3271  3177   123  2877
0013:   96  114   49   45 4 |  2352  2256   138  2004
0014:   52  330   68   40 4 |  5382  5330   165  4835
0015:   64  496   79   57 2 |  6839  6775   519  5760
0016:   96  338   25   37 2 |  6120  6024   536  5150
0017:    2  316   11   82 2 |  6953  6951  2062  4573
0018:  100  165   17   82 4 |  4101  4001   695  3141
0019:    5  461   34   19 4 |  6715  6710   285  5964
SUM: 9059 79.21 89.71 5896.60 4745.00 0.221
