PREPRIO 2
0000:   87  387   16   42 2 |  5949  5862  1167  4308
0001:   35  197   81   72 5 |  2086  2051   189  1665
0002:   98  254   35   84 3 |  4186  4088   810  3024
0003:   88  308   83   17 2 |  5317  5229    46  4875
0004:   40  328   64   86 5 |  3420  3380   458  2594
0005:   18  422   38   31 2 |  5903  5885   333  5130
0006:   16  363   58   89 2 |  5889  5873   699  4811
0007:   48  264   60   59 4 |  3167  3119   194  2661
0008:   13  465   30   42 2 |  6158  6145   682  4998
0009:   90  355   52   51 1 |  6577  6487   369  5763
0010:   49  220   31   19 4 |  2541  2492    91  2181
0011:   47  461   44   84 4 |  4762  4715   864  3390
0012:   75  302   21   17 1 |  6312  6237   208  5727
0013:   71  298   85   53 4 |  3764  3693   190  3205
0014:   97  403   96   55 1 |  6617  6520   204  5913
0015:   94  245   38   46 2 |  4773  4679   300  4134
0016:   73  162   43   95 2 |  4021  3948   443  3343
0017:   45  427   21   43 4 |  4165  4120   991  2702
0018:   81  339   84   19 2 |  5516  5435    82  5014
0019:    6  377   79   26 1 |  6505  6499    74  6048
SUM: 6617 99.40 72.59 4822.85 4074.30 0.302
