PRIO 5
0000:    8  240   59   15 3 |  2610  2602    61  2301
0001:   85  144   60   52 2 |  2725  2640   166  2330
0002:   22  493   93   37 1 |  5500  5478   244  4741
0003:   59  163   29   43 3 |  1985  1926   193  1570
0004:    9  431   98   46 2 |  4607  4598   251  3916
0005:   69  211   71   95 3 |  2688  2619   281  2127
0006:   22  192   90   60 3 |  2538  2516   108  2216
0007:   24  310   84   75 1 |  5084  5060   262  4488
0008:   16  101   61   26 3 |  1437  1421    55  1265
0009:   64  473   74   75 3 |  3876  3812   310  3029
0010:   78  328   16   23 1 |  5180  5102   446  4328
0011:   25  120   27   99 1 |  3780  3755   495  3140
0012:   81  383   72   15 2 |  4362  4281    91  3807
0013:   29  223   70   93 1 |  4730  4701   250  4228
0014:   69  355   46   86 3 |  3473  3404   749  2300
0015:   83  100   65   38 2 |  2008  1925    32  1793
0016:   46  420   64   49 1 |  5354  5308   321  4567
0017:   15  407   73   73 1 |  5402  5387   260  4720
0018:   27  146   89   20 3 |  2073  2046    68  1832
0019:   82  231   88   99 2 |  3625  3543   129  3183
SUM: 5500 99.47 57.11 3606.20 3094.05 0.364
