SRTF
0000:   90  365   93   49 2 |  3191  3101   142  2594
0001:   59  260   29   81 4 |  2711  2652   583  1809
0002:   26  174   90   34 2 |   630   604   106   324
0003:   37  247   11   66 4 |  4448  4411  1308  2856
0004:   57  317   84   95 4 |  3060  3003   434  2252
0005:   13  421   65   73 1 |  4612  4599   496  3682
0006:   24  132   56   65 3 |   359   335    75   128
0007:    6  405   25   30 3 |  5208  5202   456  4341
0008:   90  432   93   10 3 |  4531  4441    28  3981
0009:   26  365   75   71 1 |  3882  3856   503  2988
0010:   10  272   92   14 1 |  1615  1605    50  1283
0011:   83  460   45   91 3 |  6753  6670  1022  5188
0012:   73  383   31   48 3 |  5824  5751   516  4852
0013:   19  128   93   79 4 |   227   208    46    34
0014:   27  229   32   73 4 |  1862  1835   606  1000
0015:   21  224   61   93 2 |  1246  1225   339   662
0016:   51  241   69   48 2 |  1388  1337   219   877
0017:   97  443   71   84 2 |  5831  5734   570  4721
0018:   42  322   65   43 4 |  2506  2464   130  2012
0019:   66  216   42   59 4 |  1037   971   338   417
SUM: 6753 89.38 72.01 3000.20 2300.05 0.296
