PRIO 2
0000:   78  493   29   99 2 |  6933  6855  2130  4232
0001:   82  448   44   81 4 |  5015  4933   661  3824
0002:   96  251   57   60 2 |  5228  5132   186  4695
0003:   35  265   83   65 4 |  3687  3652   201  3186
0004:   74  492   76   12 4 |  5100  5026    61  4473
0005:   92  225   60   48 1 |  5835  5743   120  5398
0006:   75  462   70   66 3 |  5602  5527   611  4454
0007:   57  397   63   94 3 |  5451  5394   495  4502
0008:   18  215   38   59 3 |  3685  3667   326  3126
0009:   11  358   71   58 1 |  6204  6193   328  5507
0010:   41  309   19   15 1 |  6035  5994   254  5431
0011:   96  129   98   33 3 |  2431  2335    73  2133
0012:   82  163   99   73 3 |  2916  2834   142  2529
0013:   52  418   50   91 4 |  4799  4747   670  3659
0014:   17  283   86   26 4 |  3778  3761    83  3395
0015:   97  433   10   71 2 |  7254  7157  3293  3431
0016:   18  215   53   97 2 |  4964  4946   369  4362
0017:   84  301   71   21 2 |  5507  5423    94  5028
0018:   47  377   19   32 4 |  3744  3697   701  2619
0019:   32  162   21   69 4 |  2128  2096   563  1371
SUM: 7254 88.17 83.47 4755.60 3867.75 0.276
