RR 2
0000:   50  313   76   12 2 |  5054  5004    60  4631
0001:   96  337   86   47 4 |  5327  5231   181  4713
0002:   62  262   37   19 2 |  4637  4575   146  4167
0003:   53  315   45   35 4 |  5151  5098   206  4577
0004:    0  277   84   55 4 |  4654  4654   168  4209
0005:    2  472   96   12 1 |  5938  5936    59  5405
0006:   96  386   31   85 3 |  6192  6096  1113  4597
0007:   99  455   27   25 3 |  6144  6045   437  5153
0008:   12  266   84   38 3 |  4437  4425    84  4075
0009:   68  133   69   58 1 |  2603  2535    75  2327
0010:   29  235   52   74 1 |  4371  4342   352  3755
0011:   90  448   19   18 3 |  6157  6067   468  5151
0012:   39  150   29   24 3 |  2996  2957   148  2659
0013:   71  261   16   57 4 |  5211  5140   877  4002
0014:   87  145   15   92 4 |  3591  3504   840  2519
0015:   42  137   91   29 2 |  2551  2509    41  2331
0016:   11  472   73   36 2 |  6038  6027   182  5373
0017:   83  461   21   54 2 |  6374  6291  1067  4763
0018:   99  227   49   31 4 |  4251  4152   163  3762
0019:   72  475   60   18 4 |  6084  6012   125  5412
SUM: 6374 97.69 68.31 4830.00 4179.05 0.314
