SRTF
0000:    1  167   36   53 2 |   825   824   276   381
0001:   47  352   95   78 4 |  2666  2619   234  2033
0002:   41  363   29   74 2 |  4867  4826  1288  3175
0003:   57  284   78   64 4 |  1980  1923   242  1397
0004:   19  212   89   97 4 |   537   518   219    87
0005:   42  455   84  100 1 |  5993  5951   446  5050
0006:   95  395   47   56 3 |  4630  4535   340  3800
0007:   42  159   90   89 3 |   699   657   236   262
0008:   58  208   14   35 3 |  1535  1477   302   967
0009:   19  445   57   44 1 |  6217  6198   349  5404
0010:   15  173   23   50 1 |  1267  1252   434   645
0011:   25  388   36   10 3 |  4440  4415   108  3919
0012:   14  242   31   20 3 |  1230  1216   173   801
0013:   70  360   53   42 4 |  3248  3178   345  2473
0014:   11  247   35   52 4 |  1850  1839   247  1345
0015:    3  111   53   68 2 |   379   376   156   109
0016:   19  408   90   80 2 |  4770  4751   184  4159
0017:   45  363   60   65 2 |  3633  3588   365  2860
0018:   71  425   85   77 4 |  5669  5598   457  4716
0019:   11  289   83   80 4 |  2597  2586   351  1946
SUM: 6217 97.25 73.80 2916.35 2276.45 0.322
