FCFS
0000:   89  168   87   18 2 |  2087  1998    22  1808
0001:    5  170   71   14 4 |  2552  2547    48  2329
0002:   57  107   10   26 2 |  4850  4793   257  4429
0003:   56  416   13   52 4 |  6167  6111  1250  4445
0004:   58  465   43   24 4 |  4908  4850   217  4168
0005:  100  321   94   22 1 |  3033  2933    54  2558
0006:   55  285   69   43 3 |  4318  4263   263  3715
0007:   28  454   89   73 3 |  3614  3586   242  2890
0008:   75  256   41   81 3 |  4269  4194   350  3588
0009:   87  223   94   20 1 |  2648  2561    12  2326
0010:   70  168   97   58 1 |  2028  1958   126  1664
0011:   44  355   75   48 3 |  4179  4135   227  3553
0012:   30  178   13   18 3 |  5000  4970   287  4505
0013:   98  413   99   68 4 |  4163  4065   314  3338
0014:   85  349   10   89 4 |  7236  7151  2767  4035
0015:   75  421   14  100 2 |  7029  6954  2415  4118
0016:   94  208   89   84 2 |  2721  2627   190  2229
0017:   18  194   30   39 2 |  4520  4502   272  4036
0018:   20  435   29   74 4 |  6028  6008  1394  4179
0019:   20  361   68   99 4 |  3778  3758   419  2978
SUM: 7236 82.19 78.12 4198.20 3344.55 0.276
