RR 5
0000:   55  378   39   76 2 |  5352  5297   766  4153
0001:   69  101   51   21 4 |  1862  1793    10  1682
0002:   21  179   54   33 2 |  3233  3212   102  2931
0003:   68  305   44   80 4 |  4711  4643   477  3861
0004:   23  192   41   54 4 |  3559  3536   385  2959
0005:   46  287   63   63 1 |  4394  4348   218  3843
0006:   27  465   44   21 3 |  5380  5353   187  4701
0007:   83  398   44   81 3 |  5404  5321   670  4253
0008:   29  114   73   19 3 |  2110  2081    31  1936
0009:   12  422   27   64 1 |  5506  5494   840  4232
0010:   24  157   88   52 1 |  2636  2612    64  2391
0011:   72  292   11   37 3 |  5220  5148   805  4051
0012:   40  177   62   48 3 |  3114  3074   142  2755
0013:   21  442   26   91 4 |  5820  5799  1463  3894
0014:   78  249   23   15 4 |  4154  4076   128  3699
0015:   46  222   40   99 2 |  4334  4288   789  3277
0016:   70  457   39   53 2 |  5493  5423   461  4505
0017:   16  150   50   41 2 |  2712  2696   111  2435
0018:   57  275   39   43 4 |  4530  4473   351  3847
0019:   32  291   56   63 4 |  4540  4508   292  3925
SUM: 5820 95.41 77.54 4158.75 3466.50 0.344
