PREPRIO 4
0000:   21  249   82   25 2 |  5328  5307   134  4924
0001:    9  308   34   71 4 |  4072  4063   527  3228
0002:   28  339   75   27 2 |  5627  5599    75  5185
0003:   19  454   18   14 4 |  3186  3167   361  2352
0004:   71  401   87   25 4 |  4842  4771   135  4235
0005:   77  354   11   60 1 |  6846  6769  1513  4902
0006:    4  215   99   66 3 |  4350  4346   110  4021
0007:   67  313   94   77 3 |  5177  5110   202  4595
0008:    6  363   26   73 3 |  5152  5146  1415  3368
0009:   16  148   40   62 1 |  5562  5546    92  5306
0010:  100  417   20   82 1 |  6991  6891  1511  4963
0011:    5  239   78   72 3 |  4793  4788   178  4371
0012:   11  255   45   99 3 |  4652  4641   471  3915
0013:   90  258   93   90 4 |  3968  3878   228  3392
0014:   85  295   56   84 4 |  4232  4147   481  3371
0015:   54  162  100   80 2 |  4779  4725   225  4338
0016:   52  354   84   18 2 |  5663  5611   138  5119
0017:   68  478   66   88 2 |  6037  5969   599  4892
0018:   94  257   17   17 4 |  2008  1914   259  1398
0019:    1  463   18   57 4 |  4469  4468  1660  2345
SUM: 6991 90.43 78.64 4842.80 4011.00 0.286
