RR 2
0000:   58  469   31   45 2 |  5993  5935   585  4881
0001:   14  198   88   34 4 |  3411  3397    72  3127
0002:   28  265   31   44 2 |  4506  4478   312  3901
0003:   69  321   58   79 4 |  5111  5042   331  4390
0004:   55  486   16   79 4 |  6802  6747  2289  3972
0005:   16  185   87   19 1 |  3178  3162    25  2952
0006:   98  177   70   37 3 |  3365  3267   118  2972
0007:   80  308   18   14 3 |  4970  4890   183  4399
0008:   93  345   44   93 3 |  5479  5386   690  4351
0009:   99  497   30   45 1 |  6240  6141  1020  4624
0010:   29  272   84   41 1 |  4408  4379    83  4024
0011:    6  420   66   40 3 |  5678  5672   335  4917
0012:   69  188   95   74 3 |  3450  3381   101  3092
0013:   28  455   18   66 4 |  6298  6270  1330  4485
0014:    3  101   17   89 4 |  2127  2124   396  1627
0015:   62  344   18   58 2 |  5775  5713  1061  4308
0016:   22  399   83   82 2 |  5703  5681   424  4858
0017:   51  199   59   84 2 |  3797  3746   297  3250
0018:   76  237   17   69 4 |  4871  4795  1048  3510
0019:   56  365   80   88 4 |  5711  5655   822  4468
SUM: 6802 91.61 85.87 4793.05 3905.40 0.294
