LCFS
0000:   88  464   25   94 2 |  6103  6015  1741  3810
0001:   30  405   82   30 4 |  1675  1645   129  1111
0002:   65  315   52   17 2 |  2640  2575   106  2154
0003:   69  405   12   46 4 |  7167  7098  1465  5228
0004:   67  438   95   62 4 |  3311  3244   354  2452
0005:   73  387   38   35 1 |  3537  3464   357  2720
0006:   12  114   29   72 3 |  6447  6435   253  6068
0007:   91  334   88   25 3 |   745   654    79   241
0008:   11  399   70   36 3 |  6062  6051   188  5464
0009:   74  276   67   57 1 |  1619  1545   214  1055
0010:   48  426   86   83 1 |   862   814   214   174
0011:   57  141  100   61 3 |  3379  3322    54  3127
0012:   21  462   90   70 3 |  5510  5489   385  4642
0013:   47  498   30   85 4 |  6833  6786  1390  4898
0014:   54  414   76   83 4 |  4626  4572   530  3628
0015:   18  157   15   59 2 |  6122  6104   496  5451
0016:   10  261   63   12 2 |  6100  6090    33  5796
0017:    9  299  100   39 2 |  6551  6542    62  6181
0018:    9  280   40   18 4 |  4333  4324   154  3890
0019:   78  231   39   84 4 |  2641  2563   475  1857
SUM: 7167 93.57 70.07 4266.60 3497.35 0.279
