SRTF
0000:   66  236   76   23 2 |  1535  1469   107  1126
0001:   24  333   56   95 4 |  2539  2515   520  1662
0002:   77  453   62   38 2 |  4121  4044   281  3310
0003:  100  424   54   62 4 |  3866  3766   532  2810
0004:   62  487   76   27 4 |  5968  5906   190  5229
0005:    1  479   48   47 1 |  4894  4893   688  3726
0006:   14  477   78   60 3 |  5477  5463   316  4670
0007:   86  101   22   51 3 |   886   800   266   433
0008:   87  256   49   14 3 |  1929  1842    76  1510
0009:   71  111   54   87 1 |   507   436   169   156
0010:   20  404   27   18 1 |  3212  3192   223  2565
0011:   78  108   44   44 3 |   523   445    46   291
0012:   67  303   39   15 3 |  2514  2447   107  2037
0013:   82  139   63   46 4 |   828   746    79   528
0014:   53  212   87   75 4 |   939   886    55   619
0015:   91  468   84   22 2 |  5199  5108   132  4508
0016:   64  134   67   47 2 |   299   235    51    50
0017:   54  240   75   50 2 |  1718  1664   169  1255
0018:   70  380   12   35 4 |  6043  5973  1069  4524
0019:   65  160   61   13 4 |  1121  1056    26   870
SUM: 6043 97.72 61.87 2644.30 2093.95 0.331
