FCFS
0000:    6  493   87   53 2 |  4522  4516   225  3798
0001:   91  414   14   99 4 |  8027  7936  2594  4928
0002:   27  410   29   25 2 |  6184  6157   386  5361
0003:   26  345   85   50 4 |  4431  4405   237  3823
0004:   53  371   83   47 4 |  5182  5129   283  4475
0005:   71  291   79   42 1 |  3564  3493   176  3026
0006:   20  283   75   81 3 |  3794  3774   332  3159
0007:   62  439   38   79 3 |  5940  5878   839  4600
0008:   18  282   31   84 3 |  5748  5730   665  4783
0009:   76  187   35   10 1 |  4498  4422    45  4190
0010:   84  440   52   79 1 |  5290  5206   418  4348
0011:    0  483   25   45 3 |  6710  6710   953  5274
0012:   86  210   24   99 3 |  5491  5405   742  4453
0013:   47  338   70   73 4 |  4199  4152   244  3570
0014:   14  473   29   80 4 |  6369  6355   945  4937
0015:    3  401   60   56 2 |  4591  4588   339  3848
0016:    8  116   58   95 2 |  3293  3285   314  2855
0017:   46  131   79   38 2 |  1955  1909    71  1707
0018:   63  272   91   94 4 |  2633  2570   250  2048
0019:   52  380   17   45 4 |  6727  6675   899  5396
SUM: 8027 84.20 81.26 4914.75 4028.95 0.249
