RR 2
0000:   92  461   72   94 2 |  5820  5728   530  4737
0001:   19  135   61   23 4 |  2459  2440    30  2275
0002:   52  206   74   14 2 |  3634  3582    47  3329
0003:   94  480   57   11 4 |  5745  5651    97  5074
0004:    3  188   48   68 4 |  3303  3300   183  2929
0005:   61  189   54   57 1 |  3630  3569   246  3134
0006:   37  490   43   49 3 |  5867  5830   542  4798
0007:   98  491   13   60 3 |  6904  6806  2360  3955
0008:   42  337   99   39 3 |  5011  4969   143  4489
0009:   47  400   11   56 1 |  6260  6213  1937  3876
0010:   51  422   51   32 1 |  5623  5572   235  4915
0011:   46  295   24   84 3 |  5183  5137   846  3996
0012:   76  381   92   42 3 |  5346  5270   174  4715
0013:   37  144   37   63 4 |  2944  2907   300  2463
0014:   19  168   51   86 4 |  3270  3251   234  2849
0015:   38  140   98   74 2 |  2689  2651   113  2398
0016:   29  370   60   81 2 |  5421  5392   506  4516
0017:    8  307   64   36 2 |  4727  4719   220  4192
0018:   29  203   82   45 4 |  3578  3549    52  3294
0019:   74  287   54   65 4 |  4716  4642   303  4052
SUM: 6904 88.27 79.00 4558.90 3799.30 0.290
