SRTF
0000:   37  214   95   57 2 |   753   716   152   350
0001:   73  281   68   37 4 |  2259  2186   113  1792
0002:   87  328   85   20 2 |  2535  2448    63  2057
0003:   25  258   56   66 4 |   702   677   197   222
0004:   14  355   27   81 4 |  4543  4529   908  3266
0005:   55  272   10   37 1 |  4730  4675  1005  3398
0006:   84  256   63   23 3 |  1424  1340    57  1027
0007:   35  403   70   30 3 |  3311  3276   206  2667
0008:   64  112   66   98 3 |   385   321   135    74
0009:   68  245   95   18 1 |  1089  1021    45   731
0010:   59  445   46   53 1 |  5342  5283   441  4397
0011:   50  403   24   40 3 |  6376  6326   759  5164
0012:   10  414   77   30 3 |  4552  4542   197  3931
0013:   73  123   18   40 4 |   836   763   247   393
0014:   61  270   12   48 4 |  3741  3680   919  2491
0015:    0  477   39   33 2 |  6463  6463   525  5461
0016:   66  274   89   29 2 |  1975  1909   103  1532
0017:   98  322   52   88 2 |  3852  3754   783  2649
0018:   54  476   84   24 4 |  5545  5491   179  4836
0019:   45  231   25   53 4 |  1579  1534   374   929
SUM: 6463 95.30 71.65 3046.70 2368.35 0.309
