PREPRIO 2
0000:   55  378   39   76 2 |  5306  5251   960  3913
0001:   69  101   51   21 5 |   990   921    44   776
0002:   21  179   54   33 3 |  2612  2591   106  2306
0003:   68  305   44   80 2 |  4698  4630   479  3846
0004:   23  192   41   54 5 |  1936  1913   193  1528
0005:   46  287   63   63 2 |  4535  4489   103  4099
0006:   27  465   44   21 2 |  5189  5162   255  4442
0007:   83  398   44   81 4 |  3993  3910   696  2816
0008:   29  114   73   19 2 |  2638  2609    33  2462
0009:   12  422   27   64 1 |  6036  6024   960  4642
0010:   24  157   88   52 4 |  2086  2062   109  1796
0011:   72  292   11   37 4 |  2679  2607  1181  1134
0012:   40  177   62   48 1 |  4925  4885   166  4542
0013:   21  442   26   91 4 |  4087  4066  1333  2291
0014:   78  249   23   15 1 |  5243  5165   176  4740
0015:   46  222   40   99 2 |  4106  4060   423  3415
0016:   70  457   39   53 2 |  5295  5225   436  4332
0017:   16  150   50   41 4 |  1882  1866   281  1435
0018:   57  275   39   43 2 |  4398  4341   176  3890
0019:   32  291   56   63 1 |  5469  5437   433  4713
SUM: 6036 92.00 78.86 3860.70 3155.90 0.331
