PREPRIO 2
0000:   16  247   80   93 2 |  4629  4613   286  4080
0001:   87  180   93   78 5 |  2057  1970   179  1611
0002:   71  378   17   79 3 |  4842  4771  1550  2843
0003:   11  128   77   56 2 |  3163  3152   103  2921
0004:   44  263   28   99 5 |  2750  2706   817  1626
0005:    3  255   29   50 2 |  4582  4579   425  3899
0006:   22  335   33   11 2 |  5080  5058   109  4614
0007:   46  390   12   45 4 |  3560  3514  1319  1805
0008:   49  447   26  100 2 |  6215  6166  1486  4233
0009:   48  186   82   79 1 |  5350  5302    85  5031
0010:   84  153   80   79 4 |  2096  2012   198  1661
0011:   38  336   19   46 4 |  3392  3354   833  2185
0012:   45  388   35   72 1 |  6505  6460   867  5205
0013:    2  201   39   80 4 |  2549  2547   424  1922
0014:   93  446   16   97 1 |  7551  7458  2552  4460
0015:   12  464   33   38 2 |  5744  5732   486  4782
0016:   86  354   25   54 2 |  5444  5358   997  4007
0017:   25  388   73   97 4 |  4282  4257   595  3274
0018:   63  482   37   48 2 |  5833  5770   723  4565
0019:   94  427   71   37 1 |  6176  6082   267  5388
SUM: 7551 85.39 89.91 4543.05 3505.60 0.265
