SRTF
0000:   81  449   47   81 2 |  5732  5651   667  4535
0001:   61  145   46   32 4 |   519   458   100   213
0002:   55  162   75   47 2 |   824   769   145   462
0003:   16  496   84   45 4 |  2842  2826   242  2088
0004:    3  283   16   70 4 |  4240  4237  1349  2605
0005:   90  447   98   72 1 |  4399  4309   232  3630
0006:   86  329   64   17 3 |  1972  1886    98  1459
0007:   76  460   58   67 3 |  6776  6700   485  5755
0008:   14  124   38   21 3 |   359   345    67   154
0009:   73  482   55   38 1 |  6930  6857   324  6051
0010:   27  496   55   24 1 |  7276  7249   258  6495
0011:   71  428   71   64 3 |  3418  3347   247  2672
0012:   75  354   23   52 3 |  4366  4291   771  3166
0013:   95  433   90   57 4 |  3934  3839   314  3092
0014:  100  322   87   23 4 |  1297  1197    65   810
0015:   67  477   82   72 2 |  5742  5675   444  4754
0016:   64  465   69   87 2 |  6093  6029   553  5011
0017:   57  164   94   52 2 |   628   571    44   363
0018:   58  260   59   29 4 |  1299  1241   151   830
0019:   41  351   85   98 4 |  2125  2084   300  1433
SUM: 7276 97.95 61.76 3478.05 2778.90 0.275
