LCFS
0000:   28  143   32   40 2 |  1821  1793   163  1487
0001:    5  367   35   36 4 |  2407  2402   257  1778
0002:   54  100   38   26 2 |  2284  2230    96  2034
0003:   34  109   19   70 4 |  2749  2715   322  2284
0004:   20  421   41   23 4 |  3620  3600   309  2870
0005:    8  174   83   97 1 |  5077  5069   292  4603
0006:   80  446   87   35 3 |  2038  1958   102  1410
0007:   10  261   13   91 3 |  6474  6464  1498  4705
0008:   43  429   61   11 3 |  3185  3142    66  2647
0009:   95  163   72   23 1 |   419   324    46   115
0010:   38  454   80   92 1 |  4091  4053   472  3127
0011:   94  132   61   33 3 |  1129  1035    72   831
0012:   87  168   62   50 3 |  1074   987   105   714
0013:   14  356   22   57 4 |  5861  5847   871  4620
0014:   12  281   64   13 4 |  4566  4554    45  4228
0015:   17  350   49   33 2 |  4604  4587   141  4096
0016:   27  111   24   93 2 |  4190  4163   377  3675
0017:   15  159   87   23 2 |  4060  4045    24  3862
0018:   65  281  100   87 4 |  2340  2275   189  1805
0019:   70  458   68   43 4 |  1130  1060   349   253
SUM: 6474 82.84 64.47 3115.15 2557.20 0.309
