SRTF
0000:   90  329   22   45 2 |  4193  4103   628  3146
0001:   29  298   78   31 4 |  2426  2397   149  1950
0002:   37  419   71   79 2 |  5592  5555   484  4652
0003:   50  153   41   13 4 |   576   526    36   337
0004:   22  260   70   74 4 |  1138  1116   227   629
0005:   93  239   43   88 1 |  1821  1728   342  1147
0006:   94  120   99   12 3 |   287   193     1    72
0007:   20  320   56   17 3 |  2746  2726   101  2305
0008:   48  303   96   78 3 |  2173  2125   238  1584
0009:   52  450   35   36 1 |  6395  6343   451  5442
0010:   76  348   28   77 1 |  5374  5298   940  4010
0011:   40  137   58   72 3 |   383   343   102   104
0012:   30  296   71   34 3 |  1949  1919   193  1430
0013:   78  215   52   76 4 |  1184  1106   218   673
0014:   38  361   70   24 4 |  3543  3505   112  3032
0015:   68  409   54   93 2 |  5226  5158   723  4026
0016:   47  341   93   35 2 |  3114  3067   168  2558
0017:   94  413   80   88 2 |  4395  4301   241  3647
0018:   93  429   65   96 4 |  5812  5719   315  4975
0019:   26  206   22   62 4 |  1568  1542   467   869
SUM: 6395 94.54 65.30 2938.50 2329.40 0.313
