PRIO 2
0000:   94  191   99   39 2 |  4830  4736    71  4474
0001:   40  326   75   29 4 |  4311  4271   113  3832
0002:   10  305   76   61 2 |  6024  6014   305  5404
0003:   92  271   88   46 4 |  3823  3731    58  3402
0004:   95  146   51   75 4 |  2098  2003   111  1746
0005:   34  456   31   34 1 |  7181  7147   525  6166
0006:   31  497   36   96 3 |  6487  6456  1471  4488
0007:   33  405   36   93 3 |  5863  5830   795  4630
0008:   48  446   80   41 3 |  5849  5801   151  5204
0009:   11  236   83   76 1 |  6572  6561   185  6140
0010:   18  456   73   69 1 |  7077  7059   283  6320
0011:   87  459   81   48 3 |  5948  5861   254  5148
0012:   16  286   45   17 3 |  4558  4542   101  4155
0013:   36  496   72   76 4 |  5530  5494   427  4571
0014:   72  275   23   26 4 |  3313  3241   270  2696
0015:   84  482   83   67 2 |  6669  6585   372  5731
0016:   89  414   97   76 2 |  6559  6470   334  5722
0017:   60  169   44   25 2 |  4276  4216    74  3973
0018:   38  410   21   50 4 |  4588  4550  1104  3036
0019:   36  325   72   50 4 |  4164  4128   276  3527
SUM: 7181 98.19 69.49 5234.80 4518.25 0.279
