PRIO 5
0000:    6  149   80   10 3 |  1831  1825    23  1653
0001:   21  213   63   77 2 |  4248  4227   390  3624
0002:   97  147   48   21 1 |  4489  4392    56  4189
0003:   97  186   79   86 3 |  2690  2593   120  2287
0004:   68  360   57   36 2 |  4635  4567   193  4014
0005:   85  250   35   77 3 |  3327  3242   525  2467
0006:   89  337   93   13 3 |  3924  3835    41  3457
0007:   61  434   13   29 1 |  5595  5534   864  4236
0008:   24  288   51   62 3 |  3486  3462   347  2827
0009:   67  323   39   54 3 |  3624  3557   461  2773
0010:   90  338   33   89 1 |  5590  5500  1098  4064
0011:   36  267   88   66 1 |  5013  4977   217  4493
0012:   38  196   54   32 2 |  3681  3643   190  3257
0013:   34  112   69   91 1 |  4259  4225   140  3973
0014:   77  406   84   13 3 |  4180  4103    39  3658
0015:   44  370   47   83 2 |  4866  4822   654  3798
0016:   29  124   90   49 1 |  4295  4266    42  4100
0017:   29  216   69   64 1 |  4876  4847   191  4440
0018:   66  402   42   61 3 |  4035  3969   502  3065
0019:   39  176   94   40 2 |  3618  3579    61  3342
SUM: 5595 94.62 64.16 4058.25 3485.85 0.357
