RR 2
0000:   23  459   91   71 2 |  5532  5509   429  4621
0001:   98  470   37   25 4 |  5561  5463   224  4769
0002:    4  371   14   42 2 |  5569  5565  1021  4173
0003:   76  331   27   89 4 |  5608  5532  1492  3709
0004:   52  343   95   48 4 |  4843  4791    98  4350
0005:   66  484   55   44 1 |  5617  5551   436  4631
0006:   14  185   90   56 3 |  3277  3263    73  3005
0007:   36  229   43   33 3 |  3979  3943   218  3496
0008:   21  232   19   34 3 |  4122  4101   416  3453
0009:   75  156   48   54 1 |  3071  2996   153  2687
0010:    5  235   92   10 1 |  3778  3773    15  3523
0011:   27  128   44   70 3 |  2613  2586   195  2263
0012:   11  158   25   34 3 |  3044  3033   219  2656
0013:   57  342   32   58 4 |  5126  5069   584  4143
0014:    0  461   40  100 4 |  5853  5853  1422  3970
0015:  100  278   57   91 2 |  4696  4596   490  3828
0016:   37  368   78   51 2 |  5031  4994   187  4439
0017:   91  172   57   54 2 |  3223  3132    72  2888
0018:   63  135   43   32 4 |  2620  2557    68  2354
0019:   85  160   19   83 4 |  3506  3421   605  2656
SUM: 5853 97.33 79.17 4286.40 3580.70 0.342
