RR 5
0000:   36  468   11   29 2 |  7163  7127  1224  5435
0001:   68  360   48   64 4 |  6039  5971   505  5106
0002:   72  388   84   69 2 |  6097  6025   347  5290
0003:   21  462   34   38 4 |  6772  6751   683  5606
0004:   63  110  100   28 4 |  2130  2067    28  1929
0005:    1  237   75   99 1 |  3898  3897   234  3426
0006:   90  457   79   97 3 |  6616  6526   510  5559
0007:   28  244   96   98 3 |  4363  4335   249  3842
0008:   44  318   72   58 3 |  5281  5237   240  4679
0009:   34  222   19   26 1 |  4523  4489   280  3987
0010:   55  329   16   19 1 |  6031  5976   344  5303
0011:   15  134   62   95 3 |  2376  2361    95  2132
0012:   38  258   35   28 3 |  4563  4525   183  4084
0013:    7  467   57   84 4 |  6908  6901   955  5479
0014:   67  374   41   10 4 |  5904  5837    89  5374
0015:   62  455   46   56 2 |  6722  6660   655  5550
0016:   70  439   62   87 2 |  6586  6516   645  5432
0017:   84  494   30   65 2 |  7001  6917  1177  5246
0018:    4  310   10   60 4 |  6601  6597  1543  4744
0019:   69  436   33   15 4 |  6436  6367   212  5719
SUM: 7163 97.19 78.99 5554.10 4696.10 0.279
