FCFS
0000:   77  409   37   89 2 |  5578  5501   841  4251
0001:    1  279   75   81 4 |  3693  3692   371  3042
0002:   30  406   45   21 2 |  5435  5405   254  4745
0003:  100  168   20   82 4 |  4885  4785   511  4106
0004:   99  207   22   37 4 |  5383  5284   418  4659
0005:    0  348   62   11 1 |  3820  3820    69  3403
0006:   55  195   52   89 3 |  2556  2501   201  2105
0007:   45  230   93   32 3 |  2017  1972    29  1713
0008:   81  273   85   20 3 |  2617  2536    41  2222
0009:    2  313   16   85 1 |  6538  6536  1760  4463
0010:   77  437   60   74 1 |  5448  5371   669  4265
0011:   85  262   49   45 3 |  4457  4372   246  3864
0012:   78  209  100   20 3 |  2192  2114    28  1877
0013:   17  440   53   56 4 |  4983  4966   338  4188
0014:    7  431   17   33 4 |  6155  6148   833  4884
0015:   48  282   61   26 2 |  4841  4793   187  4324
0016:   25  225   72   15 2 |  3411  3386    74  3087
0017:   43  198   42   15 2 |  3895  3852    72  3582
0018:   72  111   82   59 4 |  1145  1073    32   930
0019:   57  453   44   41 4 |  5014  4957   296  4208
SUM: 6538 89.87 71.75 4153.20 3495.90 0.306
