PRIO 5
0000:   24  432   59   27 3 |  4585  4561   186  3943
0001:   15  178   24   88 2 |  3844  3829   468  3183
0002:   76  341   13   93 1 |  6699  6623  1873  4409
0003:   11  322   98   78 3 |  4406  4395   148  3925
0004:   97  387   28   19 2 |  5093  4996   300  4309
0005:   65  299   36   38 3 |  3858  3793   283  3211
0006:   22  342   19   41 3 |  2943  2921   884  1695
0007:   48  461   71   85 1 |  6688  6640   994  5185
0008:   99  390   26   81 3 |  4089  3990  1328  2272
0009:   32  257   59   24 3 |  3693  3661    62  3342
0010:   85  230   59   94 1 |  5829  5744   335  5179
0011:   20  338   49   40 1 |  6038  6018   232  5448
0012:    8  150   64   70 2 |  3435  3427    91  3186
0013:   90  197   28   19 1 |  5342  5252   132  4923
0014:   21  262   46   19 3 |  3124  3103    85  2756
0015:   87  407   52   10 2 |  5320  5233    94  4732
0016:   11  330   82   29 1 |  6002  5991   254  5407
0017:   38  144   44   77 1 |  4922  4884   232  4508
0018:   66  333   54   64 3 |  4226  4160   609  3218
0019:    2  489   96   50 2 |  5818  5816   322  5005
SUM: 6699 93.88 79.37 4751.85 3991.80 0.299
