FCFS
0000:   14  251   21   56 2 |  5333  5319   510  4558
0001:   68  417   84   13 4 |  4758  4690    95  4178
0002:   86  495   69   17 2 |  4861  4775    89  4191
0003:   29  342   29   94 4 |  5783  5754  1042  4370
0004:   47  252   71   24 4 |  4035  3988   101  3635
0005:   26  107   93   38 1 |  1582  1556    76  1373
0006:   13  413   45   96 3 |  4723  4710   424  3873
0007:   36  390   33   33 3 |  5438  5402   340  4672
0008:   45  351   48   73 3 |  4810  4765   471  3943
0009:   25  240   66   74 1 |  3428  3403   249  2914
0010:   63  179   12   28 1 |  5476  5413   386  4848
0011:   55  317   10   41 3 |  6546  6491  1253  4921
0012:    9  416   92   78 3 |  3810  3801   318  3067
0013:   78  456   70   97 4 |  4621  4543   456  3631
0014:   14  153   65   95 4 |  1758  1744   216  1375
0015:    2  286   97   30 2 |  3165  3163    61  2816
0016:   89  201   26  100 2 |  5208  5119   638  4280
0017:   26  114   45   43 2 |  3050  3024   199  2711
0018:   54  396   16   73 4 |  6822  6768  1837  4535
0019:   31  214   36   99 4 |  4738  4707   508  3985
SUM: 6822 87.80 74.38 4456.75 3693.80 0.293
