FCFS
0000:   25  376   24   41 2 |  5553  5528   710  4442
0001:   76  392   64   61 4 |  4764  4688   416  3880
0002:   39  210   24  100 2 |  5129  5090   606  4274
0003:   21  300   60   84 4 |  3712  3691   264  3127
0004:   41  195   68   36 4 |  2544  2503   101  2207
0005:   60  394   85   89 1 |  4442  4382   529  3459
0006:   17  214   49   63 3 |  3937  3920   441  3265
0007:   99  250   37   99 3 |  4814  4715   556  3909
0008:   22  140   30   57 3 |  3108  3086   159  2787
0009:   56  390   74   11 1 |  4453  4397    77  3930
0010:   84  194   63   74 1 |  2795  2711   214  2303
0011:   65  297   27   52 3 |  5181  5116   381  4438
0012:   33  115   48   14 3 |  1993  1960    24  1821
0013:   53  209   22   64 4 |  5117  5064   645  4210
0014:   86  352   56   27 4 |  4266  4180   133  3695
0015:   40  425   30   33 2 |  5398  5358   357  4576
0016:   55  475   15   19 2 |  5992  5937   617  4845
0017:   13  144   39   43 2 |  3557  3544   211  3189
0018:   52  395   50   26 4 |  4808  4756   147  4214
0019:   67  204   52   10 4 |  2616  2549    14  2331
SUM: 5992 94.64 72.45 4158.75 3545.10 0.334
