RR 2
0000:   38  388   84   17 2 |  6144  6106   101  5617
0001:   13  227   72   89 4 |  4372  4359   367  3765
0002:   91  413   78   47 2 |  6383  6292   164  5715
0003:   81  299   90   31 4 |  5364  5283   136  4848
0004:   89  330   37   67 4 |  5881  5792   385  5077
0005:   76  287   46   37 1 |  5271  5195   233  4675
0006:   84  495   34   82 3 |  6825  6741   908  5338
0007:   55  438   61   93 3 |  6594  6539   535  5566
0008:   49  172   91   90 3 |  3292  3243   116  2955
0009:   78  304   72   46 1 |  5425  5347   164  4879
0010:   80  167   57   69 1 |  3473  3393   300  2926
0011:   31  254   46   95 3 |  4840  4809   361  4194
0012:   62  364   62   34 3 |  6066  6004   212  5428
0013:   55  251   72   42 4 |  4654  4599   159  4189
0014:   20  456   67   12 4 |  6510  6490   126  5908
0015:    3  110   20   86 2 |  2502  2499   538  1851
0016:   91  379   57   26 2 |  6181  6090   185  5526
0017:   36  466   77   37 2 |  6542  6506   137  5903
0018:    5  420   72   56 4 |  6391  6386   307  5659
0019:   17  491   99   81 4 |  6667  6650   357  5802
SUM: 6825 98.33 58.51 5416.15 4791.05 0.293
