LCFS
0000:   28  371   10   40 2 |  6526  6498  1168  4959
0001:   18  409   57   29 4 |  5803  5785   207  5169
0002:   95  162   40   40 2 |   862   767   107   498
0003:   65  138   95   38 4 |  1208  1143    60   945
0004:   52  180   62   27 4 |  2776  2724    88  2456
0005:   45  158   11   17 1 |  5675  5630   285  5187
0006:    7  322   88   77 3 |   467   460    97    41
0007:   86  223   17   70 3 |  3177  3091   750  2118
0008:   56  461   97   89 3 |  2990  2934   220  2253
0009:   25  315   36   91 1 |  4715  4690   713  3662
0010:   68  330   87   44 1 |  1082  1014   200   484
0011:   36  355   46   69 3 |  4267  4231   503  3373
0012:   64  252   69   24 3 |  1807  1743    72  1419
0013:   34  371   47   86 4 |  4896  4862   821  3670
0014:   66  186   87   90 4 |  2253  2187   385  1616
0015:   14  297   87   69 2 |  5237  5223   306  4620
0016:   22  471  100   91 2 |  4775  4753   605  3677
0017:   82  463   94   58 2 |  2010  1928   266  1199
0018:   10  343   80  100 4 |  5789  5779   439  4997
0019:   62  142   91   98 4 |  2141  2079    97  1840
SUM: 6526 91.16 68.63 3376.05 2709.15 0.306
