PRIO 2
0000:   10  143   66   77 2 |  3636  3626    97  3386
0001:   64  339   14   22 4 |  2851  2787   480  1968
0002:   27  127   48   27 2 |  3324  3297    55  3115
0003:   49  472   28   21 4 |  4200  4151   344  3335
0004:   65  277   85   59 4 |  3621  3556   177  3102
0005:   32  180   42   61 1 |  4938  4906   211  4515
0006:   97  213   38   78 3 |  3611  3514   397  2904
0007:   23  441   78   81 3 |  4786  4763   431  3891
0008:   85  453   63   79 3 |  4980  4895   705  3737
0009:    0  483   41  100 1 |  6066  6066  1051  4532
0010:   94  217   77   50 1 |  5103  5009   111  4681
0011:   70  274   67   66 3 |  4134  4064   174  3616
0012:   38  307   59   46 3 |  4300  4262   232  3723
0013:   13  198   18   62 4 |  2329  2316   748  1370
0014:    0  259   82   53 4 |  3443  3443   170  3014
0015:   61  141   39   67 2 |  3651  3590   174  3275
0016:   49  145   78   48 2 |  3639  3590    92  3353
0017:   50  446   68   53 2 |  5183  5133   348  4339
0018:   70  169   71   64 4 |  2423  2353    63  2121
0019:   27  127   32   43 4 |  1701  1674   153  1394
SUM: 6066 89.20 68.35 3849.75 3268.55 0.330
