SRTF
0000:   69  328   76   19 2 |  2979  2910   135  2447
0001:   31  180   82   16 4 |  1237  1206    29   997
0002:   68  111   94   42 2 |   207   139    17    11
0003:   73  120   14   22 4 |   903   830   185   525
0004:   36  210   68   83 4 |  1803  1767   228  1329
0005:   21  289   34   16 1 |  2511  2490   149  2052
0006:   20  131   95   25 3 |   561   541    34   376
0007:   16  338   88   10 3 |  2141  2125    22  1765
0008:   98  300   88   56 3 |  2544  2446    82  2064
0009:   67  354   16   76 1 |  5569  5502  1535  3613
0010:   97  423   91   44 1 |  5188  5091   184  4484
0011:   12  201   60   28 3 |  1530  1518    56  1261
0012:   70  123   22   20 3 |   646   576   150   303
0013:   69  100   17   15 4 |   432   363    90   173
0014:    9  174   82   86 4 |   933   924    91   659
0015:   55  416   73   34 2 |  4755  4700   191  4093
0016:    5  459   74   93 2 |  4618  4613   708  3446
0017:   56  383   37   96 2 |  4632  4576   891  3302
0018:   20  383   62   57 4 |  3676  3656   389  2884
0019:    9  163   31   43 4 |  1178  1169   248   758
SUM: 5569 93.12 64.43 2357.10 1827.10 0.359
