PRIO 2
0000:   73  306   35   96 2 |  5019  4946  1036  3604
0001:   67  180   34   21 4 |  2205  2138   102  1856
0002:   50  468   30   21 2 |  5168  5118   298  4352
0003:    7  184   89   11 4 |  2430  2423    34  2205
0004:   15  496   49   88 4 |  4727  4712   928  3288
0005:   57  351   73   64 1 |  5384  5327   362  4614
0006:   58  325   73   15 3 |  4144  4086    81  3680
0007:   26  102   50   59 3 |  2031  2005    61  1842
0008:   99  237   37   99 3 |  3771  3672   598  2837
0009:   81  161   12   65 1 |  5110  5029   878  3990
0010:   26  303   64   81 1 |  5405  5379   420  4656
0011:   17  101   16   82 3 |  1785  1768   477  1190
0012:   95  384   47   23 3 |  4445  4350   143  3823
0013:   78  198   47   76 4 |  2582  2504   274  2032
0014:   93  170   76   99 4 |  2517  2424   174  2080
0015:   21  157   33   82 2 |  3733  3712   310  3245
0016:   10  256   14   76 2 |  4776  4766  1499  3011
0017:   26  345   17   50 2 |  5121  5095  1013  3737
0018:   35  306   81   53 4 |  3619  3584   232  3046
0019:    3  369   16   36 4 |  3480  3477   803  2305
SUM: 5405 99.89 86.07 3825.75 3069.65 0.370
