PREPRIO 4
0000:   25  478   12   47 2 |  5938  5913  1696  3739
0001:   69  468   81   62 4 |  5004  4935   386  4081
0002:   37  157   78   50 2 |  4505  4468    32  4279
0003:    0  372   43   63 4 |  4372  4372   561  3439
0004:   76  300   71   72 4 |  3804  3728   229  3199
0005:   12  159   94   95 1 |  5405  5393   228  5006
0006:   12  357   49   98 3 |  5038  5026   512  4157
0007:   58  265   92   97 3 |  4652  4594   226  4103
0008:    1  241   66   50 3 |  4225  4224   212  3771
0009:   69  396   76   88 1 |  6016  5947   509  5042
0010:   62  251   59   32 1 |  5594  5532   104  5177
0011:   60  349   13   51 3 |  4120  4060  1304  2407
0012:   88  370   87   23 3 |  4933  4845    96  4379
0013:    0  240   39   32 4 |  2825  2825   208  2377
0014:   63  121   37   39 4 |  1783  1720   143  1456
0015:   50  331   27   56 2 |  5365  5315   543  4441
0016:   12  341   16   45 2 |  5289  5277   895  4041
0017:   40  106   38   33 2 |  2968  2928    85  2737
0018:   57  343   72   21 4 |  4362  4305    79  3883
0019:  100  150   56   73 4 |  2172  2072   168  1754
SUM: 6016 96.33 76.91 4373.95 3673.40 0.332
