SRTF
0000:   66  285   66   63 2 |  2720  2654   208  2161
0001:   98  253   36   57 4 |  1552  1454   347   854
0002:   20  269   54   91 2 |  2372  2352   369  1714
0003:   86  360   36   67 4 |  4021  3935   346  3229
0004:   43  295   42   78 4 |  3460  3417   522  2600
0005:   42  377   73   38 1 |  4119  4077   183  3517
0006:   38  255   14   21 3 |  2871  2833   258  2320
0007:   34  237   86   83 3 |   608   574   112   225
0008:   53  270   85   22 3 |  2037  1984    54  1660
0009:   32  240   15   24 1 |  1795  1763   331  1192
0010:   54  460   82   36 1 |  5731  5677   158  5059
0011:    5  268   87   53 3 |   951   946   235   443
0012:   88  493   83   79 3 |  6457  6369   507  5369
0013:   58  340   26   24 4 |  4867  4809   239  4230
0014:   78  321   39   85 4 |  3727  3649   793  2535
0015:   49  426   65   13 2 |  5574  5525    71  5028
0016:   12  118   81   57 2 |   316   304    55   131
0017:   46  410   89   78 2 |  4879  4833   270  4153
0018:   32  260   89   29 4 |  1550  1518   115  1143
0019:   11  125   77   18 4 |   278   267    22   120
SUM: 6457 93.88 58.42 2947.00 2384.15 0.310
