RR 5
0000:   73  144   41   69 2 |  2984  2911   204  2563
0001:   64  148   41   18 4 |  2875  2811    32  2631
0002:   54  327   61   91 2 |  5390  5336   433  4576
0003:   86  240   61   98 4 |  4640  4554   437  3877
0004:   79  435   71   72 4 |  6242  6163   539  5189
0005:   45  496   84   80 1 |  6327  6282   319  5467
0006:   26  484   87   58 3 |  6293  6267   266  5517
0007:   60  476   65   46 3 |  6354  6294   420  5398
0008:   25  161   83  100 3 |  3123  3098   156  2781
0009:   94  484   75   91 1 |  6384  6290   626  5180
0010:   37  136   70   16 1 |  2668  2631    39  2456
0011:   78  442   27   88 3 |  6534  6456  1121  4893
0012:   21  289   89   18 3 |  4685  4664    49  4326
0013:   58  292   63   87 4 |  5071  5013   346  4375
0014:   86  364   55   96 4 |  5867  5781   662  4755
0015:   66  301   53   86 2 |  5240  5174   388  4485
0016:   12  223   44   77 2 |  4044  4032   334  3475
0017:   12  415   31   30 2 |  6083  6071   407  5249
0018:   95  322   27   10 4 |  5365  5270   101  4847
0019:   22  236   49   75 4 |  4267  4245   368  3641
SUM: 6534 98.18 65.37 4967.15 4284.05 0.306
