PREPRIO 4
0000:   65  499   56   92 2 |  6404  6339   796  5044
0001:   95  179   85   38 4 |  2688  2593    22  2392
0002:   16  386   14   60 2 |  6129  6113  1626  4101
0003:   22  248   36   23 4 |  2982  2960   144  2568
0004:   61  385   77   19 4 |  4403  4342    98  3859
0005:   36  190   46   34 1 |  5896  5860   109  5561
0006:    6  293   97   11 3 |  4912  4906    37  4576
0007:   59  442   24   21 3 |  5168  5109   334  4333
0008:   43  473   66   71 3 |  5770  5727   506  4748
0009:   43  331   44   36 1 |  6341  6298   386  5581
0010:   76  115   88   36 1 |  5314  5238    59  5064
0011:   18  171   52   19 3 |  2724  2706    99  2436
0012:   73  468  100   49 3 |  5752  5679   255  4956
0013:   26  352   63   16 4 |  3970  3944   135  3457
0014:   69  374   64   54 4 |  4470  4401   358  3669
0015:   22  267  100   40 2 |  5474  5452    49  5136
0016:   96  136   24   27 2 |  3578  3482   158  3188
0017:    7  361   16   90 2 |  6207  6200  1966  3873
0018:   44  431   60   82 4 |  4752  4708   746  3531
0019:    5  184   93   88 4 |  2926  2921    81  2656
SUM: 6404 98.14 68.55 4748.90 4036.45 0.312
