FCFS
0000:   96  365   41   81 2 |  5986  5890   959  4566
0001:   24  319   13   77 4 |  7110  7086  1832  4935
0002:   67  398   80   84 2 |  5240  5173   531  4244
0003:   17  407   66   58 4 |  5000  4983   380  4196
0004:    5  461   53   28 4 |  5570  5565   290  4814
0005:   17  206   12   24 1 |  6103  6086   463  5417
0006:   89  460   47   96 3 |  6158  6069   982  4627
0007:   39  328   84   13 3 |  3453  3414    45  3041
0008:   69  265   99   18 3 |  2710  2641    44  2332
0009:   58  230   40   93 1 |  4881  4823   443  4150
0010:   42  102   44   68 1 |  2165  2123    95  1926
0011:   69  106   87   24 3 |  2646  2577    50  2421
0012:   22  276   92   68 3 |  3803  3781   159  3346
0013:   40  299   73   66 4 |  4532  4492   215  3978
0014:   11  278   82   35 4 |  4420  4409   155  3976
0015:   24  413   74   97 2 |  5492  5468   655  4400
0016:   94  130   19   84 2 |  5689  5595   702  4763
0017:   37  427   72   71 2 |  5352  5315   534  4354
0018:   12  419   92   89 4 |  4774  4762   450  3893
0019:   88  275   52   80 4 |  4666  4578   370  3933
SUM: 7110 86.69 77.74 4741.50 3965.60 0.281
