PRIO 2
0000:   61  306   48   75 2 |  5240  5179   639  4234
0001:   24  325   37   41 4 |  3606  3582   312  2945
0002:   21  281   90   90 2 |  5134  5113   317  4515
0003:   96  444   90   67 4 |  4690  4594   247  3903
0004:   66  217   95   84 4 |  3094  3028   124  2687
0005:   37  463   31   66 1 |  6293  6256   994  4799
0006:    4  348   87   56 3 |  4624  4620   124  4148
0007:   57  200   16   43 3 |  3041  2984   493  2291
0008:   20  444   33   48 3 |  5154  5134   826  3864
0009:   57  120   60   33 1 |  4676  4619    72  4427
0010:   52  230   94   35 1 |  5416  5364    65  5069
0011:   46  249   11   15 3 |  2972  2926   422  2255
0012:   70  478   40   98 3 |  5700  5630  1381  3771
0013:   13  218  100   57 4 |  3178  3165    52  2895
0014:   73  164   98   62 4 |  2539  2466    32  2270
0015:   73  439   23   50 2 |  5601  5528   812  4277
0016:    1  165   97   14 2 |  3918  3917     4  3748
0017:   20  291   83   29 2 |  5091  5071    75  4705
0018:   79  167   77   80 4 |  2602  2523    32  2324
0019:   87  248   90   99 4 |  3404  3317   284  2785
SUM: 6293 92.12 71.00 4250.80 3595.60 0.318
