FCFS
0000:   90  329   22   45 2 |  6270  6180   724  5127
0001:   29  298   78   31 4 |  3535  3506   107  3101
0002:   37  419   71   79 2 |  5197  5160   439  4302
0003:   50  153   41   13 4 |  4790  4740    88  4499
0004:   22  260   70   74 4 |  4210  4188   312  3616
0005:   93  239   43   88 1 |  5296  5203   338  4626
0006:   94  120   99   12 3 |  1267  1173    11  1042
0007:   20  320   56   17 3 |  5128  5108   114  4674
0008:   48  303   96   78 3 |  3762  3714   261  3150
0009:   52  450   35   36 1 |  5766  5714   396  4868
0010:   76  348   28   77 1 |  6066  5990   786  4856
0011:   40  137   58   72 3 |  2717  2677    87  2453
0012:   30  296   71   34 3 |  3584  3554    89  3169
0013:   78  215   52   76 4 |  4169  4091   324  3552
0014:   38  361   70   24 4 |  4855  4817   156  4300
0015:   68  409   54   93 2 |  6044  5976  1013  4554
0016:   47  341   93   35 2 |  3990  3943   152  3450
0017:   94  413   80   88 2 |  4673  4579   325  3841
0018:   93  429   65   96 4 |  5495  5402   567  4406
0019:   26  206   22   62 4 |  5703  5677   670  4801
SUM: 6270 96.43 68.39 4569.60 3919.35 0.319
