PREPRIO 4
0000:    3  238   73   32 2 |  5028  5025    86  4701
0001:   44  290   37   96 4 |  3646  3602   627  2685
0002:    7  481   23   13 2 |  5850  5843   335  5027
0003:   61  451   32   76 4 |  4605  4544  1036  3057
0004:   93  443   25   17 4 |  4072  3979   277  3259
0005:   10  159   95   71 1 |  5617  5607   107  5341
0006:   13  408   21  100 3 |  5291  5278  2187  2683
0007:   51  314   76   46 3 |  4873  4822   146  4362
0008:   65  172   50   44 3 |  3163  3098   157  2769
0009:   93  458   61   65 1 |  6704  6611   630  5523
0010:   89  340   41   11 1 |  6237  6148    96  5712
0011:   51  180   57   35 3 |  3162  3111   110  2821
0012:   87  208   31   78 3 |  3642  3555   538  2809
0013:   90  210   96   10 4 |  3003  2913    12  2691
0014:   39  288   55   24 4 |  3473  3434    84  3062
0015:   75  303   12   88 2 |  6067  5992  2141  3548
0016:   90  415   41   69 2 |  6033  5943   600  4928
0017:   96  481   76   72 2 |  6134  6038   374  5183
0018:   36  111   27   29 4 |  1273  1237   106  1020
0019:   62  470   64   51 4 |  4998  4936   343  4123
SUM: 6704 95.76 79.19 4585.80 3765.20 0.298
