PREPRIO 2
0000:   21  498   13   95 2 |  7017  6996  3456  3042
0001:   89  405   60   63 5 |  3688  3599   417  2777
0002:   11  216   72   56 3 |  3435  3424   209  2999
0003:   93  298   92   40 2 |  4745  4652   159  4195
0004:   46  433   37   77 5 |  3945  3899   890  2576
0005:   82  203   30   30 2 |  4069  3987   213  3571
0006:   32  125   50   22 2 |  3176  3144    60  2959
0007:   77  250   20   95 4 |  3343  3266  1226  1790
0008:   36  280   70   84 2 |  4771  4735   351  4104
0009:   15  437   12   54 1 |  6678  6663  1694  4532
0010:   36  245   73   61 4 |  3140  3104   239  2620
0011:    3  251   46   99 4 |  3349  3346   681  2414
0012:   22  466   73   91 1 |  5970  5948   400  5082
0013:   98  147   38   99 4 |  1772  1674   299  1228
0014:   76  237   89   98 1 |  5522  5446   227  4982
0015:   16  427   58   45 2 |  5373  5357   401  4529
0016:   34  408   80   87 2 |  5448  5414   466  4540
0017:   87  239   80   69 4 |  3228  3141   261  2641
0018:    9  360   18   39 2 |  5010  5001   709  3932
0019:   23  257   99   12 1 |  5524  5501    23  5221
SUM: 7017 88.10 88.30 4414.85 3486.70 0.285
