SRTF
0000:   55  161   83   41 2 |   370   315    86    68
0001:   50  464   16   39 4 |  6651  6601  1218  4919
0002:   41  479   60   28 2 |  5443  5402   319  4604
0003:   77  150   73   32 4 |   471   394    76   168
0004:   57  344   89   74 4 |  4237  4180   327  3509
0005:   66  358   45   93 1 |  4867  4801   627  3816
0006:    2  373   68   60 3 |  3043  3041   223  2445
0007:   81  162   65   22 3 |   880   799    58   579
0008:   57  304   87   92 3 |  2798  2741   235  2202
0009:   29  281   58   81 1 |  2610  2581   315  1985
0010:    0  188   49   75 1 |  1441  1441   337   916
0011:   62  318   35   61 3 |  3877  3815   440  3057
0012:   46  147   19   47 3 |  1314  1268   428   693
0013:   75  264   52   19 4 |  1894  1819    76  1479
0014:   55  275   38   44 4 |  2274  2219   263  1681
0015:   56  491   67   78 2 |  5137  5081   607  3983
0016:   99  255   94   81 2 |  1684  1585   306  1024
0017:   82  184   54   67 2 |  1093  1011   197   630
0018:   86  157   59   86 4 |   700   614   206   251
0019:   81  318   38   10 4 |  3606  3525    66  3141
SUM: 6651 85.30 70.95 2661.65 2057.50 0.301
