PREPRIO 4
0000:   26  238   91   30 2 |  4619  4593    52  4303
0001:   64  254   77   62 4 |  2936  2872   243  2375
0002:   75  113   20   10 2 |  2668  2593    59  2421
0003:   73  177   12   97 4 |  2003  1930  1282   471
0004:    7  488   97   73 4 |  4636  4629   375  3766
0005:   94  483   53   39 1 |  5571  5477   364  4630
0006:   29  446   96   48 3 |  4864  4835   273  4116
0007:   93  334   14   78 3 |  4590  4497  2155  2008
0008:   14  243   62   46 3 |  3568  3554   159  3152
0009:   71  366   15   64 1 |  6117  6046  1747  3933
0010:    0  178   52   32 1 |  4945  4945   123  4644
0011:   74  280   36   48 3 |  3608  3534   340  2914
0012:   94  463   37   53 3 |  4733  4639   612  3564
0013:   15  104   23   93 4 |  1359  1344   351   889
0014:   84  214   79   93 4 |  2785  2701   366  2121
0015:   85  327   63   49 2 |  4895  4810   265  4218
0016:   67  124   93   39 2 |  3226  3159    37  2998
0017:   55  327   35   18 2 |  4773  4718   209  4182
0018:   21  180   48   88 4 |  2263  2242   426  1636
0019:   41  120   27   89 4 |  1441  1400   283   997
SUM: 6117 89.24 84.03 3725.90 2966.90 0.327
