LCFS
0000:   86  143   77   64 2 |  1477  1391    95  1153
0001:   28  111   50   74 4 |  4267  4239   146  3982
0002:   92  396   40   23 2 |  2042  1950   219  1335
0003:   67  234   97   81 4 |  2825  2758    68  2456
0004:   58  136   55   94 4 |  3859  3801   255  3410
0005:   40  264   25   89 1 |  4142  4102   768  3070
0006:   13  498   92   21 3 |  5070  5057   204  4355
0007:    6  326   47   26 3 |   748   742   123   293
0008:   80  356   95   81 3 |  2440  2360   253  1751
0009:   98  394   91   98 1 |  1101  1003   441   168
0010:   76  122   94   10 1 |  2139  2063    19  1922
0011:   53  418   16   61 3 |  6040  5987  1449  4120
0012:   80  379   71   90 3 |  2468  2388   473  1536
0013:   71  226   55   60 4 |  3247  3176   229  2721
0014:   49  116   48   90 4 |  3734  3685   150  3419
0015:   87  340   14   65 2 |  4190  4103  1164  2599
0016:   92  130   59   67 2 |   893   801   205   466
0017:   47  256   26   86 2 |  4725  4678   564  3858
0018:   66  198   34   10 4 |  3292  3226    55  2973
0019:   50  142   18   13 4 |  4241  4191    97  3952
SUM: 6040 85.84 73.71 3085.05 2476.95 0.331
