LCFS
0000:    1  305   90   88 2 |   880   879   244   330
0001:   67  342   66   54 4 |  2420  2353   219  1792
0002:   52  179   96   16 2 |  2815  2763    21  2563
0003:   75  129   70   88 4 |   822   747    15   603
0004:   60  300   68   96 4 |  3248  3188   582  2306
0005:    5  144   61   37 1 |  4281  4276    51  4081
0006:   33  301   46   72 3 |  4721  4688   437  3950
0007:   36  436   49   23 3 |  4010  3974   226  3312
0008:   39  168   21   74 3 |  4700  4661   559  3934
0009:   72  213   49   49 1 |  1993  1921   145  1563
0010:   40  256   75   67 1 |  3301  3261   166  2839
0011:   82  140   44   80 3 |   764   682   263   279
0012:   60  207   35   22 3 |  2941  2881   136  2538
0013:    3  304   14   32 4 |  5590  5587   637  4646
0014:   73  295   96   58 4 |  2031  1958   216  1447
0015:   82  239   30   38 2 |  1549  1467   281   947
0016:   90  108   91   61 2 |   364   274    93    73
0017:   99  478   13   63 2 |  5650  5551  2110  2963
0018:   20  378   26   55 4 |  4944  4924   668  3878
0019:   93  290   49   89 4 |  1344  1251   335   626
SUM: 5650 92.25 77.29 2864.30 2233.50 0.354
