PRIO 2
0000:   66  285   66   63 2 |  5231  5165   253  4627
0001:   98  253   36   57 4 |  3430  3332   330  2749
0002:   20  269   54   91 2 |  5042  5022   482  4271
0003:   86  360   36   67 4 |  4364  4278   706  3212
0004:   43  295   42   78 4 |  3767  3724   345  3084
0005:   42  377   73   38 1 |  6020  5978   300  5301
0006:   38  255   14   21 3 |  3634  3596   343  2998
0007:   34  237   86   83 3 |  4214  4180   223  3720
0008:   53  270   85   22 3 |  4298  4245    65  3910
0009:   32  240   15   24 1 |  5674  5642   348  5054
0010:   54  460   82   36 1 |  6139  6085   204  5421
0011:    5  268   87   53 3 |  4366  4361   199  3894
0012:   88  493   83   79 3 |  5340  5252   256  4503
0013:   58  340   26   24 4 |  3771  3713   362  3011
0014:   78  321   39   85 4 |  4157  4079   624  3134
0015:   49  426   65   13 2 |  5585  5536    78  5032
0016:   12  118   81   57 2 |  3187  3175   156  2901
0017:   46  410   89   78 2 |  5695  5649   396  4843
0018:   32  260   89   29 4 |  3637  3605    48  3297
0019:   11  125   77   18 4 |  1659  1648    15  1508
SUM: 6139 98.75 58.80 4413.25 3823.50 0.326
