PRIO 5
0000:   81  300   18   30 3 |  2508  2427   419  1708
0001:  100  293   31   94 2 |  4677  4577   647  3637
0002:   35  476   32   92 1 |  7188  7153  1342  5335
0003:   13  439   93   76 3 |  4987  4974   328  4207
0004:   87  127   12   21 2 |  2123  2036   132  1777
0005:   78  483   98   20 3 |  5196  5118   112  4523
0006:   64  244   26   21 3 |  2391  2327   175  1908
0007:   18  430   77   46 1 |  6585  6567   251  5886
0008:   64  440   91   57 3 |  5012  4948   248  4260
0009:   64  335   87   82 3 |  4309  4245   314  3596
0010:   94  420   37   35 1 |  6603  6509   350  5739
0011:    4  487   88  100 1 |  6746  6742   282  5973
0012:    7  449   89   36 2 |  5688  5681   160  5072
0013:   95  125   89   97 1 |  4830  4735    82  4528
0014:   41  238   19   66 3 |  2786  2745   923  1584
0015:   82  123   23   43 2 |  2389  2307   224  1960
0016:   77  321   44   14 1 |  6180  6103    96  5686
0017:   91  274   15   79 1 |  6253  6162  1325  4563
0018:   88  355   17   84 3 |  3732  3644  1421  1868
0019:   35  443   44   30 2 |  5410  5375   314  4618
SUM: 7188 94.63 75.43 4718.75 3921.40 0.278
