PREPRIO 2
0000:   86  259   12   55 2 |  4764  4678  1491  2928
0001:   64  366   51   65 5 |  3303  3239   415  2458
0002:    9  109   98   40 3 |  1959  1950    59  1782
0003:   59  148   47   97 2 |  3655  3596   295  3153
0004:    1  241   26  100 5 |  2692  2691  1173  1277
0005:   88  315   58   35 2 |  4796  4708   238  4155
0006:   85  176   62   82 2 |  3854  3769   268  3325
0007:   70  271   83   26 4 |  3396  3326   123  2932
0008:   55  354   46   54 2 |  5074  5019   498  4167
0009:   72  260   11   65 1 |  5861  5789  1326  4203
0010:   45  317   58   76 4 |  3599  3554   342  2895
0011:   21  294   76   32 4 |  3486  3465    92  3079
0012:   96  450   92   34 1 |  5862  5766   132  5184
0013:   94  293   16   70 4 |  3178  3084  1158  1633
0014:   36  399   78   68 1 |  5854  5818   385  5034
0015:   91  350   39   93 2 |  5255  5164   658  4156
0016:   95  432   43   90 2 |  5588  5493   960  4101
0017:   19  199   35   24 4 |  2488  2469   137  2133
0018:   11  435   34   24 2 |  5246  5235   367  4433
0019:   62  169   30   79 1 |  5084  5022   334  4519
SUM: 5862 99.57 84.25 4191.75 3377.35 0.341
