RR 2
0000:    8  250   36   68 2 |  4415  4407   486  3671
0001:    3  150   48   70 4 |  2652  2649   197  2302
0002:   34  233   69   69 2 |  4144  4110   280  3597
0003:   20  273   62   36 4 |  4455  4435   145  4017
0004:   41  320   65   86 4 |  4982  4941   277  4344
0005:   75  447   82   89 1 |  5939  5864   516  4901
0006:   49  345   52   74 3 |  5428  5379   616  4418
0007:   64  222   34   99 3 |  4337  4273   532  3519
0008:   53  389   30   48 3 |  5684  5631   504  4738
0009:   23  207   35   86 1 |  3900  3877   370  3300
0010:   82  352   26   58 1 |  5517  5435   721  4362
0011:   78  438   43   92 3 |  6032  5954   861  4655
0012:   83  430   60   86 3 |  5924  5841   681  4730
0013:   81  470   61   93 4 |  6014  5933   759  4704
0014:   52  170   69   71 4 |  3145  3093   111  2812
0015:   90  345   54   89 2 |  5594  5504   926  4233
0016:   18  463  100   50 2 |  5805  5787   195  5129
0017:   77  224   29   10 2 |  3987  3910    69  3617
0018:   71  135   16   78 4 |  3089  3018   477  2406
0019:   38  100   29   32 4 |  1944  1906    77  1729
SUM: 6032 98.86 76.87 4597.35 3859.20 0.332
