PRIO 2
0000:    3  449   34   30 2 |  6083  6080   456  5175
0001:   10  201   15   37 4 |  2385  2375   582  1592
0002:   55  185   81   36 2 |  4467  4412    45  4182
0003:   63  143   39   14 4 |  2001  1938    33  1762
0004:   49  353   31   69 4 |  4268  4219  1072  2794
0005:   26  449   93   17 1 |  6567  6541    49  6043
0006:   79  276   89   37 3 |  4345  4266   132  3858
0007:   75  428   98   92 3 |  5486  5411   295  4688
0008:   29  468   57   29 3 |  5485  5456   234  4754
0009:   98  458   90   90 1 |  6789  6691   609  5624
0010:   78  415   28   41 1 |  6753  6675   629  5631
0011:   68  462   31   79 3 |  5906  5838  1431  3945
0012:   31  122   60   37 3 |  2465  2434    62  2250
0013:    4  198   29   27 4 |  2349  2345   122  2025
0014:    6  478   25   44 4 |  4792  4786   763  3545
0015:   25  269   18   82 2 |  5549  5524  1252  4003
0016:   74  141   16   60 2 |  3599  3525   536  2848
0017:   27  476   90   23 2 |  6118  6091   113  5502
0018:   51  400   43   73 4 |  4494  4443   468  3575
0019:   32  378   23   42 4 |  3949  3917   789  2750
SUM: 6789 99.41 78.63 4648.35 3827.30 0.295
