RR 2
0000:   58  365   92   16 2 |  5036  4978    83  4530
0001:   36  314   39   42 4 |  4956  4920   414  4192
0002:   36  176   70   72 2 |  3226  3190   134  2880
0003:   40  498   21   26 4 |  5667  5627   614  4515
0004:   17  137   25   43 4 |  2656  2639   203  2299
0005:    1  231   36   70 1 |  3930  3929   338  3360
0006:   25  459   62   26 3 |  5509  5484   217  4808
0007:   95  125   10   24 3 |  2846  2751   335  2291
0008:   75  116   78   26 3 |  2229  2154    42  1996
0009:   20  259   55   18 1 |  4125  4105    36  3810
0010:   53  224   49   31 1 |  3928  3875   165  3486
0011:   11  392   25   17 3 |  5341  5330   295  4643
0012:   56  123   66   48 3 |  2390  2334    70  2141
0013:   54  201   35   74 4 |  4010  3956   639  3116
0014:    7  335   94   96 4 |  4961  4954   299  4320
0015:   45  353   25   82 2 |  5453  5408  1042  4013
0016:   65  195   11   39 2 |  4040  3975   630  3150
0017:   39  493   84   99 2 |  5686  5647   580  4574
0018:   35  410   54   16 4 |  5304  5269   140  4719
0019:   53  243   12   70 4 |  5274  5221  1615  3363
SUM: 5686 99.35 77.17 4287.30 3610.30 0.352
