RR 2
0000:   76  405   70   73 2 |  5584  5508   372  4731
0001:   34  218   71   51 4 |  3666  3632    76  3338
0002:   55  476   79   66 2 |  5844  5789   241  5072
0003:   62  211   58   82 4 |  3710  3648   166  3271
0004:   19  101   45   30 4 |  1996  1977    94  1782
0005:    6  468   47   56 1 |  5908  5902   582  4852
0006:   40  116   68   87 3 |  2255  2215    52  2047
0007:   79  299   86   37 3 |  4583  4504   105  4100
0008:   53  368   93   58 3 |  5154  5101   141  4592
0009:    1  456   99   71 1 |  5815  5814   484  4874
0010:   60  436   14   17 1 |  5886  5826   543  4847
0011:   93  114   34   38 3 |  2421  2328   135  2079
0012:   32  468   50   98 3 |  6002  5970   815  4687
0013:   63  196   74   16 4 |  3462  3399    47  3156
0014:   73  457   81   69 4 |  5822  5749   296  4996
0015:   58  429   66   18 2 |  5555  5497    85  4983
0016:   69  138   83   41 2 |  2757  2688    84  2466
0017:   69  137   19   27 2 |  2868  2799   216  2446
0018:   94  294   60   42 4 |  4548  4454   122  4038
0019:   33  129   90   29 4 |  2374  2341     1  2211
SUM: 6002 98.57 54.42 4257.05 3728.40 0.333
