LCFS
0000:   44  440   21   69 2 |  6564  6520  1239  4841
0001:   93  166   80   65 4 |  1972  1879   124  1589
0002:   84  311   14   21 2 |  5763  5679   514  4854
0003:   90  305   97   85 4 |  2822  2732   554  1873
0004:   43  426   86   96 4 |  5300  5257   524  4307
0005:    4  405   56   90 1 |  4574  4570   718  3447
0006:   91  389   95   96 3 |  2600  2509   278  1842
0007:   85  112   74   46 3 |  2626  2541    65  2364
0008:   31  457   10   80 3 |  8969  8938  3155  5326
0009:   22  391   91   62 1 |  1467  1445   303   751
0010:   94  371   99   20 1 |   988   894    75   448
0011:   86  365   85   55 3 |  1485  1399   262   772
0012:   16  100   74   55 3 |  3908  3892    69  3723
0013:   80  264   46   55 4 |  3732  3652   264  3124
0014:   64  378   57   22 4 |  2834  2770   203  2189
0015:   73  472   23   75 2 |  6433  6360  1202  4686
0016:   23  238   99   69 2 |  5297  5274    97  4939
0017:   62  284   80   88 2 |  3609  3547   252  3011
0018:   85  403   26   65 4 |  4757  4672   913  3356
0019:   94  174   40   71 4 |   964   870   410   286
SUM: 8969 71.93 78.76 3770.00 2886.40 0.223
