RR 2
0000:   97  222   17   11 2 |  4091  3994   108  3664
0001:    0  188   71   93 4 |  3550  3550   242  3120
0002:   61  257   78   77 2 |  4544  4483   268  3958
0003:    2  242   94   22 4 |  3998  3996    32  3722
0004:   19  112   27   25 4 |  2129  2110    61  1937
0005:   20  398   15   84 1 |  6231  6211  1794  4019
0006:   18  313   57   24 3 |  4900  4882    98  4471
0007:    7  436   58   79 3 |  5625  5618   330  4852
0008:   48  380   77   41 3 |  5394  5346   166  4800
0009:   57  334   37   77 1 |  5512  5455   724  4397
0010:    9  384   10   45 1 |  5985  5976  1612  3980
0011:    1  115   16   13 3 |  2137  2136    84  1937
0012:   50  326   42   76 3 |  5324  5274   473  4475
0013:   96  185   87   80 4 |  3476  3380   115  3080
0014:   97  250   58   93 4 |  4595  4498   405  3843
0015:   36  365   76   26 2 |  5319  5283   110  4808
0016:   72  344   14   64 2 |  5864  5792  1577  3871
0017:   49  398   73   93 2 |  5646  5597   535  4664
0018:   28  350   86   18 4 |  5177  5149    70  4729
0019:   46  224  100   21 4 |  3905  3859    34  3601
SUM: 6231 93.45 79.92 4629.45 3896.40 0.321
