PRIO 2
0000:   65  138   43   29 2 |  3415  3350    95  3117
0001:   17  438   19   11 4 |  3860  3843   277  3128
0002:   58  403   52   52 2 |  5447  5389   332  4654
0003:   88  323  100   32 4 |  4055  3967    94  3550
0004:   48  241   92   50 4 |  3372  3324   157  2926
0005:   52  330   96   90 1 |  5676  5624   155  5139
0006:   40  314   82   33 3 |  4487  4447   101  4032
0007:   14  110   91   17 3 |  1889  1875    34  1731
0008:   86  485   98   19 3 |  5099  5013    87  4441
0009:   44  205   24   57 1 |  5554  5510   609  4696
0010:   13  391   55   45 1 |  5890  5877   290  5196
0011:  100  446   98   67 3 |  5169  5069   469  4154
0012:   80  143   25   57 3 |  2660  2580   275  2162
0013:    3  174   53   42 4 |  2308  2305   134  1997
0014:   44  242   32   15 4 |  3084  3040   107  2691
0015:   57  382   14   75 2 |  5905  5848  1757  3709
0016:   11  165   79   36 2 |  4108  4097    39  3893
0017:   49  151   53   25 2 |  3843  3794    68  3575
0018:   39  392   56   64 4 |  4436  4397   551  3454
0019:    0  333   89   77 4 |  4059  4059   177  3549
SUM: 5905 98.32 61.83 4170.40 3589.70 0.339
