PRIO 5
0000:   52  476   38   54 3 |  4916  4864   743  3645
0001:   80  470   50   62 2 |  6043  5963   577  4916
0002:   36  192   76   67 1 |  5552  5516   308  5016
0003:   56  327   70   86 3 |  4163  4107   199  3581
0004:   75  376   76   53 2 |  5535  5460   223  4861
0005:   81  415   97   66 3 |  4873  4792   385  3992
0006:   15  312   65   42 3 |  3894  3879   121  3446
0007:   22  369   83   66 1 |  6325  6303   268  5666
0008:   45  478   34   35 3 |  4590  4545   376  3691
0009:   72  294   41   44 3 |  3222  3150   211  2645
0010:   24  213   29   17 1 |  5594  5570   111  5246
0011:   36  353   39   46 1 |  6291  6255   382  5520
0012:   37  130   29   66 2 |  2621  2584   345  2109
0013:   60  237  100   69 1 |  5953  5893   151  5505
0014:   67  193   78   97 3 |  2932  2865   121  2551
0015:   40  395   44   98 2 |  5872  5832  1051  4386
0016:   53  475   24   58 1 |  6692  6639   932  5232
0017:   48  268   76   41 1 |  5994  5946   158  5520
0018:    9  328   30   77 3 |  3622  3613   620  2665
0019:   80  129   64   25 2 |  2926  2846    56  2661
SUM: 6692 96.08 66.75 4831.10 4142.70 0.299
