RR 2
0000:   18  205   76   24 2 |  3660  3642    65  3372
0001:   90  314   62   67 4 |  5172  5082   410  4358
0002:    4  307   74   18 2 |  4843  4839   102  4430
0003:   45  475   63   47 4 |  5923  5878   462  4941
0004:   24  101   15   11 4 |  2006  1982    59  1822
0005:   34  170   67   47 1 |  3233  3199   106  2923
0006:   27  168   50   32 3 |  3206  3179    87  2924
0007:   84  372   24   47 3 |  5805  5721   833  4516
0008:   10  482   61   23 3 |  5842  5832   170  5180
0009:   70  281   82   16 1 |  4597  4527    29  4217
0010:   11  256   14   91 1 |  5358  5347  1504  3587
0011:   49  157   48   38 3 |  3125  3076   178  2741
0012:   75  428   76   87 3 |  5747  5672   350  4894
0013:   12  190   34   86 4 |  3613  3601   272  3139
0014:    2  297   70   98 4 |  4956  4954   425  4232
0015:   71  324   61   20 2 |  5100  5029   154  4551
0016:   14  172   18   26 2 |  3349  3335   175  2988
0017:   21  416   93   69 2 |  5568  5547   169  4962
0018:    0  330   54   11 4 |  4980  4980    40  4610
0019:   92  423   64   61 4 |  5829  5737   586  4728
SUM: 5923 99.07 66.99 4557.95 3955.75 0.338
