LCFS
0000:   71  484   23   11 2 |  4630  4559   256  3819
0001:   46  323   42   20 4 |  2562  2516   138  2055
0002:    0  304   49   95 2 |  6226  6226   486  5436
0003:   42  271   17  100 4 |  4659  4617  1173  3173
0004:   50  157   34   94 4 |  2383  2333   369  1807
0005:   87  204   66   15 1 |  1590  1503    37  1262
0006:   35  396   60   48 3 |  3749  3714   149  3169
0007:   84  375   65   90 3 |  2688  2604   344  1885
0008:   72  174   45   54 3 |   922   850   235   441
0009:   26  297   89   70 1 |  5350  5324   225  4802
0010:   41  418   15   42 1 |  6188  6147   996  4733
0011:   15  364   42   17 3 |  5820  5805   161  5280
0012:   73  259   33   91 3 |  2375  2302   526  1517
0013:   37  478   36   43 4 |  4311  4274   450  3346
0014:   50  164   50   21 4 |  1031   981   102   715
0015:   29  490   19   45 2 |  7153  7124  1243  5391
0016:   96  279   93   71 2 |  1002   906   164   463
0017:  100  421   25   88 2 |  3225  3125  1536  1168
0018:    0  271   89   82 4 |   706   706   231   204
0019:   34  260   32   15 4 |  5337  5303   114  4929
SUM: 7153 89.32 79.77 3545.95 2779.75 0.280
