PRIO 2
0000:   92  345   16   65 2 |  6023  5931  1250  4336
0001:   65  280   31   93 4 |  4038  3973   814  2879
0002:   50  117   72   84 2 |  3545  3495   175  3203
0003:   92  173   96   45 4 |  2608  2516    47  2296
0004:   17  237   76   69 4 |  3492  3475   200  3038
0005:   88  175   17   99 1 |  6337  6249  1130  4944
0006:   41  475   14   54 3 |  5990  5949  1697  3777
0007:   15  240   74   12 3 |  4123  4108    48  3820
0008:   83  325   88   98 3 |  5305  5222   434  4463
0009:   77  368   55   36 1 |  6429  6352   204  5780
0010:   48  315   40   29 1 |  6350  6302   229  5758
0011:   39  425   58   60 3 |  5686  5647   507  4715
0012:   87  418   64   85 3 |  5732  5645   392  4835
0013:   40  225   13   96 4 |  2955  2915  1049  1641
0014:   11  322   37   77 4 |  4307  4296   778  3196
0015:   81  424   65   88 2 |  6389  6308   581  5303
0016:   83  264   22   47 2 |  5605  5522   696  4562
0017:   30  294   54   46 2 |  5710  5680   162  5224
0018:   34  472   21   16 4 |  4477  4443   358  3613
0019:   17  499   37   14 4 |  5266  5249   184  4566
SUM: 6429 99.44 78.91 4963.85 4097.45 0.311
