SRTF
0000:   82  120   36   81 2 |   488   406   185   101
0001:   74  440   35   12 4 |  5408  5334   138  4756
0002:   74  320   97   25 2 |  2842  2768    87  2361
0003:   44  408   61   65 4 |  4683  4639   544  3687
0004:   57  454   73   63 4 |  6209  6152   305  5393
0005:   15  448   26   42 1 |  6782  6767   713  5606
0006:   20  298   32   20 3 |  2189  2169   174  1697
0007:   98  303   68   95 3 |  2521  2423   495  1625
0008:   36  391   33   13 3 |  4385  4349   201  3757
0009:   79  219   88   66 1 |   492   413    82   112
0010:   65  235   43   61 1 |  1448  1383   285   863
0011:   50  281   43   91 3 |  2298  2248   628  1339
0012:   33  224   47   90 3 |  1063  1030   355   451
0013:   17  433   16   17 4 |  5701  5684   465  4786
0014:   71  344   45   58 4 |  3788  3717   408  2965
0015:    2  209   17   17 2 |  1363  1361   209   943
0016:    3  329   89   25 2 |  1201  1198    94   775
0017:   96  348  100   63 2 |  3522  3426   271  2807
0018:   26  434   19   84 4 |  7072  7046  1844  4768
0019:   94  310   35   90 4 |  3385  3291   747  2234
SUM: 7072 92.59 76.80 3290.20 2551.30 0.283
