PREPRIO 2
0000:   39  424   20   16 2 |  5818  5779   323  5032
0001:   98  389   79   48 5 |  3386  3288   195  2704
0002:   66  434   56   46 3 |  4828  4762   249  4079
0003:   59  407   48   81 2 |  6063  6004   761  4836
0004:   93  191   14   72 5 |  1798  1705  1026   488
0005:   29  438   43   86 2 |  6254  6225   961  4826
0006:   30  302   30   58 2 |  5095  5065   580  4183
0007:   46  103   58   82 4 |  1328  1282   153  1026
0008:   54  414   65   39 2 |  5939  5885   289  5182
0009:   72  142   43   87 1 |  5026  4954    92  4720
0010:   71  380   55   79 4 |  4002  3931   474  3077
0011:   29  327   79   57 4 |  3511  3482    87  3068
0012:   81  489   64   16 1 |  6778  6697   104  6104
0013:   36  158   87   47 4 |  1978  1942    27  1757
0014:   59  363   49   10 1 |  6605  6546    93  6090
0015:   71  492   61   78 2 |  6465  6394   791  5111
0016:   57  377   73  100 2 |  5842  5785   428  4980
0017:   89  143   95   71 4 |  1877  1788   100  1545
0018:   50  377   20   53 2 |  6038  5988  1255  4356
0019:   29  437   79   53 1 |  6886  6857   468  5952
SUM: 6886 98.56 71.65 4717.95 3955.80 0.290
