FCFS
0000:   14  177   96   61 2 |  2044  2030    73  1780
0001:   78  299   58   45 4 |  5184  5106   238  4569
0002:   58  305   36   55 2 |  5753  5695   288  5102
0003:    0  122   53   57 4 |  3683  3683   242  3319
0004:   55  473   89  100 4 |  6012  5957   671  4813
0005:   11  305   46   66 1 |  5215  5204   441  4458
0006:   97  286   69   23 3 |  5018  4921   109  4526
0007:   50  460   67   23 3 |  5760  5710   163  5087
0008:   77  435   79   13 3 |  5814  5737   113  5189
0009:   30  170   96   84 1 |  4350  4320   357  3793
0010:   99  341   47   51 1 |  5714  5615   258  5016
0011:   26  277   83   43 3 |  2732  2706   106  2323
0012:   62  413   98   57 3 |  4109  4047   172  3462
0013:   32  460   19   92 4 |  7317  7285  1647  5178
0014:   20  349   75   86 4 |  4976  4956   352  4255
0015:   58  252   27   48 2 |  6114  6056   519  5285
0016:   74  285   42   61 2 |  5921  5847   522  5040
0017:   46  351   95   32 2 |  2888  2842    50  2441
0018:   26  461   79   55 4 |  5226  5200   286  4453
0019:    4  167   13   90 4 |  6510  6506  1085  5254
SUM: 7317 87.30 70.06 4971.15 4267.15 0.273
