LCFS
0000:   67  339   17   52 2 |  5283  5216  1065  3812
0001:   25  176   65   70 4 |  4493  4468   104  4188
0002:   44  131   83   35 2 |  2501  2457    37  2289
0003:   91  353   27   27 4 |  1974  1883   328  1202
0004:    7  240   69   83 4 |  5460  5453   312  4901
0005:   39  365  100   94 1 |  3258  3219   185  2669
0006:   50  249   72   38 3 |  2525  2475   170  2056
0007:   86  251   94   42 3 |   598   512   120   141
0008:   75  127   14   26 3 |  2040  1965   293  1545
0009:   43  432   78   95 1 |  4025  3982   593  2957
0010:   20  115   52   85 1 |  4723  4703   190  4398
0011:   31  215   71   36 3 |  3859  3828    62  3551
0012:   99  205   12   63 3 |  2508  2409   969  1235
0013:   70  395   51   58 4 |  1413  1343   366   582
0014:   17  462   49   98 4 |  6131  6114   804  4848
0015:    3  284   88   23 2 |   908   905    54   567
0016:   20  236   76   21 2 |  4744  4724    62  4426
0017:   31  358  100   34 2 |  4128  4097    83  3656
0018:   65  300   72   97 4 |  2104  2039   349  1390
0019:   60  354   17   88 4 |  4947  4887  1378  3155
SUM: 6131 91.13 73.92 3333.95 2678.40 0.326
