FCFS
0000:    0  132   40   29 2 |  3026  3026   110  2784
0001:   14  125   53   70 4 |  3473  3459   295  3039
0002:   35  311   56   77 2 |  3907  3872   360  3201
0003:   61  301   72   69 4 |  3887  3826   348  3177
0004:   18  147   18   90 4 |  4831  4813   615  4051
0005:   39  363   40   54 1 |  5547  5508   720  4425
0006:   71  169   31   69 3 |  4488  4417   397  3851
0007:   61  456   62   93 3 |  4963  4902   450  3996
0008:   84  131   21   54 3 |  4416  4332   255  3946
0009:   87  310   42   29 1 |  4856  4769   267  4192
0010:   68  258   37   81 1 |  4371  4303   389  3656
0011:   78  304   94   50 3 |  3341  3263   138  2821
0012:   24  397   53   50 3 |  4797  4773   417  3959
0013:    8  259   93   50 4 |  2717  2709   143  2307
0014:    0  298   68   68 4 |  3453  3453   276  2879
0015:   37  207   67   27 2 |  3427  3390   113  3070
0016:   90  314   10   54 2 |  6429  6339  1510  4515
0017:   77  478   67   80 2 |  4907  4830   492  3860
0018:   90  399   42   85 4 |  5402  5312   889  4024
0019:    4  163   38   45 4 |  3362  3358   166  3029
SUM: 6429 85.89 80.74 4232.70 3539.10 0.311
