RR 2
0000:   93  340   61   95 2 |  6032  5939   642  4957
0001:    7  294   31   81 4 |  5602  5595   629  4672
0002:   69  440   80   12 2 |  6254  6185    86  5659
0003:   99  257   49   51 4 |  5079  4980   318  4405
0004:   40  408   76   96 4 |  6286  6246   424  5414
0005:   64  227   85   21 1 |  4257  4193    19  3947
0006:   56  320   49   14 3 |  5547  5491    78  5093
0007:   58  353   98   38 3 |  5863  5805   121  5331
0008:   59  137   62   80 3 |  2820  2761   178  2446
0009:   28  487   60   50 1 |  6385  6357   212  5658
0010:   92  469   63   72 1 |  6352  6260   356  5435
0011:   29  378   72  100 3 |  6228  6199   711  5110
0012:   35  253   59   96 3 |  5100  5065   542  4270
0013:   30  285   89   14 4 |  5078  5048    34  4729
0014:   60  256   43   96 4 |  5134  5074   463  4355
0015:   97  222   20   24 2 |  4490  4393   238  3933
0016:   74  233   65   87 2 |  4631  4557   277  4047
0017:   10  364   83   89 2 |  6022  6012   390  5258
0018:    7  315   51   95 4 |  5631  5624   566  4743
0019:   95  340   40   47 4 |  6019  5924   409  5175
SUM: 6385 99.89 66.91 5385.40 4731.85 0.313
