RR 5
0000:   44  331   96  100 2 |  5633  5589   378  4880
0001:   32  482   68   87 4 |  6614  6582   627  5473
0002:   67  389   11   26 2 |  6709  6642   859  5394
0003:    7  368   69   81 4 |  5770  5763   365  5030
0004:   34  407   67   70 4 |  6329  6295   355  5533
0005:   66  494   12   85 1 |  8741  8675  3787  4394
0006:   79  379   80   86 3 |  6015  5936   145  5412
0007:   38  144   57   11 3 |  2527  2489    17  2328
0008:   65  417   14   14 3 |  6590  6525   345  5763
0009:   36  211   16   62 1 |  5176  5140   853  4076
0010:   43  458   96   54 1 |  6536  6493   294  5741
0011:   91  179   44   16 3 |  3369  3278    60  3039
0012:   85  370   99   58 3 |  5966  5881   218  5293
0013:   14  102   88   13 4 |  1765  1751    19  1630
0014:   63  338   91   49 4 |  5598  5535   196  5001
0015:   22  426   53   34 2 |  6367  6345   232  5687
0016:   72  368   84   84 2 |  6065  5993   405  5220
0017:   83  342   81   20 2 |  5503  5420    89  4989
0018:   20  438   94   41 4 |  6320  6300   185  5677
0019:   58  222   22   74 4 |  4719  4661   663  3776
SUM: 8741 78.54 78.16 5564.65 4716.80 0.229
