PRIO 2
0000:   52  476   38   54 2 |  6272  6220   764  4980
0001:   80  470   50   62 4 |  5135  5055   684  3901
0002:   36  192   76   67 2 |  4631  4595   134  4269
0003:   56  327   70   86 4 |  4208  4152   485  3340
0004:   75  376   76   53 4 |  4573  4498   283  3839
0005:   81  415   97   66 1 |  6520  6439   194  5830
0006:   15  312   65   42 3 |  4539  4524   177  4035
0007:   22  369   83   66 3 |  5043  5021   255  4397
0008:   45  478   34   35 3 |  5553  5508   447  4583
0009:   72  294   41   44 1 |  6214  6142   178  5670
0010:   24  213   29   17 1 |  5803  5779   111  5455
0011:   36  353   39   46 3 |  4949  4913   482  4078
0012:   37  130   29   66 3 |  2047  2010   246  1634
0013:   60  237  100   69 4 |  3140  3080   126  2717
0014:   67  193   78   97 4 |  2888  2821   326  2302
0015:   40  395   44   98 2 |  6363  6323  1176  4752
0016:   53  475   24   58 2 |  6401  6348  1207  4666
0017:   48  268   76   41 2 |  5351  5303   172  4863
0018:    9  328   30   77 4 |  3920  3911   771  2812
0019:   80  129   64   25 4 |  1863  1783    24  1630
SUM: 6520 98.62 73.33 4721.25 3987.65 0.307
