FCFS
0000:   42  220   61   97 2 |  3816  3774   339  3215
0001:   93  175   83   53 4 |  2179  2086   118  1793
0002:   12  284   64   93 2 |  3896  3884   392  3208
0003:   63  110   27   17 4 |  3260  3197    37  3050
0004:   47  193   25   56 4 |  4589  4542   313  4036
0005:   59  450   53   17 1 |  4915  4856   147  4259
0006:   55  184   92   45 3 |  2500  2445    89  2172
0007:   65  199   88   84 3 |  3065  3000   182  2619
0008:   32  205   63   29 3 |  2719  2687    77  2405
0009:   24  342   80   35 1 |  3599  3575   159  3074
0010:   13  446   68   20 1 |  4204  4191   127  3618
0011:   32  159   20   97 3 |  4862  4830   602  4069
0012:   69  133   13   28 3 |  4832  4763   229  4401
0013:   14  308   77   57 4 |  3185  3171   283  2580
0014:   36  444   39   63 4 |  5060  5024   656  3924
0015:   38  134   29   98 2 |  3978  3940   323  3483
0016:   71  323   19   45 2 |  5327  5256   579  4354
0017:   24  422   68   79 2 |  4513  4489   464  3603
0018:   34  236   58   71 4 |  4522  4488   478  3774
0019:   64  112   13   20 4 |  4857  4793   171  4510
SUM: 5327 95.34 72.42 3949.55 3407.35 0.375
