LCFS
0000:   63  288   90   77 2 |  1893  1830   283  1259
0001:   65  160   96   66 4 |   930   865    99   606
0002:   13  386   42   11 2 |  3583  3570   108  3076
0003:   19  118   74   95 4 |  2832  2813   102  2593
0004:   75  242   18   86 4 |  2855  2780  1515  1023
0005:   84  500   10   15 1 |  4177  4093   721  2872
0006:   21  108   46   38 3 |  2703  2682    61  2513
0007:    4  124   96   64 3 |   151   147    17     6
0008:   95  342   59   55 3 |  1477  1382   405   635
0009:   17  154   15   56 1 |  3980  3963   684  3125
0010:   86  120   45   75 1 |   978   892   283   489
0011:   57  109   43   77 3 |  1507  1450   124  1217
0012:   15  204   77   51 3 |  3095  3080    96  2780
0013:   90  184   83   32 4 |   626   536    58   294
0014:   61  355   10   27 4 |  4234  4173  1024  2794
0015:   47  156   51   24 2 |  2192  2145   119  1870
0016:   41  108   86   25 2 |  2175  2134    41  1985
0017:   54  112   35   90 2 |  2155  2101   306  1683
0018:   94  120   51   36 4 |   407   313    84   109
0019:   38  127   42   43 4 |  2425  2387    71  2189
SUM: 4234 94.87 78.65 2166.80 1655.90 0.472
