RR 2
0000:    2  340   12   50 2 |  5323  5321  1352  3629
0001:   59  492   52   67 4 |  5376  5317   605  4220
0002:   49  252   14   22 2 |  4426  4377   445  3680
0003:   38  148   70   65 4 |  2745  2707   128  2431
0004:   22  264   50   94 4 |  4430  4408   484  3660
0005:   81  151   77   72 1 |  2972  2891   214  2526
0006:   81  294   62   40 3 |  4507  4426   232  3900
0007:   84  220   18   95 3 |  4503  4419  1081  3118
0008:   25  379   76   92 3 |  5013  4988   366  4243
0009:   23  152   42   35 1 |  2720  2697   103  2442
0010:   65  247   74   69 1 |  4177  4112   286  3579
0011:   14  221   16   26 3 |  3932  3918   356  3341
0012:   90  198   53   53 3 |  3642  3552   231  3123
0013:   61  444   28   57 4 |  5468  5407   920  4043
0014:   70  216   72   20 4 |  3669  3599    40  3343
0015:   22  136   18   99 2 |  3055  3033   661  2236
0016:   58  369   96   84 2 |  4945  4887   410  4108
0017:   88  499   12   52 2 |  6230  6142  2125  3518
0018:    1  363   25   77 4 |  5515  5514  1594  3557
0019:   97  173   33   27 4 |  3230  3133   124  2836
SUM: 6230 89.21 89.73 4242.40 3376.65 0.321
