RR 2
0000:   46  297   87   59 2 |  4743  4697   111  4289
0001:   90  106   80   76 4 |  2248  2158   180  1872
0002:   19  207   21   30 2 |  3844  3825   268  3350
0003:   82  496   14   26 4 |  6093  6011   853  4662
0004:   56  294   97   69 4 |  4764  4708   182  4232
0005:   56  109   37   77 1 |  2253  2197   125  1963
0006:    5  379   31   89 3 |  5880  5875  1148  4348
0007:   65  162   27   87 3 |  3213  3148   303  2683
0008:   71  249   93   93 3 |  4340  4269   206  3814
0009:    5  444   22   65 1 |  6086  6081  1267  4370
0010:   12  466   79   27 1 |  5799  5787   252  5069
0011:   87  232   19   15 3 |  4233  4146   211  3703
0012:  100  246   30   49 3 |  4571  4471   438  3787
0013:    0  426   74   20 4 |  5529  5529   129  4974
0014:    4  321   60   68 4 |  4973  4969   238  4410
0015:   17  434   66   55 2 |  5654  5637   297  4906
0016:   40  115   89   74 2 |  2235  2195   121  1959
0017:   95  344   59   66 2 |  5213  5118   279  4495
0018:   82  468   47   25 4 |  5801  5719   214  5037
0019:   21  200   79   60 4 |  3629  3608   246  3162
SUM: 6093 98.39 71.33 4507.40 3854.25 0.328
