PREPRIO 2
0000:    3  238   73   32 2 |  4733  4730    67  4425
0001:   44  290   37   96 5 |  3157  3113   528  2295
0002:    7  481   23   13 3 |  4886  4879   265  4133
0003:   61  451   32   76 2 |  6132  6071  1029  4591
0004:   93  443   25   17 5 |  3427  3334   336  2555
0005:   10  159   95   71 2 |  3909  3899    37  3703
0006:   13  408   21  100 2 |  6193  6180  1773  3999
0007:   51  314   76   46 4 |  3867  3816   179  3323
0008:   65  172   50   44 2 |  3932  3867   177  3518
0009:   93  458   61   65 1 |  6491  6398   476  5464
0010:   89  340   41   11 4 |  3759  3670    58  3272
0011:   51  180   57   35 4 |  2373  2322   107  2035
0012:   87  208   31   78 1 |  5755  5668   620  4840
0013:   90  210   96   10 4 |  3045  2955    17  2728
0014:   39  288   55   24 1 |  5969  5930    57  5585
0015:   75  303   12   88 2 |  5664  5589  1832  3454
0016:   90  415   41   69 2 |  5732  5642   590  4637
0017:   96  481   76   72 4 |  4742  4646   352  3813
0018:   36  111   27   29 2 |  2589  2553   150  2292
0019:   62  470   64   51 1 |  6421  6359   280  5609
SUM: 6491 98.91 73.76 4581.05 3813.55 0.308
