PREPRIO 4
0000:   70  331   46   95 2 |  5408  5338   692  4315
0001:   50  307   20   63 4 |  3252  3202   837  2058
0002:   36  313   64   99 2 |  5288  5252   353  4586
0003:    5  226   67   42 4 |  3097  3092   165  2701
0004:   37  336   56   18 4 |  3614  3577   141  3100
0005:   13  495   62   15 1 |  6138  6125   106  5524
0006:   57  202   18   77 3 |  3138  3081   607  2272
0007:   13  377   36   67 3 |  4866  4853   544  3932
0008:   74  240   26   33 3 |  3632  3558   304  3014
0009:   73  435   71   79 1 |  6219  6146   478  5233
0010:   39  280   80   11 1 |  5711  5672    50  5342
0011:   22  343   94  100 3 |  4851  4829   292  4194
0012:   75  115   93   10 3 |  2700  2625    10  2500
0013:   37  302   75   71 4 |  3675  3638   193  3143
0014:   24  248   24   38 4 |  3201  3177   374  2555
0015:   92  270   20   52 2 |  5059  4967   732  3965
0016:    4  160   90   17 2 |  4320  4316    25  4131
0017:   61  449   35   72 2 |  5928  5867   900  4518
0018:   74  293   73   81 4 |  3788  3714   286  3135
0019:   23  428   90   39 4 |  4589  4566   190  3948
SUM: 6219 98.89 70.62 4379.75 3708.30 0.322
