LCFS
0000:   78  355   90   32 2 |  2511  2433   162  1916
0001:   17  409   90   68 4 |  1064  1047   338   300
0002:   70  145   92   69 2 |  1632  1562    30  1387
0003:   40  286   64   49 4 |  4135  4095   120  3689
0004:   24  500   70   59 4 |  6084  6060   451  5109
0005:   99  331   72   47 1 |   960   861   191   339
0006:   28  273   38   15 3 |  5979  5951   132  5546
0007:   61  450   92   39 3 |  3385  3324   174  2700
0008:   71  193   73   26 3 |  1897  1826    69  1564
0009:   18  447   55   99 1 |  6755  6737   960  5330
0010:   41  457   55   64 1 |  4801  4760   473  3830
0011:   67  477   58   18 3 |  3060  2993   142  2374
0012:   89  117   23   22 3 |  2633  2544    98  2329
0013:   92  240   46   12 4 |  1239  1147    68   839
0014:   35  175   58   55 4 |  5175  5140   213  4752
0015:   31  212   24   59 2 |  5303  5272   455  4605
0016:   91  169   97   29 2 |   663   572    35   368
0017:   32  389   50   21 2 |  4870  4838   158  4291
0018:   46  348   54   55 4 |  3880  3834   293  3193
0019:   85  240   77   90 4 |  2427  2342   540  1562
SUM: 6755 91.98 58.82 3366.90 2801.15 0.296
