RR 5
0000:    0  315   38   36 2 |  4532  4532   297  3920
0001:   60  429   77   81 4 |  5251  5191   493  4269
0002:   17  204   90   73 2 |  3220  3203    84  2915
0003:   96  108   38   31 4 |  2366  2270   124  2038
0004:   58  141   26   18 4 |  2780  2722    85  2496
0005:   57  100   19   95 1 |  2710  2653   655  1898
0006:   54  465   91   86 3 |  5360  5306   534  4307
0007:   90  312   65   39 3 |  4534  4444   192  3940
0008:   52  387   95   48 3 |  4906  4854   183  4284
0009:   53  114   55   26 1 |  2099  2046    20  1912
0010:   20  217   66   90 1 |  3523  3503   175  3111
0011:   46  489   16   82 3 |  6177  6131  2113  3529
0012:    8  402   66   33 3 |  4986  4978   271  4305
0013:   98  135   35   34 4 |  2794  2696   149  2412
0014:   67  145   50   34 4 |  2758  2691    70  2476
0015:   34  320   80   72 2 |  4413  4379   190  3869
0016:   97  367   37   75 2 |  5103  5006   603  4036
0017:   34  255   67   88 2 |  4056  4022   291  3476
0018:   94  102   15   44 4 |  2423  2329   214  2013
0019:    5  465   82   63 4 |  5214  5209   244  4500
SUM: 6177 88.59 74.41 3908.25 3285.30 0.324
