LCFS
0000:   63  491   84   24 2 |  3638  3575   110  2974
0001:   53  441   21   17 4 |  6088  6035   273  5321
0002:   62  312   94   80 2 |  4583  4521   294  3915
0003:   16  426   90   76 4 |  6035  6019   439  5154
0004:   16  290   17   92 4 |  2366  2350  1144   916
0005:   85  320   20   20 1 |  5505  5420   362  4738
0006:    2  235   13   33 3 |  6629  6627   562  5830
0007:   53  182   71   67 3 |   564   511   143   186
0008:   22  354   53   75 3 |  5105  5083   596  4133
0009:   90  302   71   82 1 |  1279  1189   279   608
0010:   69  190   41   61 1 |  1833  1764   228  1346
0011:   68  421   45   54 3 |  4146  4078   434  3223
0012:    7  357   20   40 3 |  6819  6812   662  5793
0013:   48  291   82   97 4 |  5122  5074   409  4374
0014:   26  465   53   99 4 |  2511  2485   640  1380
0015:   67  248   55   24 2 |  3080  3013   135  2630
0016:   89  322   13   70 2 |  5200  5111  1718  3071
0017:   82  161   17   43 2 |  2194  2112   455  1496
0018:   98  367   62   14 4 |   911   813    78   368
0019:    1  303   18   78 4 |  3181  3180  1409  1468
SUM: 6819 95.00 79.92 3788.60 2946.20 0.293
