LCFS
0000:   57  156   59   26 2 |   433   376    68   152
0001:    2  351   91   78 4 |  5532  5530   350  4829
0002:    0  135   74   49 2 |   455   455   133   187
0003:  100  370   30   29 4 |  2017  1917   353  1194
0004:   35  178   64   36 4 |  3564  3529    90  3261
0005:    8  228   18   16 1 |  5322  5314   165  4921
0006:   61  156   13   78 3 |  2088  2027   915   956
0007:   27  335   66   15 3 |  4120  4093    45  3713
0008:   46  450   77   46 3 |  4012  3966   377  3139
0009:    5  406   12   23 1 |  6315  6310   728  5176
0010:   72  146   40   91 1 |  2673  2601   324  2131
0011:   48  372   86   25 3 |  2750  2702    84  2246
0012:   54  392   43   87 3 |  4480  4426   845  3189
0013:   20  110   28   92 4 |  4637  4617   206  4301
0014:   72  431   59   89 4 |  2785  2713   974  1308
0015:   73  296   97   62 2 |  1351  1278   204   778
0016:   10  264   39   65 2 |  5160  5150   422  4464
0017:   86  393   20   55 2 |  4107  4021   995  2633
0018:   74  407   29   28 4 |  2901  2827   489  1931
0019:   37  376   12   39 4 |  6275  6238  1078  4784
SUM: 6315 94.25 78.26 3504.50 2764.65 0.317
