PREPRIO 4
0000:    2  426   46   65 2 |  6184  6182   523  5233
0001:   70  358   16   83 4 |  3778  3708  1508  1842
0002:    5  289   45   90 2 |  5673  5668   711  4668
0003:   50  184   53   23 4 |  1900  1850   109  1557
0004:   19  159   62   13 4 |  2367  2348    20  2169
0005:   54  356   80   84 1 |  6519  6465   317  5792
0006:   62  414   44   25 3 |  5396  5334   259  4661
0007:   27  474   38   59 3 |  5559  5532   803  4255
0008:   36  320   80   98 3 |  4995  4959   498  4141
0009:   13  232   48   14 1 |  6195  6182    71  5879
0010:   97  416   47   75 1 |  6718  6621   525  5680
0011:   93  201   69   98 3 |  3794  3701   170  3330
0012:   42  280   26   37 3 |  3597  3555   404  2871
0013:   13  270   39   33 4 |  3234  3221   288  2663
0014:    5  435   55   88 4 |  4965  4960   747  3778
0015:   75  443   92   31 2 |  6164  6089    60  5586
0016:   22  217   53   65 2 |  5022  5000   347  4436
0017:   48  416   19   15 2 |  5845  5797   362  5019
0018:   72  174   72   20 4 |  2369  2297    75  2048
0019:   80  485   54   32 4 |  5004  4924   234  4205
SUM: 6718 97.48 70.24 4719.65 3990.65 0.298
