LCFS
0000:   46  297   87   59 2 |  3240  3194   212  2685
0001:   90  106   80   76 4 |   856   766    94   566
0002:   19  207   21   30 2 |  5139  5120   229  4684
0003:   82  496   14   26 4 |  5467  5385   938  3951
0004:   56  294   97   69 4 |  2904  2848   135  2419
0005:   56  109   37   77 1 |  3217  3161   212  2840
0006:    5  379   31   89 3 |  6238  6233   877  4977
0007:   65  162   27   87 3 |  2917  2852   684  2006
0008:   71  249   93   93 3 |   947   876   321   306
0009:    5  444   22   65 1 |  6715  6710  1205  5061
0010:   12  466   79   27 1 |  4731  4719   127  4126
0011:   87  232   19   15 3 |  2473  2386   199  1955
0012:  100  246   30   49 3 |  1419  1319   337   736
0013:    0  426   74   20 4 |  2179  2179   152  1601
0014:    4  321   60   68 4 |  5370  5366   147  4898
0015:   17  434   66   55 2 |  4602  4585   444  3707
0016:   40  115   89   74 2 |  3206  3166    10  3041
0017:   95  344   59   66 2 |  1439  1344   417   583
0018:   82  468   47   25 4 |  1844  1762   271  1023
0019:   21  200   79   60 4 |  3858  3837   112  3525
SUM: 6715 89.28 69.41 3390.40 2734.50 0.298
