FCFS
0000:   43  208   88   87 2 |  2455  2412   190  2014
0001:   67  363   12   81 4 |  7255  7188  2385  4440
0002:   68  222   53   40 2 |  4736  4668   262  4184
0003:   72  249   50   35 4 |  4728  4656   285  4122
0004:   99  326   27   74 4 |  5848  5749   940  4483
0005:   22  312   95   77 1 |  3541  3519   232  2975
0006:    7  208   33   27 3 |  4373  4366   167  3991
0007:   50  183   45   12 3 |  3168  3118    34  2901
0008:   84  184   73   28 3 |  2577  2493    59  2250
0009:   75  476   52   73 1 |  5552  5477   776  4225
0010:   84  239   92   77 1 |  3792  3708   224  3245
0011:   64  199   44   31 3 |  4271  4207   102  3906
0012:   38  343   70   69 3 |  4907  4869   467  4059
0013:   27  231   37   53 4 |  5008  4981   371  4379
0014:   73  299   71   69 4 |  4024  3951   265  3387
0015:   29  419   39   98 2 |  5278  5249   922  3908
0016:   30  232   65   65 2 |  4101  4071   243  3596
0017:   65  422   27   87 2 |  5963  5898  1205  4271
0018:   18  424   49   14 4 |  5097  5079   101  4554
0019:   50  328   79   92 4 |  4406  4356   326  3702
SUM: 7255 80.87 83.21 4500.75 3729.60 0.276
