RR 2
0000:   63  301   54   82 2 |  5177  5114   368  4445
0001:    6  275   11   44 4 |  5443  5437  1038  4124
0002:   34  435   57   97 2 |  6089  6055   645  4975
0003:   68  242   85   42 4 |  4175  4107    99  3766
0004:   17  407   75   47 4 |  5843  5826   192  5227
0005:   32  147   20   31 1 |  2918  2886   216  2523
0006:   48  160   73   61 3 |  3068  3020   156  2704
0007:   56  322   18   69 3 |  6087  6031  1536  4173
0008:   48  307   63   32 3 |  5104  5056   246  4503
0009:    1  399   85   86 1 |  5881  5880   534  4947
0010:   96  481   74   83 1 |  6205  6109   591  5037
0011:   72  121   36   37 3 |  2354  2282    56  2105
0012:   63  106   22   25 3 |  2220  2157   135  1916
0013:   26  358   90   38 4 |  5491  5465   154  4953
0014:   41  436   81   57 4 |  5986  5945   279  5230
0015:   65  354   63   43 2 |  5615  5550   308  4888
0016:   79  339   89   49 2 |  5397  5318   155  4824
0017:   76  168   96   67 2 |  3302  3226   235  2823
0018:   91  361   59   67 4 |  5829  5738   501  4876
0019:   67  388   79   10 4 |  5762  5695    51  5256
SUM: 6205 98.42 69.46 4844.85 4164.75 0.322
