RR 5
0000:   86  480   53   17 2 |  6036  5950   198  5272
0001:   10  251   60   57 4 |  4362  4352   297  3804
0002:   35  426   19   98 2 |  6809  6774  2287  4061
0003:   16  187   69   47 4 |  3526  3510   132  3191
0004:   98  302   86   50 4 |  4888  4790   150  4338
0005:   37  197   94   91 1 |  3619  3582   135  3250
0006:   62  399   50   43 3 |  5787  5725   291  5035
0007:    8  214   95   45 3 |  3644  3636    96  3326
0008:   92  178   86   89 3 |  3490  3398   168  3052
0009:   18  354   90   65 1 |  5260  5242   289  4599
0010:   37  492   45   70 1 |  6324  6287   866  4929
0011:   99  467   44   76 3 |  6281  6182  1010  4705
0012:   91  383   26   67 3 |  6096  6005  1022  4600
0013:   21  281   37   53 4 |  5042  5021   394  4346
0014:   85  266   16   21 4 |  5064  4979   296  4417
0015:   70  461   81   69 2 |  6053  5983   354  5168
0016:   82  209   93   65 2 |  3779  3697   101  3387
0017:   72  161   21   54 2 |  3761  3689   443  3085
0018:   90  407   34   29 4 |  5904  5814   405  5002
0019:   24  209   68   61 4 |  3633  3609   106  3294
SUM: 6809 92.88 74.45 4911.25 4143.05 0.294
