RR 5
0000:   94  157   24   87 2 |  3502  3408   429  2822
0001:   80  212   71   84 4 |  3995  3915   244  3459
0002:   54  321   81   85 2 |  5425  5371   511  4539
0003:   41  461   26   53 4 |  6526  6485   759  5265
0004:    1  381   16   70 4 |  6564  6563  1443  4739
0005:   76  474   84   35 1 |  6240  6164   200  5490
0006:   56  155   92   68 3 |  2810  2754    94  2505
0007:   27  119   97   83 3 |  2029  2002    58  1825
0008:   93  372   70   22 3 |  5606  5513   141  5000
0009:   27  265   58   59 1 |  4630  4603   281  4057
0010:   93  425   50   86 1 |  6381  6288   756  5107
0011:   20  427   98   71 3 |  6006  5986   405  5154
0012:   34  426   26   92 3 |  6591  6557  1577  4554
0013:   12  488   53   90 4 |  6490  6478   692  5298
0014:   81  315   22   83 4 |  6213  6132  1466  4351
0015:   84  335   53   39 2 |  5419  5335   236  4764
0016:   34  468   28   92 2 |  6674  6640  1199  4973
0017:   54  219   85   21 2 |  3658  3604    25  3360
0018:   36  281   83   32 4 |  4687  4651   131  4239
0019:   82  289   88   89 4 |  4791  4709   156  4264
SUM: 6674 98.74 82.75 5157.90 4288.25 0.300
