PRIO 2
0000:   16  283   18   75 2 |  5260  5244  1162  3799
0001:    0  494   98   65 4 |  4944  4944   306  4144
0002:   56  257   80   59 2 |  5068  5012   241  4514
0003:   84  472   74   56 4 |  4872  4788   255  4061
0004:   60  341   53   92 4 |  4029  3969   550  3078
0005:   56  215   49   29 1 |  5563  5507   123  5169
0006:   14  102   81   32 3 |  1810  1796    27  1667
0007:   46  307   23   97 3 |  4712  4666  1235  3124
0008:   96  409   30   50 3 |  5063  4967   664  3894
0009:   50  434   79   83 1 |  6123  6073   334  5305
0010:    5  392   43   73 1 |  6422  6417   840  5185
0011:   11  116   14   16 3 |  1540  1529   109  1304
0012:   82  354   29   42 3 |  4580  4498   429  3715
0013:   17  344   88   95 4 |  4015  3998   150  3504
0014:   87  163   95   38 4 |  2170  2083    60  1860
0015:   65  500   71   30 2 |  5693  5628   135  4993
0016:   63  185   40   96 2 |  4288  4225   437  3603
0017:   48  386   90   56 2 |  5472  5424    83  4955
0018:   31  122   54   75 4 |  1742  1711   170  1419
0019:   87  188   33   92 4 |  2621  2534   457  1889
SUM: 6422 94.43 75.66 4250.65 3559.10 0.311
