PREPRIO 4
0000:   66  236   76   23 2 |  4614  4548    51  4261
0001:   24  333   56   95 4 |  4078  4054   714  3007
0002:   77  453   62   38 2 |  5513  5436   304  4679
0003:  100  424   54   62 4 |  4159  4059   681  2954
0004:   62  487   76   27 4 |  4647  4585   196  3902
0005:    1  479   48   47 1 |  6063  6062   376  5207
0006:   14  477   78   60 3 |  5066  5052   202  4373
0007:   86  101   22   51 3 |  1652  1566   302  1163
0008:   87  256   49   14 3 |  3734  3647    75  3316
0009:   71  111   54   87 1 |  4769  4698   184  4403
0010:   20  404   27   18 1 |  5849  5829   298  5127
0011:   78  108   44   44 3 |  1769  1691   116  1467
0012:   67  303   39   15 3 |  4019  3952   171  3478
0013:   82  139   63   46 4 |  1950  1868    80  1649
0014:   53  212   87   75 4 |  2934  2881   146  2523
0015:   91  468   84   22 2 |  5479  5388   138  4782
0016:   64  134   67   47 2 |  3456  3392    80  3178
0017:   54  240   75   50 2 |  4818  4764   106  4418
0018:   70  380   12   35 4 |  2545  2475  1128   967
0019:   65  160   61   13 4 |  2363  2298    43  2095
SUM: 6063 97.39 61.01 3912.25 3347.45 0.330
