RR 2
0000:   92  300   73   85 2 |  4386  4294   210  3784
0001:   89  249   63   99 4 |  4042  3953   210  3494
0002:   91  419   71   71 2 |  4965  4874   493  3962
0003:    5  295   84   10 4 |  4171  4166    28  3843
0004:   44  281   76   39 4 |  4221  4177   114  3782
0005:   58  456   48   60 1 |  5223  5165   768  3941
0006:   65  172   86   48 3 |  3132  3067    95  2800
0007:   45  117   65   41 3 |  2375  2330   149  2064
0008:   35  150   44   18 3 |  2790  2755    63  2542
0009:   28  117   24   90 1 |  2531  2503   389  1997
0010:   10  167   59   98 1 |  3194  3184   447  2570
0011:   17  433   70   36 3 |  4878  4861   154  4274
0012:   56  227   16   60 3 |  4247  4191   822  3142
0013:   68  416   78   79 4 |  5025  4957   441  4100
0014:   13  171   73   64 4 |  3070  3057   157  2729
0015:   23  376   41   87 2 |  4928  4905   646  3883
0016:   91  257   58   93 2 |  4314  4223   537  3429
0017:   73  129   58   25 2 |  2455  2382    24  2229
0018:   44  198   34   58 4 |  3486  3442   244  3000
0019:   50  109   34   34 4 |  2206  2156    80  1967
SUM: 5223 96.48 68.70 3732.10 3176.60 0.383
