PRIO 2
0000:   14  382   94   71 2 |  5463  5449   279  4788
0001:   32  389   17   99 4 |  4596  4564  1952  2223
0002:   97  321   82   36 2 |  5218  5121    71  4729
0003:   87  468  100   69 4 |  4715  4628   241  3919
0004:   13  162   77   61 4 |  2186  2173   142  1869
0005:   85  158   33   94 1 |  5283  5198   537  4503
0006:   39  182   16   18 3 |  2478  2439   156  2101
0007:   64  219   83   21 3 |  3568  3504    34  3251
0008:   60  114   38   70 3 |  1993  1933   116  1703
0009:    0  324   17  100 1 |  6403  6403  1942  4137
0010:   78  149   52   61 1 |  5170  5092   174  4769
0011:   12  306   73   61 3 |  4467  4455   241  3908
0012:   11  492   46   27 3 |  5157  5146   289  4365
0013:   79  111   62   26 4 |  1385  1306    81  1114
0014:   91  474   49   12 4 |  4451  4360   105  3781
0015:   44  456   39   86 2 |  5911  5867   963  4448
0016:   73  197   82  100 2 |  4371  4298   143  3958
0017:   67  350   69   54 2 |  5340  5273   226  4697
0018:   48  177   82   24 4 |  2338  2290    55  2058
0019:   81  260   61   22 4 |  3149  3068   144  2664
SUM: 6403 88.88 76.00 4128.35 3449.25 0.312
