PREPRIO 2
0000:   91  258   81   12 2 |  4481  4390    40  4092
0001:   15  119   71   97 5 |  1129  1114   167   828
0002:   28  110   63   86 3 |  1991  1963   148  1705
0003:    1  282   20   31 2 |  4457  4456   434  3740
0004:   22  179   93   69 5 |  1913  1891    76  1636
0005:   97  126   40   64 2 |  2851  2754   151  2477
0006:   48  471   18   67 2 |  6050  6002  1628  3903
0007:   32  335   62   40 4 |  3351  3319   171  2813
0008:   74  455   35   63 2 |  5702  5628   888  4285
0009:    6  387   14   66 1 |  6392  6386  1263  4736
0010:   81  475   90   47 4 |  4335  4254   261  3518
0011:   34  375   34   71 4 |  3824  3790   817  2598
0012:   62  371   26   17 1 |  5963  5901   234  5296
0013:   91  358   77   83 4 |  3965  3874   449  3067
0014:   94  438   33   83 1 |  6705  6611  1266  4907
0015:   87  177   83   89 2 |  3747  3660   119  3364
0016:   80  454   87   92 2 |  5506  5426   370  4602
0017:   39  193   71   28 4 |  2207  2168    45  1930
0018:   65  322   98   70 2 |  4916  4851   129  4400
0019:   84  311   34   43 1 |  5897  5813   304  5198
SUM: 6705 92.41 74.06 4212.55 3454.75 0.298
