LCFS
0000:   35  387   14   13 2 |  6785  6750   350  6013
0001:   46  427   99   50 4 |  4589  4543   138  3978
0002:   51  335   98   20 2 |  3279  3228    83  2810
0003:   26  429   94   56 4 |  5911  5885   142  5314
0004:   48  363   71   35 4 |  4150  4102   166  3573
0005:   29  472   63   26 1 |  5095  5066   171  4423
0006:   97  199   65   98 3 |   678   581   168   214
0007:    8  376   37   32 3 |  3878  3870   277  3217
0008:   27  296   56   88 3 |  6380  6353   489  5568
0009:   53  397   98   86 1 |  3612  3559   290  2872
0010:   58  393   83   61 1 |  2296  2238   179  1666
0011:   89  232   41   98 3 |  1543  1454   472   750
0012:   96  430   75   57 3 |  1568  1472   399   643
0013:   67  366   45   15 4 |  1595  1528    88  1074
0014:   36  222   36   87 4 |  2495  2459   631  1606
0015:   80  462   29   55 2 |  3937  3857   961  2434
0016:   68  143   73   31 2 |  1057   989    55   791
0017:   38  129   12   77 2 |  5280  5242   585  4528
0018:   21  169   65   47 4 |  6539  6518   230  6119
0019:   24  458   56   52 4 |  6687  6663   405  5800
SUM: 6785 98.53 63.14 3817.85 3169.65 0.295
