PREPRIO 4
0000:   90  287   89   69 2 |  4388  4298   202  3809
0001:   63  107   12   64 4 |  1110  1047   660   280
0002:   24  370   46   40 2 |  4581  4557   313  3874
0003:   47  195   73   15 4 |  2268  2221    51  1975
0004:   91  388   51   94 4 |  3778  3687   698  2601
0005:   35  188   20   62 1 |  4713  4678   720  3770
0006:   66  137   80   36 3 |  2433  2367    56  2174
0007:   46  109   29   68 3 |  1806  1760   232  1419
0008:   58  473   59   27 3 |  4365  4307   224  3610
0009:    3  106   63   33 1 |  3723  3720    33  3581
0010:   63  179   95   61 1 |  4512  4449    43  4227
0011:   14  116   17   24 3 |  1522  1508   171  1221
0012:   12  221   58   89 3 |  3249  3237   144  2872
0013:   30  250   94   10 4 |  2779  2749    36  2463
0014:   76  141   18   49 4 |  1204  1128   486   501
0015:   64  113   94   11 2 |  3012  2948     6  2829
0016:   64  118   88   87 2 |  2953  2889    63  2708
0017:   42  489   34   48 2 |  4737  4695   669  3537
0018:   15  489   92   37 4 |  3920  3905   264  3152
0019:   75  185   48   13 4 |  2054  1979    75  1719
SUM: 4737 98.40 66.43 3106.45 2616.10 0.422
