PREPRIO 4
0000:   16  283   18   75 2 |  5208  5192  1173  3736
0001:    0  494   98   65 4 |  4861  4861   256  4111
0002:   56  257   80   59 2 |  4911  4855   170  4428
0003:   84  472   74   56 4 |  4740  4656   354  3830
0004:   60  341   53   92 4 |  3891  3831   515  2975
0005:   56  215   49   29 1 |  5556  5500    83  5202
0006:   14  102   81   32 3 |  2292  2278    16  2160
0007:   46  307   23   97 3 |  4332  4286   973  3006
0008:   96  409   30   50 3 |  4915  4819   931  3479
0009:   50  434   79   83 1 |  6169  6119   339  5346
0010:    5  392   43   73 1 |  6147  6142   707  5043
0011:   11  116   14   16 3 |  1249  1238    94  1028
0012:   82  354   29   42 3 |  4380  4298   480  3464
0013:   17  344   88   95 4 |  3945  3928   448  3136
0014:   87  163   95   38 4 |  2301  2214    61  1990
0015:   65  500   71   30 2 |  5673  5608   236  4872
0016:   63  185   40   96 2 |  4421  4358   332  3841
0017:   48  386   90   56 2 |  5468  5420   184  4850
0018:   31  122   54   75 4 |  1602  1571   101  1348
0019:   87  188   33   92 4 |  2056  1969   255  1526
SUM: 6169 98.30 70.21 4157.15 3468.55 0.324
