RR 2
0000:   32  298   52   52 2 |  5106  5074   200  4576
0001:    0  181   74   55 4 |  3341  3341   192  2968
0002:   36  397   97   12 2 |  5626  5590    65  5128
0003:   21  370   87   44 4 |  5555  5534   177  4987
0004:   27  198   97   36 4 |  3657  3630    27  3405
0005:   28  311   26   84 1 |  5541  5513   660  4542
0006:   80  279   49   96 3 |  5074  4994   377  4338
0007:   90  436   72   24 3 |  5737  5647   127  5084
0008:   22  168   90   62 3 |  3167  3145    39  2938
0009:   79  276   59   95 1 |  5096  5017   389  4352
0010:   44  352   78   15 1 |  5460  5416    71  4993
0011:   22  429   93   67 3 |  5765  5743   276  5038
0012:   32  378   21   88 3 |  6087  6055  1618  4059
0013:   13  190   86   87 4 |  3624  3611   150  3271
0014:    3  189   37   95 4 |  4050  4047   660  3198
0015:   30  287   94   87 2 |  5174  5144   520  4337
0016:   28  313   68   41 2 |  5240  5212   187  4712
0017:   37  142   30   89 2 |  3152  3115   375  2598
0018:   22  341  100   16 4 |  5355  5333    57  4935
0019:   14  290   97   18 4 |  4840  4826    35  4501
SUM: 6087 95.70 64.50 4799.35 4198.00 0.329
