FCFS
0000:   64  342   30   20 2 |  6297  6233   199  5692
0001:   19  387   65   58 4 |  5058  5039   246  4406
0002:   17  202   65   90 2 |  3159  3142   164  2776
0003:   44  384   93   94 4 |  4393  4349   196  3769
0004:   25  400   89   54 4 |  4737  4712   149  4163
0005:   27  395   47   63 1 |  6166  6139   350  5394
0006:   43  325   32   81 3 |  6312  6269   666  5278
0007:   22  245   96   58 3 |  5095  5073   238  4590
0008:   82  313   71   36 3 |  5343  5261   143  4805
0009:   11  388   94  100 1 |  5285  5274   431  4455
0010:   54  477   67   22 1 |  5908  5854   178  5199
0011:   80  343   65   55 3 |  5858  5778   361  5074
0012:   14  211   70   82 3 |  4076  4062   304  3547
0013:   86  158   75   97 4 |  2982  2896    90  2648
0014:   30  457   56   14 4 |  6062  6032   101  5474
0015:   73  230   78   64 2 |  3974  3901   112  3559
0016:   38  262   59   97 2 |  5200  5162   408  4492
0017:   60  388   14   65 2 |  7608  7548  1576  5584
0018:   59  434   72   94 4 |  5659  5600   444  4722
0019:   25  213   96   89 4 |  2595  2570   166  2191
SUM: 7608 86.15 68.45 5044.70 4390.90 0.263
