RR 2
0000:   51  378   45   62 2 |  6179  6128   726  5024
0001:   29  192   34   14 4 |  3567  3538    74  3272
0002:   15  446   90   54 2 |  6184  6169   176  5547
0003:   39  152   19   69 4 |  3464  3425   635  2638
0004:   57  357   91   64 4 |  5743  5686   336  4993
0005:   64  244   71   44 1 |  4300  4236    77  3915
0006:   69  439   98   85 3 |  6256  6187   344  5404
0007:   68  494   58   68 3 |  6512  6444   862  5088
0008:   53  468   80   72 3 |  6348  6295   449  5378
0009:   98  131   96   93 1 |  2656  2558   121  2306
0010:   48  177   44   27 1 |  3458  3410   121  3112
0011:   71  166   17   86 3 |  4190  4119  1036  2917
0012:   95  435   99   99 3 |  6308  6213   421  5357
0013:   84  316   28   33 4 |  5369  5285   267  4702
0014:   16  303   35   52 4 |  5327  5311   517  4491
0015:   99  278   36   50 2 |  4986  4887   294  4315
0016:   11  409   72   50 2 |  6042  6031   281  5341
0017:   56  400   58   15 2 |  5976  5920   122  5398
0018:   25  231   12   21 4 |  4596  4571   484  3856
0019:    0  374   38   65 4 |  6057  6057   738  4945
SUM: 6512 98.13 70.95 5123.50 4399.95 0.307
