PRIO 2
0000:   67  110   80   83 2 |  3140  3073    89  2874
0001:   25  497   81   29 4 |  4911  4886   231  4158
0002:   48  390   71   13 2 |  5506  5458    99  4969
0003:   44  211   31   28 4 |  2650  2606   187  2208
0004:   40  495   71   36 4 |  4978  4938   242  4201
0005:   31  440   68   61 1 |  6083  6052   326  5286
0006:   78  159   81   99 3 |  2885  2807    92  2556
0007:   20  266   92   78 3 |  4254  4234   132  3836
0008:   47  192   36   67 3 |  3240  3193   277  2724
0009:   45  485   25   45 1 |  6399  6354   726  5143
0010:    8  197   50   37 1 |  5526  5518   150  5171
0011:   88  205   74   94 3 |  3596  3508   388  2915
0012:   70  163   75   60 3 |  3036  2966    19  2784
0013:  100  347   97   44 4 |  4177  4077   131  3599
0014:   20  164   88   35 4 |  2350  2330    68  2098
0015:    9  421   39   56 2 |  5699  5690   514  4755
0016:   69  250   58   48 2 |  4950  4881   239  4392
0017:   56  348   50   41 2 |  5475  5419   247  4824
0018:   56  391  100   93 4 |  4580  4524   342  3791
0019:   98  394   64   64 4 |  4346  4248   248  3606
SUM: 6399 95.72 53.56 4338.10 3794.50 0.313
