PRIO 5
0000:   91  312   45   80 3 |  3448  3357   483  2562
0001:   43  281   26   42 2 |  4087  4044   503  3260
0002:   14  405   98   23 1 |  5718  5704    94  5205
0003:   44  241   92   89 3 |  3190  3146   258  2647
0004:   17  445   20   46 2 |  5079  5062  1185  3432
0005:   26  201   57   50 3 |  2195  2169   141  1827
0006:   29  390   88   49 3 |  4332  4303   305  3608
0007:    4  225   57   40 1 |  5136  5132   125  4782
0008:   26  161   97   82 3 |  2360  2334   152  2021
0009:   14  324   70   56 3 |  3625  3611   325  2962
0010:   14  307   54   88 1 |  5724  5710   642  4761
0011:   64  234   96   43 1 |  5198  5134    46  4854
0012:   28  225   75   76 2 |  3741  3713   208  3280
0013:   76  324   70   15 1 |  5496  5420    72  5024
0014:   66  156   32   55 3 |  1716  1650   290  1204
0015:   64  276   79   10 2 |  4337  4273    26  3971
0016:   15  236   70   41 1 |  5236  5221   170  4815
0017:   48  457   86   93 1 |  5897  5849   459  4933
0018:   59  443   90   97 3 |  4523  4464   410  3611
0019:   46  141   64   80 2 |  3022  2976   161  2674
SUM: 5897 98.08 65.00 4163.60 3571.65 0.339
