PREPRIO 4
0000:   65  138   43   29 2 |  3633  3568    57  3373
0001:   17  438   19   11 4 |  2910  2893   230  2225
0002:   58  403   52   52 2 |  5508  5450   561  4486
0003:   88  323  100   32 4 |  4051  3963    83  3557
0004:   48  241   92   50 4 |  3410  3362   166  2955
0005:   52  330   96   90 1 |  5868  5816   309  5177
0006:   40  314   82   33 3 |  4565  4525    84  4127
0007:   14  110   91   17 3 |  2535  2521     9  2402
0008:   86  485   98   19 3 |  5177  5091    71  4535
0009:   44  205   24   57 1 |  5555  5511   614  4692
0010:   13  391   55   45 1 |  5866  5853   298  5164
0011:  100  446   98   67 3 |  5134  5034   246  4342
0012:   80  143   25   57 3 |  2151  2071   296  1632
0013:    3  174   53   42 4 |  2626  2623    72  2377
0014:   44  242   32   15 4 |  2161  2117   130  1745
0015:   57  382   14   75 2 |  5639  5582  1469  3731
0016:   11  165   79   36 2 |  4282  4271    99  4007
0017:   49  151   53   25 2 |  3849  3800    79  3570
0018:   39  392   56   64 4 |  4196  4157   414  3351
0019:    0  333   89   77 4 |  4168  4168   432  3403
SUM: 5868 98.94 62.47 4118.80 3542.55 0.341
