PRIO 5
0000:   50  191   63   70 3 |  2652  2602   196  2215
0001:    7  284   64   97 2 |  4527  4520   672  3564
0002:   77  445   42   44 1 |  5935  5858   328  5085
0003:   15  459   38   73 3 |  4410  4395   899  3037
0004:   83  314   87   61 2 |  4695  4612   124  4174
0005:   50  145   30   48 3 |  1987  1937   319  1473
0006:   62  444   31   31 3 |  3760  3698   510  2744
0007:   40  322   57   23 1 |  5575  5535   150  5063
0008:   34  171   27   15 3 |  1706  1672    68  1433
0009:   81  169   27   33 3 |  1874  1793   171  1453
0010:   94  174   16   55 1 |  4974  4880   710  3996
0011:   82  298   13   43 1 |  5590  5508   793  4417
0012:   19  358   38   44 2 |  4800  4781   503  3920
0013:   51  494   82   77 1 |  6124  6073   508  5071
0014:   55  408   57   53 3 |  4303  4248   291  3549
0015:   48  168   35   11 2 |  3027  2979    41  2770
0016:   72  311   47   46 1 |  5549  5477   248  4918
0017:    8  331   25   89 1 |  6160  6152  1489  4332
0018:   65  356   67   95 3 |  4138  4073   436  3281
0019:  100  124   34   84 2 |  2571  2471   404  1943
SUM: 6160 96.85 79.04 4163.20 3421.90 0.325
