PREPRIO 4
0000:   27  168   19   55 2 |  4357  4330   325  3837
0001:   80  419   67   92 4 |  5187  5107   299  4389
0002:   18  387   54   43 2 |  5912  5894   343  5164
0003:   45  492   38   28 4 |  4991  4946   364  4090
0004:   10  383   62  100 4 |  4851  4841   397  4061
0005:   48  213   36   61 1 |  6035  5987   330  5444
0006:   73  266   27   61 3 |  4088  4015   368  3381
0007:   53  381   54   94 3 |  5560  5507   572  4554
0008:   86  221   64   35 3 |  4120  4034   107  3706
0009:   16  387   85   38 1 |  6314  6298   167  5744
0010:   43  377   28   26 1 |  6412  6369   414  5578
0011:   25  463   85   62 3 |  5691  5666   329  4874
0012:   38  461   32   47 3 |  5601  5563   511  4591
0013:   33  367   59   85 4 |  4688  4655   568  3720
0014:   81  376   12  100 4 |  4513  4432  3223   833
0015:   33  202   40   78 2 |  5171  5138   369  4567
0016:   85  169   34   11 2 |  4049  3964    43  3752
0017:   84  236   75   31 2 |  5300  5216   113  4867
0018:   78  146   87   60 4 |  2366  2288   117  2025
0019:   27  202   81   94 4 |  2807  2780   167  2411
SUM: 6412 98.50 80.66 4851.50 4079.40 0.312
