PRIO 2
0000:   21  334   24   32 2 |  5544  5523   434  4755
0001:   78  175   98   96 4 |  2339  2261   185  1901
0002:   71  280   23   79 2 |  5346  5275   669  4326
0003:   93  426   65   13 4 |  4522  4429    98  3905
0004:   26  462   86   84 4 |  5119  5093   393  4238
0005:   72  278   57   10 1 |  5850  5778    45  5455
0006:   93  278   67   30 3 |  4359  4266   111  3877
0007:   15  132   58   33 3 |  2301  2286    46  2108
0008:    7  450   76   70 3 |  5610  5603   393  4760
0009:   99  307   80   69 1 |  5965  5866   152  5407
0010:   49  340   44   83 1 |  6250  6201   516  5345
0011:   97  430   19   56 3 |  5457  5360  1121  3809
0012:   71  424   82   45 3 |  5479  5408   261  4723
0013:   80  348   80  100 4 |  4562  4482   618  3516
0014:   55  344   85   73 4 |  4132  4077   190  3543
0015:    6  248   15   83 2 |  5305  5299  1393  3658
0016:    3  333   20   59 2 |  5600  5597   651  4613
0017:   72  249   32   48 2 |  5122  5050   391  4410
0018:   26  122   67   42 4 |  1597  1571    72  1377
0019:   90  100   18   22 4 |  1248  1158    89   969
SUM: 6250 96.96 73.57 4529.15 3834.75 0.320
