FCFS
0000:   21  334   24   32 2 |  5722  5701   460  4907
0001:   78  175   98   96 4 |  3025  2947   273  2499
0002:   71  280   23   79 2 |  5615  5544   862  4402
0003:   93  426   65   13 4 |  4811  4718    50  4242
0004:   26  462   86   84 4 |  4325  4299   187  3650
0005:   72  278   57   10 1 |  4947  4875    78  4519
0006:   93  278   67   30 3 |  4550  4457   135  4044
0007:   15  132   58   33 3 |  2278  2263    79  2052
0008:    7  450   76   70 3 |  5158  5151   642  4059
0009:   99  307   80   69 1 |  3948  3849   353  3189
0010:   49  340   44   83 1 |  4880  4831   471  4020
0011:   97  430   19   56 3 |  6466  6369  1218  4721
0012:   71  424   82   45 3 |  4457  4386   202  3760
0013:   80  348   80  100 4 |  3002  2922   262  2312
0014:   55  344   85   73 4 |  4338  4283   287  3652
0015:    6  248   15   83 2 |  6331  6325  1426  4651
0016:    3  333   20   59 2 |  6007  6004  1051  4620
0017:   72  249   32   48 2 |  5290  5218   377  4592
0018:   26  122   67   42 4 |  2227  2201   103  1976
0019:   90  100   18   22 4 |  4754  4664   132  4432
SUM: 6466 93.72 77.28 4550.35 3814.95 0.309
