PREPRIO 2
0000:   31  428   58   51 2 |  5604  5573   272  4873
0001:   91  314   39   52 5 |  2726  2635   437  1884
0002:   83  494   45   24 3 |  5009  4926   272  4160
0003:   22  498   43   66 2 |  6061  6039   821  4720
0004:   76  243   14   38 5 |  1977  1901   675   983
0005:   46  123   16   94 2 |  3080  3034   715  2196
0006:   10  370   63   62 2 |  5424  5414   389  4655
0007:    5  490   47   42 4 |  4407  4402   544  3368
0008:   80  212   40   21 2 |  4084  4004   113  3679
0009:   54  358   69   17 1 |  6176  6122   128  5636
0010:   47  190   35   96 4 |  2542  2495   492  1813
0011:   47  233   86   84 4 |  3042  2995   162  2600
0012:   32  382   98   31 1 |  6284  6252   187  5683
0013:   96  157   27   92 4 |  2247  2151   368  1626
0014:   83  418  100  100 1 |  6333  6250   247  5585
0015:   70  181   42   16 2 |  3711  3641    44  3416
0016:   66  302   19   35 2 |  4781  4715   509  3904
0017:   45  264   47   58 4 |  3149  3104   282  2558
0018:   15  317   83   89 2 |  5190  5175   384  4474
0019:    2  316   89   62 1 |  6106  6104   169  5619
SUM: 6333 99.32 66.81 4346.60 3671.60 0.316
