SRTF
0000:   94  202   64   92 2 |  1252  1158   180   776
0001:   35  127   75   42 4 |   304   269    54    88
0002:   25  368   88   33 2 |  2890  2865   125  2372
0003:   61  195   27   13 4 |  1237  1176    84   897
0004:   89  443   81   99 4 |  5510  5421   781  4197
0005:   70  442   55   51 1 |  4772  4702   353  3907
0006:   33  486   27   85 3 |  7036  7003  1547  4970
0007:   35  239   74   30 3 |  1569  1534   149  1146
0008:   47  262   65   56 3 |  2184  2137   185  1690
0009:   44  480   87   79 1 |  5549  5505   561  4464
0010:   17  121   59   47 1 |   381   364    84   159
0011:   43  322   22   32 3 |  3500  3457   351  2784
0012:   65  177   90   31 3 |   749   684    64   443
0013:   25  402   95  100 4 |  4285  4260   512  3346
0014:   92  336   59   58 4 |  3141  3049   392  2321
0015:   28  262   60   74 2 |  1966  1938   230  1446
0016:    9  352   28   14 2 |  4248  4239   191  3696
0017:   99  143   33   17 2 |   750   651    69   439
0018:   78  226   37   71 4 |  2065  1987   361  1400
0019:   29  116   82   46 4 |   342   313    92   105
SUM: 7036 81.03 67.04 2635.60 2032.30 0.284
