PREPRIO 4
0000:   97  144   60   15 2 |  3749  3652    32  3476
0001:   86  427   99   38 4 |  4719  4633   166  4040
0002:   16  271   50   24 2 |  4965  4949   164  4514
0003:    7  361   16   14 4 |  2246  2239   364  1514
0004:   50  218   16   31 4 |  2396  2346   351  1777
0005:    2  379   72   87 1 |  5961  5959   328  5252
0006:   34  328   23   93 3 |  4414  4380  1081  2971
0007:   49  352   61   87 3 |  4949  4900   604  3944
0008:   36  385   50   93 3 |  4946  4910   589  3936
0009:   99  370   32   31 1 |  5892  5793   268  5155
0010:   16  414   92   23 1 |  5869  5853    83  5356
0011:   37  130   38   79 3 |  2797  2760   266  2364
0012:   35  191   84   80 3 |  3811  3776   135  3450
0013:   73  266   50   99 4 |  3558  3485   291  2928
0014:   59  254   17   88 4 |  2974  2915  1255  1406
0015:    8  391   96   90 2 |  5545  5537   467  4679
0016:   52  245   88   55 2 |  5020  4968   124  4599
0017:   16  249   98   57 2 |  4993  4977   105  4623
0018:   51  371   68   53 4 |  4267  4216   288  3557
0019:   79  209   54   23 4 |  2905  2826   117  2500
SUM: 5961 99.90 71.68 4253.70 3602.05 0.336
