PREPRIO 2
0000:   42  381   75   94 2 |  5316  5274   476  4417
0001:   17  161   61   52 5 |  1738  1721   133  1427
0002:   94  133   79   76 3 |  2516  2422    79  2210
0003:   19  226   23   80 2 |  4358  4339   702  3411
0004:   21  332  100   71 5 |  3291  3270   481  2457
0005:   98  463   83   75 2 |  5567  5469   392  4614
0006:   84  257   68   12 2 |  4341  4257    44  3956
0007:   63  404   16   43 4 |  3855  3792  1151  2237
0008:    3  107   45   79 2 |  2817  2814   117  2590
0009:   83  484   81   11 1 |  5831  5748    48  5216
0010:   11  258   29   37 4 |  2910  2899   373  2268
0011:   10  132   23   23 4 |  1397  1387   156  1099
0012:   23  328   95   58 1 |  5740  5717   200  5189
0013:   32  217   79   57 4 |  2933  2901   166  2518
0014:    1  199   43   71 1 |  5273  5272   170  4903
0015:   72  308   27   35 2 |  4803  4731   410  4013
0016:   23  491   39   22 2 |  5435  5412   228  4693
0017:   84  442   11   10 4 |  3246  3162   441  2279
0018:   16  362   98   69 2 |  5071  5055   189  4504
0019:   34  132   10   94 1 |  5011  4977  1249  3596
SUM: 5831 99.76 71.89 4030.95 3379.85 0.343
