PRIO 2
0000:   27  367   19   76 2 |  5509  5482  1128  3987
0001:   89  220   24   37 4 |  2723  2634   362  2052
0002:   80  489  100   69 2 |  5684  5604   353  4762
0003:   23  177   90   23 4 |  2444  2421    54  2190
0004:   95  189   76   63 4 |  2522  2427   222  2016
0005:   77  119   33   85 1 |  4665  4588   445  4024
0006:   25  302   36   50 3 |  4262  4237   484  3451
0007:   41  255   31   17 3 |  3620  3579   131  3193
0008:   55  408   79   42 3 |  4882  4827   113  4306
0009:   86  265   84   28 1 |  5628  5542    39  5238
0010:    6  432   79   58 1 |  5911  5905   317  5156
0011:   43  402   76   26 3 |  4808  4765   130  4233
0012:    7  383   34   69 3 |  4927  4920   777  3760
0013:   33  189   41   37 4 |  2525  2492   234  2069
0014:   15  415   63   41 4 |  4329  4314   261  3638
0015:   82  418   15   71 2 |  6042  5960  1753  3789
0016:   30  316   27   77 2 |  5337  5307   823  4168
0017:   61  109   78   13 2 |  2865  2804     9  2686
0018:   43  126   15   37 4 |  1196  1153   230   797
0019:   14  311   42   33 4 |  3560  3546   236  2999
SUM: 6042 97.52 73.12 4125.35 3425.70 0.331
