PRIO 2
0000:   22  352   48   13 2 |  6356  6334   111  5871
0001:   95  475   36   84 4 |  5827  5732  1185  4072
0002:   29  495   26   58 2 |  7128  7099  1070  5534
0003:   11  375   89   88 4 |  5134  5123   151  4597
0004:   88  459   17   30 4 |  4825  4737   847  3431
0005:   45  356   38   39 1 |  6979  6934   328  6250
0006:   70  450   63   43 3 |  6230  6160   265  5445
0007:   66  438   50   18 3 |  6002  5936   163  5335
0008:   80  102   90   10 3 |  2068  1988    11  1875
0009:   80  498   12   46 1 |  8239  8159  1965  5696
0010:   45  148   95   23 1 |  6261  6216    15  6053
0011:   22  124   38   21 3 |  2326  2304    18  2162
0012:   62  264   25   80 3 |  4484  4422   704  3454
0013:   29  411   16   37 4 |  4316  4287   831  3045
0014:   94  427   27   54 4 |  5179  5085   901  3757
0015:   67  225   51   65 2 |  5632  5565   198  5142
0016:   30  449   42   82 2 |  6968  6938   907  5582
0017:   51  319   59   62 2 |  6397  6346   285  5742
0018:   26  401   14   78 4 |  5180  5154  2280  2473
0019:   51  440   98   92 4 |  5707  5656   432  4784
SUM: 8239 87.49 81.05 5508.75 4515.00 0.243
