RR 2
0000:   39  273   66   62 2 |  4665  4626   231  4122
0001:   18  222   18   66 4 |  4538  4520   781  3517
0002:   75  446   15   75 2 |  6518  6443  1839  4158
0003:   33  139   43   30 4 |  2694  2661    99  2423
0004:   13  170   60   39 4 |  3159  3146   129  2847
0005:   96  130   35   27 1 |  2623  2527    80  2317
0006:   95  220   17   74 3 |  4862  4767   944  3603
0007:   40  409   97   16 3 |  5593  5553    73  5071
0008:   86  143   91   39 3 |  2779  2693    56  2494
0009:   43  447   52   97 1 |  5908  5865   827  4591
0010:   94  252   79   63 1 |  4499  4405   218  3935
0011:   70  395   72   96 3 |  5681  5611   435  4781
0012:    2  476   78   83 3 |  5749  5747   240  5031
0013:   29  301   99   71 4 |  4960  4931   198  4432
0014:   41  318   18   40 4 |  5419  5378   548  4512
0015:   70  214   49   16 2 |  3813  3743    47  3482
0016:   97  335   69   60 2 |  5314  5217   251  4631
0017:   21  392   62   29 2 |  5533  5512   153  4967
0018:   90  281   93   51 4 |  4745  4655   100  4274
0019:    1  375   29   23 4 |  5464  5463   231  4857
SUM: 6518 91.10 71.17 4673.15 4002.25 0.307
