PRIO 2
0000:   14  177   96   61 2 |  4561  4547   112  4258
0001:   78  299   58   45 4 |  3684  3606   216  3091
0002:   58  305   36   55 2 |  5947  5889   498  5086
0003:    0  122   53   57 4 |  1606  1606   129  1355
0004:   55  473   89  100 4 |  5662  5607   571  4563
0005:   11  305   46   66 1 |  6451  6440   451  5684
0006:   97  286   69   23 3 |  4757  4660    49  4325
0007:   50  460   67   23 3 |  5943  5893   239  5194
0008:   77  435   79   13 3 |  5854  5777   104  5238
0009:   30  170   96   84 1 |  6136  6106   124  5812
0010:   99  341   47   51 1 |  6567  6468   408  5719
0011:   26  277   83   43 3 |  4589  4563   173  4113
0012:   62  413   98   57 3 |  5837  5775   149  5213
0013:   32  460   19   92 4 |  5565  5533  2428  2645
0014:   20  349   75   86 4 |  4364  4344   308  3687
0015:   58  252   27   48 2 |  5467  5409   234  4923
0016:   74  285   42   61 2 |  5900  5826   293  5248
0017:   46  351   95   32 2 |  6095  6049   100  5598
0018:   26  461   79   55 4 |  5414  5388   250  4677
0019:    4  167   13   90 4 |  2014  2010   864   979
SUM: 6567 97.27 71.75 5074.80 4370.40 0.305
