PREPRIO 4
0000:    1  449   44   64 2 |  6264  6263   731  5083
0001:   15  315   91   79 4 |  3862  3847   315  3217
0002:   93  494   87   10 2 |  6216  6123    71  5558
0003:   88  435   17   24 4 |  3457  3369   498  2436
0004:   60  258   84   69 4 |  3212  3152   213  2681
0005:   13  217   73   78 1 |  6312  6299   350  5732
0006:   84  483   64   64 3 |  5636  5552   540  4529
0007:   23  132  100   65 3 |  2618  2595    42  2421
0008:    4  122   18   93 3 |  2480  2476   731  1623
0009:   79  321   90   52 1 |  6437  6358   203  5834
0010:    1  463   92   22 1 |  6633  6632   101  6068
0011:   86  114   54   35 3 |  2388  2302    69  2119
0012:   40  379   46   93 3 |  5061  5021   740  3902
0013:   95  463   49   69 4 |  4654  4559   714  3382
0014:   80  495   56   99 4 |  4904  4824  1043  3286
0015:   99  373   75   81 2 |  5918  5819   286  5160
0016:    8  306   59   37 2 |  5517  5509   225  4978
0017:   65  359   63   82 2 |  5953  5888   336  5193
0018:   84  279   21   20 4 |  2580  2496   320  1897
0019:   97  125   45   94 4 |  1947  1850   376  1349
SUM: 6633 99.23 67.87 4546.70 3822.40 0.302
