PRIO 5
0000:   41  119   14   54 3 |  1394  1353   333   901
0001:   43  156   81   64 2 |  3224  3181    78  2947
0002:   47  203   11   60 1 |  4718  4671  1044  3424
0003:   55  252   73   44 3 |  2846  2791   155  2384
0004:   11  391   41   49 2 |  4606  4595   478  3726
0005:    9  122   63   56 3 |  1602  1593   130  1341
0006:   14  213   48   68 3 |  2610  2596   324  2059
0007:   34  139   57   53 1 |  4095  4061   147  3775
0008:   95  363   80   78 3 |  4066  3971   420  3188
0009:   40  444   21   13 3 |  3438  3398   273  2681
0010:   46  108   46   55 1 |  3771  3725   112  3505
0011:   52  124   15   27 1 |  3645  3593   204  3265
0012:   10  105   74   37 2 |  2215  2205    78  2022
0013:   71  212   68   24 1 |  4632  4561    80  4269
0014:   85  192   48   96 3 |  2353  2268   334  1742
0015:   91  468   41   10 2 |  4539  4448   135  3845
0016:   35  280   99   66 1 |  4826  4791   210  4301
0017:   82  391   91   88 1 |  5074  4992   316  4285
0018:   97  371   82   38 3 |  3859  3762    77  3314
0019:   11  257   18   35 2 |  3494  3483   431  2795
SUM: 5074 96.77 67.36 3501.90 2988.45 0.394
