PRIO 5
0000:   55  349   65   26 3 |  3835  3780   132  3299
0001:   21  396   70   17 2 |  5117  5096   121  4579
0002:   89  426   68   64 1 |  6294  6205   412  5367
0003:   75  291   32   18 3 |  2664  2589   174  2124
0004:   12  316   24   83 2 |  4789  4777  1392  3069
0005:   19  428   54   27 3 |  4248  4229   253  3548
0006:   30  199   31   17 3 |  2237  2207   113  1895
0007:   42  420   83   72 1 |  6273  6231   364  5447
0008:    5  110   13   43 3 |  1068  1063   418   535
0009:    6  425   72   52 3 |  4539  4533   262  3846
0010:    9  177   85   69 1 |  5097  5088   199  4712
0011:   62  277   58   34 1 |  5696  5634   145  5212
0012:   11  212   34   26 2 |  3315  3304   149  2943
0013:   81  442   71   51 1 |  6363  6282   371  5469
0014:   89  142   36   16 3 |  1828  1739    84  1513
0015:   18  394   14   84 2 |  5462  5444  2307  2743
0016:   86  375   66   41 1 |  6077  5991   183  5433
0017:   37  351   70   45 1 |  6054  6017   259  5407
0018:   98  416   75   18 3 |  4369  4271   103  3752
0019:   59  164   87   18 2 |  2962  2903    40  2699
SUM: 6363 99.17 72.94 4369.15 3679.60 0.314
