PREPRIO 2
0000:   72  350   92   50 2 |  5813  5741   119  5272
0001:   67  265   70   91 5 |  2967  2900   305  2330
0002:   64  334   82   28 3 |  4620  4556   137  4085
0003:   79  247  100   52 2 |  4990  4911   112  4552
0004:   93  264   20   16 5 |  2177  2084   131  1689
0005:   53  333   90   24 2 |  5627  5574   128  5113
0006:   68  493   56   88 2 |  6899  6831  1023  5315
0007:   41  239   70   48 4 |  2876  2835   154  2442
0008:   71  472   84   13 2 |  6439  6368    69  5827
0009:   34  376   92   54 1 |  7054  7020   250  6394
0010:   15  332   22   48 4 |  3433  3418   719  2367
0011:    5  188   76   67 4 |  2382  2377   112  2077
0012:   72  285   69   29 1 |  6755  6683    60  6338
0013:   69  490   59   28 4 |  4938  4869   200  4179
0014:   52  366   92   18 1 |  7041  6989    70  6553
0015:   54  429   16   90 2 |  7220  7166  2582  4155
0016:   26  361   90   71 2 |  5977  5951   359  5231
0017:    4  458   32   75 4 |  4870  4866  1301  3107
0018:   23  474   83   88 2 |  6601  6578   540  5564
0019:   66  382   48   42 1 |  7154  7088   458  6248
SUM: 7220 98.86 73.43 5240.25 4441.90 0.277
