PREPRIO 2
0000:   33  106   75   85 2 |  3087  3054   110  2838
0001:    4  366   87  100 5 |  3904  3900   559  2975
0002:   13  370   72   83 3 |  5203  5190   269  4551
0003:   98  434   51   31 2 |  6311  6213   239  5540
0004:   54  285   23   10 5 |  2050  1996   132  1579
0005:   38  415   71   76 2 |  6327  6289   270  5604
0006:   16  405   36   47 2 |  6209  6193   518  5270
0007:   72  341   26   56 4 |  4021  3949   737  2871
0008:   62  228   77   72 2 |  5161  5099   260  4611
0009:   49  413   31   21 1 |  6850  6801   304  6084
0010:    1  394   12   66 4 |  4389  4388  2329  1665
0011:   66  394   90   12 4 |  4709  4643    29  4220
0012:   68  286   43   94 1 |  6788  6720   639  5795
0013:   85  392   94   63 4 |  4752  4667   312  3963
0014:   71  327   11   88 1 |  7598  7527  2260  4940
0015:    0  434   78   90 2 |  6422  6422   355  5633
0016:   41  273   14   61 2 |  5378  5337  1115  3949
0017:   40  382   73   45 4 |  4590  4550   201  3967
0018:   95  322   77   45 2 |  5879  5784   300  5162
0019:   64  323   41   37 1 |  6753  6689   317  6049
SUM: 7598 90.68 82.89 5270.55 4363.30 0.263
