RR 5
0000:   76  244   87   46 2 |  4584  4508   211  4053
0001:   91  144   45   73 4 |  2902  2811   163  2504
0002:   85  460   34   24 2 |  6777  6692   382  5850
0003:   93  384   17   33 4 |  6769  6676   771  5521
0004:   60  448   89   57 4 |  6569  6509   316  5745
0005:   72  500   47   48 1 |  6938  6866   647  5719
0006:   49  251   16   11 3 |  5118  5069   185  4633
0007:   69  440   31   94 3 |  6896  6827  1081  5306
0008:   53  140   18   44 3 |  3269  3216   269  2807
0009:   86  116   82   30 1 |  2278  2192    32  2044
0010:   51  427   35   86 1 |  6780  6729   783  5519
0011:   88  369   99   40 3 |  5841  5753   124  5260
0012:   65  358   43   72 3 |  6288  6223   647  5218
0013:   15  255   46   69 4 |  4614  4599   289  4055
0014:   65  383   33   84 4 |  6591  6526   826  5317
0015:   94  441   68   23 2 |  6490  6396   108  5847
0016:   64  475   44  100 2 |  6989  6925   880  5570
0017:   41  384   79   26 2 |  5980  5939   147  5408
0018:   67  261   32   14 4 |  4793  4726   104  4361
0019:   12  423  100   26 4 |  6071  6059    76  5560
SUM: 6989 98.77 70.53 5562.05 4814.85 0.286
