RR 5
0000:    0  400   50   50 2 |  4498  4498   374  3724
0001:    0  300   40   40 4 |  3359  3359   210  2849
0002:    1  200   30   50 1 |  2764  2763   393  2170
0003:    1  301   20   10 2 |  3718  3717   165  3251
0004:    9  302   20   20 4 |  4000  3991   313  3376
0005:   10  303   15   30 2 |  4230  4220   513  3404
0006:   10  304    5   40 2 |  5608  5598  1932  3362
0007:   11  305   20   40 2 |  4232  4221   635  3281
0008:   20  306   30   10 1 |  3647  3627   127  3194
0009:   50  307   20   10 2 |  3968  3918   159  3452
0010:  150  307   40   10 2 |  3940  3790    93  3390
0011:  650  207   20   10 4 |  3376  2726   101  2418
0012:  950  307    2    2 1 |  5942  4992   316  4369
0013: 1050  407   21   10 2 |  5309  4259   212  3640
0014: 1051  207    2    3 4 |  5680  4629   300  4122
0015: 1650  407    2   10 3 |  6849  5199  1496  3296
0016: 2250  307    2   10 4 |  6447  4197  1127  2763
0017: 2550  407    2   10 3 |  6958  4408  1478  2523
0018: 3050  207   20   10 3 |  5024  1974    98  1669
0019: 3350  207   20   20 1 |  5157  1807   215  1385
0020: 3420  107    2   10 4 |  5562  2142   382  1653
0021: 3578    7    2   12 2 |  3859   281    29   245
0022: 3600  307   20   10 3 |  5554  1954   137  1510
SUM: 6958 92.25 82.42 3576.96 2828.09 0.331
