SRTF
0000:    0  400   50   50 4 |  9454  9454   496  8558
0001:    0  300   40   40 3 |   740   740   301   139
0002:    1  200   30   50 2 |   637   636   322   114
0003:    1  301   20   10 4 |  1046  1045   130   614
0004:    9  302   20   20 2 |  1293  1284   316   666
0005:   10  303   15   30 4 |  2194  2184   633  1248
0006:   10  304    5   40 3 |  4556  4546  1911  2331
0007:   11  305   20   40 1 |  2588  2577   686  1586
0008:   20  306   20   10 2 |  2537  2517   170  2041
0009:   50  307   20   10 4 |  1851  1801   174  1320
0010:   50  307   20   10 3 |  3574  3524   183  3034
0011:   50  307   20   10 4 |  2978  2928   145  2476
0012:   50  307   20   10 3 |  3312  3262   145  2810
0013:   50  307   20   10 4 |  3997  3947   128  3512
0014:   50  307   20   10 4 |  4310  4260   125  3828
0015:   50  307   20   10 4 |  4633  4583   126  4150
0016:   50  307   20   10 1 |  5198  5148   112  4729
0017:   50  307   20   10 3 |  5069  5019   143  4569
0018:   50  307   20   10 1 |  5571  5521   133  5081
0019:   50  307   20   10 1 |  5885  5835   113  5415
0020:   50  307   20   10 4 |  6565  6515   176  6032
0021:   50  307   20   10 1 |  6263  6213   157  5749
0022:   50  307   20   10 4 |  6816  6766   166  6293
0023:   50  307   20   10 2 |  7234  7184   140  6737
0024:   50  307   20   10 3 |  7394  7344   138  6899
0025:   50  307   20   10 3 |  7837  7787   175  7305
0026:   50  307   20   10 3 |  8081  8031   158  7566
0027:   50  307   20   10 4 |  8311  8261   121  7833
0028:   50  307   20   10 4 |  8752  8702   157  8238
0029:   50  307   20   10 4 |  9066  9016   156  8553
SUM: 9454 96.97 61.36 4887.67 4314.20 0.317
