PRIO 3
0000:    1 4000   50   50 2 | 105712 105711  4071 97640
0001:    1 4001   50   50 2 | 105175 105174  3869 97304
0002:    1 4002   50   50 2 | 105547 105546  4066 97478
0003:    1 4003   50   50 4 | 72291 72290  4124 64163
0004:    1 4004   50   50 4 | 72199 72198  4230 63964
0005:    1 4005   50   50 1 | 120358 120357  3919 112433
0006:    1 4006   50   50 3 | 88975 88974  3950 81018
0007:    1 4007   50   50 3 | 88784 88783  4266 80510
0008:    1 4008   50   50 3 | 89615 89614  3485 82121
0009:    1 4009   50   50 1 | 120413 120412  4467 111936
0010:    1 4010   50   50 1 | 120114 120113  3672 112431
0011:    1 4011   50   50 3 | 89261 89260  4052 81197
0012:    1 4012   50   50 3 | 89563 89562  3828 81722
0013:    1 4013   50   50 4 | 71858 71857  4177 63667
0014:    1 4014   50   50 4 | 72148 72147  3953 64180
0015:    1 4015   50   50 2 | 105654 105653  4069 97569
0016:    1 4016   50   50 2 | 105894 105893  4108 97769
0017:    1 4017   50   50 2 | 105607 105606  4071 97518
0018:    1 4018   50   50 4 | 72191 72190  4216 63956
0019:    1 4019   50   50 4 | 70746 70745  4167 62559
0020:    1 4020   50   50 1 | 120369 120368  4078 112270
0021:    1 4021   50   50 1 | 120238 120237  4066 112150
0022:    1 4022   50   50 3 | 89354 89353  4180 81151
0023:    1 4023   50   50 2 | 106034 106033  4120 97890
0024:    1 4024   50   50 2 | 106001 106000  3853 98123
0025:    1 4025   50   50 1 | 120461 120460  4065 112370
0026:    1 4026   50   50 3 | 89711 89710  4096 81588
0027:    1 4027   50   50 1 | 120370 120369  3951 112391
0028:    1 4028   50   50 3 | 89683 89682  4555 81099
0029:    1 4029   50   50 4 | 72208 72207  3711 64467
SUM: 120461 99.98 63.20 96883.47 88821.13 0.025
