PREPRIO 8
0000:    0  400   50   50 3 |  3653  3653   356  2897
0001:    0  300   40   40 3 |  2975  2975   166  2509
0002:    1  200   30   50 1 |  5294  5293   330  4763
0003:    1  301   20   10 3 |  2005  2004   150  1553
0004:    9  302   20   20 2 |  4242  4233   339  3592
0005:   10  303   15   30 3 |  2191  2181   556  1322
0006:   10  304    5   40 3 |  2981  2971  2255   412
0007:   11  305   20   40 1 |  6012  6001   617  5079
0008:   20  306   30   10 3 |  2776  2756   135  2315
0009:   50  307   20   10 3 |  2184  2134   147  1680
0010:  150  307   40   10 1 |  5814  5664    93  5264
0011:  650  207   20   10 1 |  5276  4626   101  4318
0012:  950  307    2    2 2 |  3307  2357   305  1745
0013: 1050  407   21   10 1 |  6080  5030   184  4439
0014: 1051  207    2    3 3 |  1891   840   266   367
0015: 1650  407    2   10 2 |  4763  3113  1384  1322
0016: 2250  307    2   10 1 |  6628  4378  1106  2965
0017: 2550  407    2   10 1 |  7288  4738  1617  2714
0018: 3050  207   20   10 3 |  3722   672    88   377
0019: 3350  207   20   20 2 |  4459  1109   205   697
0020: 3420  107    2   10 2 |  4135   715   364   244
0021: 3578    7    2   12 3 |  3619    41    34     0
0022: 3600  307   20   10 1 |  5903  2303   167  1829
SUM: 7288 88.08 83.84 3034.22 2278.39 0.316
