RR 10
0000:    0  400   50   50 2 |  2771  2771   324  2047
0001:    0  300   40   40 2 |  2504  2504   373  1831
0002:    1  200   30   50 2 |  2099  2098   430  1468
0003:    1  301   20   10 4 |  2669  2668   180  2187
0004:    9  302   20   20 4 |  2595  2586   276  2008
0005:   10  303   15   30 1 |  2931  2921   578  2040
0006:   10  304    5   40 3 |  4114  4104  1932  1868
0007:   11  305   20   40 3 |  2797  2786   578  1903
0008:   20  306   20   10 3 |  2632  2612   130  2176
0009:   50  307   20   10 1 |  2760  2710   171  2232
SUM: 4114 73.60 81.82 2776.00 1976.00 0.243
