LCFS
0000:    0  400   50   50 2 |  3075  3075   407  2268
0001:    0  300   40   40 4 |   808   808   255   253
0002:    1  200   30   50 1 |  1323  1322   321   801
0003:    1  301   20   10 2 |  1967  1966   176  1489
0004:    9  302   20   20 4 |  2105  2096   275  1519
0005:  110  303   15   30 2 |  3102  2992   505  2184
0006:  210  304    5   40 2 |  3878  3668  2043  1321
0007:  711  305   20   40 2 |  2515  1804   640   859
0008:  920  306   20   10 1 |  1762   842   152   384
0009: 1050  307   20   10 2 |  2122  1072   208   557
SUM: 3878 78.08 79.53 1964.50 1163.50 0.258
