PRIO 3
0000:    0  400   50   50 2 |  2895  2895   191  2304
0001:    0  300   40   40 4 |  1672  1672   291  1081
0002:    1  200   30   50 1 |  2921  2920   345  2375
0003:    1  301   20   10 2 |  2523  2522    92  2129
0004:    9  302   20   20 4 |  1346  1337   356   679
0005:   10  303   15   30 2 |  2561  2551   606  1642
0006:   10  304    5   40 2 |  3387  3377  2104   969
0007:   11  305   20   40 2 |  2619  2608   442  1861
0008:   20  306   20   10 1 |  3024  3004   161  2537
0009:   50  307   20   10 2 |  2423  2373   140  1926
SUM: 3387 89.40 84.44 2525.90 1750.30 0.295
