RR 10
0000:    0  400   50   50 2 |  8856  8856   373  8083
0001:    0  300   40   40 2 |  7425  7425   307  6818
0002:    1  200   30   50 2 |  5901  5900   330  5370
0003:    1  301   20   10 4 |  7982  7981   171  7509
0004:    9  302   20   20 4 |  8924  8915   361  8252
0005:   10  303   15   30 1 |  8969  8959   480  8176
0006:   10  304    5   40 3 | 10386 10376  2143  7929
0007:   11  305   20   40 3 |  8738  8727   603  7819
0008:   20  306   20   10 3 |  7794  7774   122  7346
0009:   50  307   20   10 1 |  8204  8154   147  7700
0010:   50  307   20   10 1 |  8819  8769   184  8278
0011:   50  307   20   10 3 |  8832  8782   172  8303
0012:   50  307   20   10 3 |  8893  8843   140  8396
0013:   50  307   20   10 4 |  8922  8872   176  8389
0014:   50  307   20   10 4 |  8660  8610   153  8150
0015:   50  307   20   10 2 |  8899  8849   195  8347
0016:   50  307   20   10 2 |  8758  8708   174  8227
0017:   50  307   20   10 2 |  8994  8944   232  8405
0018:   50  307   20   10 4 |  8572  8522   162  8053
0019:   50  307   20   10 4 |  8675  8625   171  8147
0020:   50  307   20   10 1 |  8865  8815   166  8342
0021:   50  307   20   10 1 |  8614  8564   169  8088
0022:   50  307   20   10 3 |  8782  8732   162  8263
0023:   50  307   20   10 2 |  8958  8908   191  8410
0024:   50  307   20   10 2 |  8709  8659   130  8222
0025:   50  307   20   10 1 |  8623  8573   140  8126
0026:   50  307   20   10 3 |  8326  8276   160  7809
0027:   50  307   20   10 1 |  8629  8579   146  8126
0028:   50  307   20   10 3 |  9010  8960   191  8462
0029:   50  307   20   10 4 |  8501  8451   145  7999
SUM: 10386 88.27 62.11 8570.27 7984.80 0.289
