PREPRIO 4
0000:    0  400   50   50 4 |  2575  2575   465  1710
0001:    0  300   40   40 3 |  2565  2565   225  2040
0002:    1  200   30   50 2 |  2626  2625   378  2047
0003:    1  301   20   10 4 |  1424  1423   169   953
0004:    9  302   20   20 2 |  2870  2861   312  2247
0005:   10  303   15   30 4 |  1916  1906   592  1011
0006:   10  304    5   40 3 |  2886  2876  2020   552
0007:   11  305   20   40 1 |  3414  3403   638  2460
0008:   20  306   20   10 2 |  2846  2826   159  2361
0009:   50  307   20   10 4 |  1544  1494   160  1027
SUM: 3414 88.69 84.56 2455.40 1640.80 0.293
