PRIO 3
0000:    0  400   50   50 2 |  8879  8879   378  8101
0001:    0  300   40   40 4 |  6477  6477   214  5963
0002:    1  200   30   50 1 |  8760  8759   322  8237
0003:    1  301   20   10 2 |  8172  8171   106  7764
0004:    9  302   20   20 4 |  4397  4388   281  3805
0005:   10  303   15   30 2 |  8017  8007   553  7151
0006:   10  304    5   40 2 |  7461  7451  2115  5032
0007:   11  305   20   40 2 |  8274  8263   657  7301
0008:   20  306   20   10 1 |  9168  9148   130  8712
0009:   50  307   20   10 2 |  8150  8100   160  7633
0010:   50  307   20   10 2 |  8136  8086   135  7644
0011:   50  307   20   10 4 |  3828  3778   137  3334
0012:   50  307   20   10 1 |  9167  9117   159  8651
0013:   50  307   20   10 2 |  8020  7970   195  7468
0014:   50  307   20   10 4 |  4339  4289   142  3840
0015:   50  307   20   10 3 |  6417  6367   164  5896
0016:   50  307   20   10 4 |  4682  4632   170  4155
0017:   50  307   20   10 3 |  6566  6516   149  6060
0018:   50  307   20   10 3 |  6328  6278   150  5821
0019:   50  307   20   10 1 |  9121  9071   183  8581
0020:   50  307   20   10 4 |  4386  4336   149  3880
0021:   50  307   20   10 2 |  8187  8137   160  7670
0022:   50  307   20   10 3 |  6042  5992   196  5489
0023:   50  307   20   10 1 |  9164  9114   177  8630
0024:   50  307   20   10 4 |  5244  5194   146  4741
0025:   50  307   20   10 2 |  8301  8251   135  7809
0026:   50  307   20   10 3 |  6038  5988   179  5502
0027:   50  307   20   10 2 |  8190  8140   155  7678
0028:   50  307   20   10 2 |  8211  8161   179  7675
0029:   50  307   20   10 4 |  4706  4656   150  4199
SUM: 9168 100.00 59.24 7057.20 6480.73 0.327
