PREPRIO 2
0000:    0  400   50   50 4 |  7589  7589   366  6823
0001:    0  300   40   40 5 |  5776  5776   234  5242
0002:    1  200   30   50 1 |  8912  8911   409  8302
0003:    1  301   20   10 1 |  9136  9135   168  8666
0004:    9  302   20   20 3 |  7467  7458   246  6910
0005:   10  303   15   30 1 |  9192  9182   589  8290
0006:   10  304    5   40 3 |  5682  5672  1855  3513
0007:   11  305   20   40 2 |  8509  8498   729  7464
0008:   20  306   20   10 5 |  4656  4636   140  4190
0009:   50  307   20   10 4 |  6389  6339   187  5845
0010:   50  307   20   10 3 |  7377  7327   151  6869
0011:   50  307   20   10 5 |  5065  5015   164  4544
0012:   50  307   20   10 1 |  9137  9087   149  8631
0013:   50  307   20   10 2 |  8395  8345   158  7880
0014:   50  307   20   10 2 |  8428  8378   138  7933
0015:   50  307   20   10 2 |  8491  8441   146  7988
0016:   50  307   20   10 2 |  8401  8351   159  7885
0017:   50  307   20   10 5 |  4527  4477   183  3987
0018:   50  307   20   10 5 |  5093  5043   144  4592
0019:   50  307   20   10 3 |  7336  7286   160  6819
0020:   50  307   20   10 5 |  5270  5220   150  4763
0021:   50  307   20   10 3 |  7307  7257    92  6858
0022:   50  307   20   10 5 |  5092  5042   170  4565
0023:   50  307   20   10 3 |  7421  7371   179  6885
0024:   50  307   20   10 5 |  4996  4946   152  4487
0025:   50  307   20   10 5 |  5062  5012   129  4576
0026:   50  307   20   10 5 |  5252  5202   141  4754
0027:   50  307   20   10 1 |  9114  9064   163  8594
0028:   50  307   20   10 2 |  8423  8373   191  7875
0029:   50  307   20   10 3 |  7510  7460   157  6996
SUM: 9192 99.74 59.53 6996.43 6424.20 0.326
