SRTF
0000:    0  400   50   50 2 |  9398  9398   410  8588
0001:    0  300   40   40 4 |   669   669   257   112
0002:    1  200   30   50 1 |   681   680   329   151
0003:    1  301   20   10 2 |  1116  1115   156   658
0004:    9  302   20   20 4 |  1579  1570   288   980
0005:   10  303   15   30 2 |  1727  1717   594   820
0006:   10  304    5   40 2 |  5443  5433  2024  3105
0007:   11  305   20   40 2 |  2608  2597   580  1712
0008:   20  306   20   10 1 |  1855  1835   118  1411
0009:   50  307   20   10 2 |  2546  2496   160  2029
0010:   50  307   20   10 2 |  2941  2891   184  2400
0011:   50  307   20   10 4 |  3294  3244   188  2749
0012:   50  307   20   10 1 |  4018  3968   177  3484
0013:   50  307   20   10 2 |  3513  3463   152  3004
0014:   50  307   20   10 4 |  4289  4239   141  3791
0015:   50  307   20   10 3 |  4570  4520   181  4032
0016:   50  307   20   10 4 |  4908  4858   159  4392
0017:   50  307   20   10 3 |  5340  5290   170  4813
0018:   50  307   20   10 3 |  6024  5974   190  5477
0019:   50  307   20   10 1 |  5503  5453   127  5019
0020:   50  307   20   10 4 |  6142  6092   139  5646
0021:   50  307   20   10 2 |  6564  6514   161  6046
0022:   50  307   20   10 3 |  6885  6835   162  6366
0023:   50  307   20   10 1 |  7059  7009   126  6576
0024:   50  307   20   10 4 |  7541  7491   168  7016
0025:   50  307   20   10 2 |  7738  7688   168  7213
0026:   50  307   20   10 3 |  8012  7962   140  7515
0027:   50  307   20   10 2 |  8413  8363   154  7902
0028:   50  307   20   10 2 |  8688  8638   169  8162
0029:   50  307   20   10 4 |  9025  8975   158  8510
SUM: 9398 97.55 63.71 4899.23 4322.63 0.319
