RR 2
0000:    0  400   50   50 2 |  2767  2767   408  1959
0001:    0  300   40   40 4 |  2175  2175   240  1635
0002:    1  200   30   50 1 |  1486  1485   254  1031
0003:    1  301   20   10 2 |  2072  2071   152  1618
0004:    9  302   20   20 4 |  2297  2288   332  1654
0005:  110  303   15   30 2 |  2633  2523   563  1657
0006:  210  304    5   40 2 |  3803  3593  2177  1112
0007:  711  305   20   40 2 |  2920  2209   419  1485
0008:  920  306   20   10 1 |  2858  1938   166  1466
0009: 1050  307   20   10 2 |  2914  1864   165  1392
SUM: 3803 79.62 83.51 2291.30 1500.90 0.263
