SRTF
0000:    0  400   50   50 2 |  2880  2880   465  2015
0001:    0  300   40   40 4 |   567   567   192    75
0002:    1  200   30   50 1 |   840   839   406   233
0003:    1  301   20   10 2 |  1265  1264   126   837
0004:    9  302   20   20 4 |  1174  1165   255   608
0005:  110  303   15   30 2 |  1980  1870   440  1127
0006:  210  304    5   40 2 |  4746  4536  2013  2219
0007:  711  305   20   40 2 |  2869  2158   537  1316
0008:  920  306   20   10 1 |  2061  1141   167   668
0009: 1050  307   20   10 2 |  2430  1380   144   929
SUM: 4746 63.80 78.21 1780.00 1002.70 0.211
