RR 10
0000:    0  400   50   50 2 |  2895  2895   456  2039
0001:    0  300   40   40 4 |  2287  2287   187  1800
0002:    1  200   30   50 1 |  1864  1863   348  1315
0003:    1  301   20   10 2 |  2676  2675   163  2211
0004:    9  302   20   20 4 |  2686  2677   338  2037
0005:   10  303   15   30 2 |  2919  2909   557  2049
0006:   10  304    5   40 2 |  4045  4035  1770  1961
0007:   11  305   20   40 2 |  2856  2845   507  2033
0008:   20  306   20   10 1 |  2568  2548   152  2090
0009:   50  307   20   10 2 |  2543  2493   137  2049
SUM: 4045 74.86 77.58 2722.70 1958.40 0.247
