PRIO 1
0000:    1 4000   50   50 6 | 67494 67493  4130 59363
0001:    1 4001   50   50 6 | 67460 67459  4208 59250
0002:    1 4002   50   50 4 | 87292 87291  3737 79552
0003:    1 4003   50   50 6 | 67086 67085  3877 59205
0004:    1 4004   50   50 2 | 108411 108410  3974 100432
0005:    1 4005   50   50 3 | 98751 98750  4125 90620
0006:    1 4006   50   50 3 | 98663 98662  4034 90622
0007:    1 4007   50   50 1 | 120394 120393  4328 112058
0008:    1 4008   50   50 3 | 98664 98663  4441 90214
0009:    1 4009   50   50 3 | 98822 98821  4209 90603
0010:    1 4010   50   50 1 | 120270 120269  4005 112254
0011:    1 4011   50   50 1 | 120305 120304  4053 112240
0012:    1 4012   50   50 5 | 76074 76073  4827 67234
0013:    1 4013   50   50 4 | 87903 87902  3992 79897
0014:    1 4014   50   50 6 | 67351 67350  3825 59511
0015:    1 4015   50   50 2 | 108543 108542  3875 100652
0016:    1 4016   50   50 4 | 87354 87353  4216 79121
0017:    1 4017   50   50 4 | 87963 87962  4106 79839
0018:    1 4018   50   50 6 | 67146 67145  4323 58804
0019:    1 4019   50   50 2 | 108624 108623  3922 100682
0020:    1 4020   50   50 5 | 76743 76742  4015 68707
0021:    1 4021   50   50 3 | 98991 98990  4039 90930
0022:    1 4022   50   50 1 | 120511 120510  4353 112135
0023:    1 4023   50   50 6 | 67070 67069  4427 58619
0024:    1 4024   50   50 4 | 88159 88158  4073 80061
0025:    1 4025   50   50 5 | 76652 76651  4066 68560
0026:    1 4026   50   50 1 | 120368 120367  4315 112026
0027:    1 4027   50   50 1 | 120166 120165  4164 111974
0028:    1 4028   50   50 3 | 99067 99066  4333 90705
0029:    1 4029   50   50 2 | 108652 108651  4052 100570
SUM: 120511 99.94 64.75 94030.63 85881.33 0.025
