PRIO 3
0000:    0  400   50   50 4 |  5545  5545   341  4804
0001:    0  300   40   40 3 |  5423  5423   305  4818
0002:    1  200   30   50 2 |  5555  5554   254  5100
0003:    1  301   20   10 4 |  2842  2841   189  2351
0004:    9  302   20   20 2 |  5767  5758   285  5171
0005:   10  303   15   30 4 |  3374  3364   502  2559
0006:   10  304    5   40 3 |  3890  3880  2075  1501
0007:   11  305   20   40 1 |  6448  6437   557  5575
0008:   20  306   30   10 2 |  5837  5817   107  5404
0009:   50  307   20   10 4 |  3389  3339   127  2905
0010:  150  307   40   10 3 |  5515  5365    78  4980
0011:  650  207   20   10 4 |  3143  2493   130  2156
0012:  950  307    2    2 3 |  2282  1332   311   714
0013: 1050  407   21   10 4 |  4946  3896   205  3284
0014: 1051  207    2    3 4 |  1711   660   280   173
0015: 1650  407    2   10 4 |  3791  2141  1443   291
0016: 2250  307    2   10 1 |  6890  4640  1206  3127
0017: 2550  407    2   10 3 |  5341  2791  1583   801
0018: 3050  207   20   10 1 |  6168  3118    66  2845
0019: 3350  207   20   20 1 |  6247  2897   187  2503
0020: 3420  107    2   10 4 |  3993   573   396    70
0021: 3578    7    2   12 1 |  3927   349    16   326
0022: 3600  307   20   10 4 |  5561  1961   117  1537
SUM: 6890 93.16 83.02 3485.83 2738.91 0.334
