PREPRIO 4
0000:    0  400   50   50 2 |  2871  2871   548  1923
0001:    0  300   40   40 4 |  1175  1175   266   609
0002:    1  200   30   50 1 |  2863  2862   360  2302
0003:    1  301   20   10 2 |  2024  2023   178  1544
0004:    9  302   20   20 4 |  1029  1020   330   388
0005:  110  303   15   30 2 |  2413  2303   593  1407
0006:  210  304    5   40 2 |  3510  3300  2501   495
0007:  711  305   20   40 2 |  2771  2060   604  1151
0008:  920  306   20   10 1 |  3054  2134   176  1652
0009: 1050  307   20   10 2 |  2555  1505   104  1094
SUM: 3510 86.27 86.87 2125.30 1256.50 0.285
