PREPRIO 4
0000:    0  400   50   50 4 |  2523  2523   695  1428
0001:    0  300   40   40 3 |  2448  2448   332  1816
0002:    1  200   30   50 2 |  2333  2332   322  1810
0003:    1  301   20   10 4 |  1181  1180   164   715
0004:    9  302   20   20 2 |  2705  2696   331  2063
0005:  110  303   15   30 4 |  1561  1451   629   519
0006:  210  304    5   40 3 |  3102  2892  2197   391
0007:  711  305   20   40 1 |  3349  2638   584  1749
0008:  920  306   20   10 2 |  2858  1938   185  1447
0009: 1050  307   20   10 4 |  2178  1128   150   671
SUM: 3349 90.42 86.50 2122.60 1260.90 0.299
