PREPRIO 4
0000:    0  400   50   50 4 |  7823  7823   299  7124
0001:    0  300   40   40 3 |  7862  7862   271  7291
0002:    1  200   30   50 2 |  8057  8056   419  7437
0003:    1  301   20   10 4 |  6043  6042   169  5572
0004:    9  302   20   20 2 |  8292  8283   327  7654
0005:   10  303   15   30 4 |  4491  4481   590  3588
0006:   10  304    5   40 3 |  4427  4417  2079  2034
0007:   11  305   20   40 1 |  9228  9217   555  8357
0008:   20  306   20   10 2 |  8284  8264   126  7832
0009:   50  307   20   10 4 |  5226  5176   173  4696
0010:   50  307   20   10 3 |  7261  7211   127  6777
0011:   50  307   20   10 4 |  5108  5058   165  4586
0012:   50  307   20   10 3 |  7190  7140   120  6713
0013:   50  307   20   10 4 |  6291  6241   120  5814
0014:   50  307   20   10 4 |  6179  6129   172  5650
0015:   50  307   20   10 4 |  5927  5877   130  5440
0016:   50  307   20   10 1 |  9115  9065   178  8580
0017:   50  307   20   10 3 |  7206  7156   164  6685
0018:   50  307   20   10 1 |  9110  9060   186  8567
0019:   50  307   20   10 1 |  9051  9001   207  8487
0020:   50  307   20   10 4 |  5418  5368   149  4912
0021:   50  307   20   10 1 |  9148  9098   158  8633
0022:   50  307   20   10 4 |  6092  6042   143  5592
0023:   50  307   20   10 2 |  8197  8147   165  7675
0024:   50  307   20   10 3 |  7227  7177   200  6670
0025:   50  307   20   10 3 |  7414  7364   140  6917
0026:   50  307   20   10 3 |  6957  6907   183  6417
0027:   50  307   20   10 4 |  4830  4780   174  4299
0028:   50  307   20   10 4 |  4911  4861   160  4394
0029:   50  307   20   10 4 |  5842  5792   173  5312
SUM: 9228 99.35 61.13 6903.17 6323.50 0.325
