RR 2
0000:    0  400   50   50 2 |  2697  2697   326  1971
0001:    0  300   40   40 2 |  2313  2313   313  1700
0002:    1  200   30   50 2 |  1662  1661   403  1058
0003:    1  301   20   10 4 |  2162  2161   183  1677
0004:    9  302   20   20 4 |  2335  2326   308  1716
0005:  110  303   15   30 1 |  2535  2425   474  1648
0006:  210  304    5   40 3 |  3873  3663  2263  1096
0007:  711  305   20   40 3 |  2935  2224   522  1397
0008:  920  306   20   10 3 |  2839  1919   159  1454
0009: 1050  307   20   10 1 |  2866  1816   158  1351
SUM: 3873 78.18 83.32 2320.50 1506.80 0.258
