RR 5
0000:    0  400   50   50 4 |  9088  9088   375  8313
0001:    0  300   40   40 3 |  8446  8446   305  7841
0002:    1  200   30   50 2 |  5415  5414   285  4929
0003:    1  301   20   10 4 |  8697  8696   154  8241
0004:    9  302   20   20 2 |  8817  8808   300  8206
0005:   10  303   15   30 4 |  9039  9029   637  8089
0006:   10  304    5   40 3 |  9793  9783  2023  7456
0007:   11  305   20   40 1 |  9004  8993   567  8121
0008:   20  306   20   10 2 |  8729  8709   152  8251
0009:   50  307   20   10 4 |  8659  8609   168  8134
0010:   50  307   20   10 3 |  8990  8940   170  8463
0011:   50  307   20   10 4 |  8827  8777   142  8328
0012:   50  307   20   10 3 |  8725  8675   156  8212
0013:   50  307   20   10 4 |  9032  8982   154  8521
0014:   50  307   20   10 4 |  8911  8861   182  8372
0015:   50  307   20   10 4 |  8960  8910   167  8436
0016:   50  307   20   10 1 |  8920  8870   174  8389
0017:   50  307   20   10 3 |  8973  8923   193  8423
0018:   50  307   20   10 1 |  8771  8721   117  8297
0019:   50  307   20   10 1 |  8968  8918   156  8455
0020:   50  307   20   10 4 |  8919  8869   140  8422
0021:   50  307   20   10 1 |  8988  8938   150  8481
0022:   50  307   20   10 4 |  8865  8815   143  8365
0023:   50  307   20   10 2 |  8856  8806   138  8361
0024:   50  307   20   10 3 |  8989  8939   176  8456
0025:   50  307   20   10 3 |  9034  8984   188  8489
0026:   50  307   20   10 3 |  8940  8890   164  8419
0027:   50  307   20   10 4 |  8462  8412   104  8001
0028:   50  307   20   10 4 |  8956  8906   167  8432
0029:   50  307   20   10 4 |  8927  8877   159  8411
SUM: 9793 93.62 60.11 8752.93 8177.13 0.306
