RR 10
0000:    0  400   50   50 2 |  2371  2371   312  1659
0001:    0  300   40   40 2 |  1903  1903   244  1359
0002:    1  200   30   50 2 |  1457  1456   210  1046
0003:    1  301   20   10 4 |  2271  2270   163  1806
0004:    9  302   20   20 4 |  2415  2406   316  1788
0005:  110  303   15   30 1 |  2712  2602   545  1754
0006:  210  304    5   40 3 |  4022  3812  1895  1613
0007:  711  305   20   40 3 |  2901  2190   524  1361
0008:  920  306   20   10 3 |  2783  1863   159  1398
0009: 1050  307   20   10 1 |  2858  1808   173  1328
SUM: 4022 75.29 73.97 2268.10 1511.20 0.249
