PRIO 3
0000:    1 4000   50   50 2 | 109315 109314  4504 100810
0001:    1 4001   50   50 4 | 72621 72620  4235 64384
0002:    1 4002   50   50 1 | 120240 120239  3829 112408
0003:    1 4003   50   50 2 | 109885 109884  4359 101522
0004:    1 4004   50   50 4 | 71186 71185  4282 62899
0005:    1 4005   50   50 2 | 110079 110078  4223 101850
0006:    1 4006   50   50 2 | 109914 109913  3741 102166
0007:    1 4007   50   50 2 | 109829 109828  3758 102063
0008:    1 4008   50   50 1 | 120432 120431  4081 112342
0009:    1 4009   50   50 2 | 109640 109639  4419 101211
0010:    1 4010   50   50 2 | 109428 109427  3842 101575
0011:    1 4011   50   50 4 | 71489 71488  3946 63531
0012:    1 4012   50   50 1 | 120521 120520  4004 112504
0013:    1 4013   50   50 2 | 110034 110033  3832 102188
0014:    1 4014   50   50 4 | 72184 72183  3976 64193
0015:    1 4015   50   50 3 | 89709 89708  3975 81718
0016:    1 4016   50   50 4 | 73247 73246  3923 65307
0017:    1 4017   50   50 3 | 89818 89817  3783 82017
0018:    1 4018   50   50 3 | 89235 89234  4184 81032
0019:    1 4019   50   50 1 | 120393 120392  4052 112321
0020:    1 4020   50   50 4 | 72678 72677  3518 65139
0021:    1 4021   50   50 2 | 109894 109893  3943 101929
0022:    1 4022   50   50 3 | 89055 89054  4317 80715
0023:    1 4023   50   50 1 | 120563 120562  4867 111672
0024:    1 4024   50   50 4 | 72590 72589  3750 64815
0025:    1 4025   50   50 2 | 109493 109492  3749 101718
0026:    1 4026   50   50 3 | 89490 89489  4158 81305
0027:    1 4027   50   50 2 | 109960 109959  4445 101487
0028:    1 4028   50   50 2 | 110119 110118  3998 102092
0029:    1 4029   50   50 4 | 73179 73178  4949 64200
SUM: 120563 99.89 64.06 98206.33 90103.77 0.025
