RR 10
0000:    0  400   50   50 4 |  2886  2886   501  1985
0001:    0  300   40   40 3 |  2414  2414   323  1791
0002:    1  200   30   50 2 |  1893  1892   293  1399
0003:    1  301   20   10 4 |  2538  2537   156  2080
0004:    9  302   20   20 2 |  2719  2710   323  2085
0005:   10  303   15   30 4 |  2877  2867   561  2003
0006:   10  304    5   40 3 |  4059  4049  1873  1872
0007:   11  305   20   40 1 |  2829  2818   674  1839
0008:   20  306   20   10 2 |  2577  2557   158  2093
0009:   50  307   20   10 4 |  2592  2542   168  2067
SUM: 4059 74.60 80.76 2727.20 1921.40 0.246
