PRIO 2
0000:    0  400   50   50 2 |  8525  8525   303  7822
0001:    0  300   40   40 2 |  7994  7994   433  7261
0002:    1  200   30   50 2 |  7027  7026   422  6404
0003:    1  301   20   10 4 |  4939  4938   144  4493
0004:    9  302   20   20 4 |  4765  4756   287  4167
0005:   10  303   15   30 1 |  9290  9280   631  8346
0006:   10  304    5   40 3 |  5079  5069  2089  2676
0007:   11  305   20   40 3 |  6690  6679   465  5909
0008:   20  306   20   10 3 |  6688  6668   150  6212
0009:   50  307   20   10 1 |  9117  9067   135  8625
0010:   50  307   20   10 1 |  9130  9080   161  8612
0011:   50  307   20   10 3 |  6469  6419   182  5930
0012:   50  307   20   10 3 |  6462  6412   160  5945
0013:   50  307   20   10 4 |  5203  5153   176  4670
0014:   50  307   20   10 4 |  5522  5472   122  5043
0015:   50  307   20   10 2 |  7907  7857   121  7429
0016:   50  307   20   10 2 |  7625  7575   179  7089
0017:   50  307   20   10 2 |  7913  7863   157  7399
0018:   50  307   20   10 4 |  5059  5009   164  4538
0019:   50  307   20   10 4 |  5890  5840   124  5409
0020:   50  307   20   10 1 |  9112  9062   143  8612
0021:   50  307   20   10 1 |  9126  9076   142  8627
0022:   50  307   20   10 3 |  6542  6492   154  6031
0023:   50  307   20   10 2 |  7807  7757   142  7308
0024:   50  307   20   10 2 |  7896  7846   139  7400
0025:   50  307   20   10 1 |  9140  9090   114  8669
0026:   50  307   20   10 3 |  6634  6584   176  6101
0027:   50  307   20   10 1 |  9138  9088   151  8630
0028:   50  307   20   10 3 |  6769  6719   133  6279
0029:   50  307   20   10 4 |  4965  4915   184  4424
SUM: 9290 98.69 60.68 7110.37 6535.33 0.323
