PREPRIO 8
0000:    0  400   50   50 3 |  2783  2783   460  1923
0001:    0  300   40   40 3 |  2303  2303   393  1610
0002:    1  200   30   50 1 |  2955  2954   362  2392
0003:    1  301   20   10 3 |  2085  2084   195  1588
0004:    9  302   20   20 2 |  2761  2752   294  2156
0005:   10  303   15   30 3 |  1926  1916   609  1004
0006:   10  304    5   40 3 |  2674  2664  2011   349
0007:   11  305   20   40 1 |  3396  3385   703  2377
0008:   20  306   20   10 3 |  1729  1709   174  1229
0009:   50  307   20   10 3 |  1820  1770   181  1282
SUM: 3396 89.16 86.51 2432.00 1591.00 0.294
