RR 10
0000:    0  400   50   50 2 |  8820  8820   276  8144
0001:    0  300   40   40 4 |  7204  7204   311  6593
0002:    1  200   30   50 1 |  5416  5415   257  4958
0003:    1  301   20   10 2 |  8892  8891   156  8434
0004:    9  302   20   20 4 |  8316  8307   296  7709
0005:   10  303   15   30 2 |  9064  9054   601  8150
0006:   10  304    5   40 2 | 10331 10321  2081  7936
0007:   11  305   20   40 2 |  8800  8789   529  7955
0008:   20  306   20   10 1 |  8542  8522   135  8081
0009:   50  307   20   10 2 |  8832  8782   169  8306
0010:   50  307   20   10 2 |  8706  8656   173  8176
0011:   50  307   20   10 4 |  8710  8660   151  8202
0012:   50  307   20   10 1 |  8743  8693   186  8200
0013:   50  307   20   10 2 |  8730  8680   173  8200
0014:   50  307   20   10 4 |  8965  8915   205  8403
0015:   50  307   20   10 3 |  8746  8696   187  8202
0016:   50  307   20   10 4 |  8990  8940   196  8437
0017:   50  307   20   10 3 |  8899  8849   149  8393
0018:   50  307   20   10 3 |  8956  8906   194  8405
0019:   50  307   20   10 1 |  8939  8889   156  8426
0020:   50  307   20   10 4 |  8513  8463   169  7987
0021:   50  307   20   10 2 |  8634  8584   156  8121
0022:   50  307   20   10 3 |  8780  8730   152  8271
0023:   50  307   20   10 1 |  8788  8738   144  8287
0024:   50  307   20   10 4 |  8338  8288   137  7844
0025:   50  307   20   10 2 |  8961  8911   162  8442
0026:   50  307   20   10 3 |  8686  8636   143  8186
0027:   50  307   20   10 2 |  8884  8834   119  8408
0028:   50  307   20   10 2 |  8664  8614   133  8174
0029:   50  307   20   10 4 |  8923  8873   172  8394
SUM: 10331 88.74 60.15 8622.00 8047.47 0.290
