PREPRIO 8
0000:    0  400   50   50 3 |  2185  2185   390  1395
0001:    0  300   40   40 1 |  2923  2923   252  2371
0002:    1  200   30   50 2 |  2077  2076   479  1397
0003:    1  301   20   10 3 |  1406  1405   159   945
0004:    9  302   20   20 1 |  2886  2877   315  2260
0005:   10  303   15   30 3 |  1286  1276   677   296
0006:   10  304    5   40 1 |  4312  4302  2307  1691
0007:   11  305   20   40 2 |  2361  2350   573  1472
0008:   20  306   20   10 1 |  2722  2702   139  2257
0009:   50  307   20   10 3 |  1321  1271   151   813
SUM: 4312 70.22 82.47 2336.70 1489.70 0.232
