SRTF
0000:    0  400   50   50 2 |  4487  4487   493  3594
0001:    0  300   40   40 4 |   786   786   332   154
0002:    1  200   30   50 1 |   638   637   347    90
0003:    1  301   20   10 2 |  1031  1030   145   584
0004:    9  302   20   20 4 |  1647  1638   266  1070
0005:   10  303   15   30 2 |  2238  2228   525  1400
0006:   10  304    5   40 2 |  5585  5575  1831  3440
0007:   11  305   20   40 2 |  2947  2936   684  1947
0008:   20  306   30   10 1 |  1996  1976   101  1569
0009:   50  307   20   10 2 |  2718  2668   124  2237
0010:  150  307   40   10 2 |  3025  2875    71  2497
0011:  650  207   20   10 4 |  1216   566   104   255
0012:  950  307    2    2 1 |  5520  4570   315  3948
0013: 1050  407   21   10 2 |  5260  4210   206  3597
0014: 1051  207    2    3 4 |  3446  2395   291  1897
0015: 1650  407    2   10 3 |  7219  5569  1511  3651
0016: 2250  307    2   10 4 |  6266  4016  1032  2677
0017: 2550  407    2   10 3 |  7448  4898  1520  2971
0018: 3050  207   20   10 3 |  3448   398   109    82
0019: 3350  207   20   20 1 |  3975   625   249   169
0020: 3420  107    2   10 4 |  4600  1180   393   680
0021: 3578    7    2   12 2 |  3625    47    13    27
0022: 3600  307   20   10 3 |  4595   995   112   576
SUM: 7448 86.18 81.32 2448.04 1700.52 0.309
