RR 2
0000:    0  400   50   50 4 |  2960  2960   295  2265
0001:    0  300   40   40 3 |  2634  2634   195  2139
0002:    1  200   30   50 2 |  1955  1954   266  1488
0003:    1  301   20   10 4 |  2658  2657   174  2182
0004:    9  302   20   20 2 |  2698  2689   217  2170
0005:   10  303   15   30 4 |  2878  2868   544  2021
0006:   10  304    5   40 3 |  3766  3756  1958  1494
0007:   11  305   20   40 1 |  2945  2934   634  1995
0008:   20  306   20   10 2 |  2736  2716   174  2236
0009:   50  307   20   10 4 |  2754  2704   162  2235
SUM: 3766 80.40 78.31 2787.20 2022.50 0.266
