PREPRIO 4
0000:    1 4000   50   50 2 | 105895 105894  4132 97762
0001:    1 4001   50   50 2 | 105533 105532  3932 97599
0002:    1 4002   50   50 2 | 105104 105103  4256 96845
0003:    1 4003   50   50 4 | 68681 68680  4004 60673
0004:    1 4004   50   50 4 | 69347 69346  3660 61682
0005:    1 4005   50   50 1 | 120304 120303  4279 112019
0006:    1 4006   50   50 3 | 87185 87184  3820 79358
0007:    1 4007   50   50 3 | 88117 88116  4350 79759
0008:    1 4008   50   50 3 | 88829 88828  3777 81043
0009:    1 4009   50   50 1 | 120247 120246  4209 112028
0010:    1 4010   50   50 1 | 120464 120463  4623 111830
0011:    1 4011   50   50 3 | 88731 88730  3831 80888
0012:    1 4012   50   50 3 | 88180 88179  3941 80226
0013:    1 4013   50   50 4 | 68023 68022  4268 59741
0014:    1 4014   50   50 4 | 70336 70335  3945 62376
0015:    1 4015   50   50 2 | 105205 105204  3852 97337
0016:    1 4016   50   50 2 | 105236 105235  4284 96935
0017:    1 4017   50   50 2 | 105362 105361  3875 97469
0018:    1 4018   50   50 4 | 69679 69678  3498 62162
0019:    1 4019   50   50 4 | 67846 67845  3914 59912
0020:    1 4020   50   50 1 | 120242 120241  4197 112024
0021:    1 4021   50   50 1 | 120425 120424  4379 112024
0022:    1 4022   50   50 3 | 87532 87531  4117 79392
0023:    1 4023   50   50 2 | 105545 105544  4156 97365
0024:    1 4024   50   50 2 | 105606 105605  4143 97438
0025:    1 4025   50   50 1 | 120200 120199  3690 112484
0026:    1 4026   50   50 3 | 88995 88994  4260 80708
0027:    1 4027   50   50 1 | 119931 119930  4220 111683
0028:    1 4028   50   50 3 | 88713 88712  4363 80321
0029:    1 4029   50   50 4 | 67913 67912  3966 59917
SUM: 120464 99.98 63.61 95779.20 87700.00 0.025
