PREPRIO 4
0000:    1 1000    2   40 2 | 26749 26748 14060 11688
0001:    1 1001    2   50 4 | 19179 19178 17876   301
0002:    1 1002    2   40 1 | 36085 36084 13508 21574
0003:    1 1003    2   40 2 | 27183 27182 14217 11962
0004:    1 1004    2   50 4 | 18159 18158 16861   293
0005:    1 1005    2   40 2 | 26953 26952 13776 12171
0006:    1 1006    2   50 2 | 29318 29317 17087 11224
0007:    1 1007    2   40 2 | 27175 27174 13960 12207
0008:    1 1008    2   40 1 | 36736 36735 14198 21529
0009:    2 1009    2   50 2 | 29382 29380 17410 10961
0010:    2 1010    2   50 2 | 29268 29266 17391 10865
0011:    2 1011    2   40 4 | 14961 14959 13589   359
0012:    2 1012    2   50 1 | 39152 39150 17445 20693
0013:    2 1013    2   40 2 | 27157 27155 13838 12304
0014:    2 1014    2   50 4 | 18478 18476 17143   319
0015:    2 1015    2   50 3 | 20942 20940 17223  2702
0016:    2 1016    2   40 4 | 15567 15565 14162   387
0017:    2 1017    2   50 3 | 20929 20927 17559  2351
0018:    2 1018    2   50 3 | 21248 21246 17516  2712
0019:    2 1019    2   40 1 | 36352 36350 13976 21355
0020:    2 1020    2   50 4 | 19500 19498 18159   319
0021:    2 1021    2   50 2 | 30129 30127 17361 11745
0022:    2 1022    2   40 3 | 17995 17993 14207  2764
0023:    2 1023    2   50 1 | 39564 39562 17579 20960
0024:    2 1024    2   50 4 | 18888 18886 17525   337
0025:    2 1025    2   50 2 | 29611 29609 16934 11650
0026:    2 1026    2   50 3 | 21692 21690 18493  2171
0027:    2 1027    2   40 2 | 26447 26445 13945 11473
0028:    2 1028    2   50 2 | 29066 29064 17627 10409
0029:    2 1029    2   40 4 | 15537 15535 14114   392
SUM: 39564 76.93 99.92 25645.03 8672.57 0.076
