RR 10
0000:    1 1000    2   40 4 | 28367 28366 13946 13420
0001:    1 1001    2   50 3 | 30563 30562 16754 12807
0002:    1 1002    2   40 2 | 28958 28957 14297 13658
0003:    1 1003    2   40 4 | 28571 28570 13750 13817
0004:    1 1004    2   50 2 | 31108 31107 17727 12376
0005:    1 1005    2   40 4 | 28358 28357 13762 13590
0006:    1 1006    2   50 3 | 31119 31118 17835 12277
0007:    1 1007    2   40 1 | 28746 28745 14015 13723
0008:    1 1008    2   40 2 | 29080 29079 14353 13718
0009:    2 1009    2   50 4 | 30143 30141 16601 12531
0010:    2 1010    2   50 3 | 30430 30428 17178 12240
0011:    2 1011    2   40 4 | 29095 29093 14524 13558
0012:    2 1012    2   50 3 | 30489 30487 16856 12619
0013:    2 1013    2   40 4 | 28389 28387 13725 13649
0014:    2 1014    2   50 4 | 30251 30249 16371 12864
0015:    2 1015    2   50 4 | 30637 30635 16917 12703
0016:    2 1016    2   40 1 | 28593 28591 13823 13752
0017:    2 1017    2   50 3 | 30326 30324 16883 12424
0018:    2 1018    2   50 1 | 30725 30723 17286 12419
0019:    2 1019    2   40 1 | 27645 27643 12996 13628
0020:    2 1020    2   50 4 | 30667 30665 16912 12733
0021:    2 1021    2   50 1 | 30894 30892 17102 12769
0022:    2 1022    2   40 4 | 29138 29136 14445 13669
0023:    2 1023    2   50 2 | 30585 30583 17015 12545
0024:    2 1024    2   50 3 | 30505 30503 16990 12489
0025:    2 1025    2   50 3 | 30540 30538 16630 12883
0026:    2 1026    2   50 3 | 30830 30828 17189 12613
0027:    2 1027    2   40 4 | 29292 29290 14264 13999
0028:    2 1028    2   50 4 | 30627 30625 16779 12818
0029:    2 1029    2   40 4 | 29422 29420 14493 13898
SUM: 31119 97.80 99.98 29801.40 13072.97 0.096
