FCFS
0000:    0  400   50   50 2 |  1552  1552   327   825
0001:    0  300   40   40 2 |  1477  1477   334   843
0002:    1  200   30   50 2 |  1483  1482   343   939
0003:    1  301   20   10 4 |  2101  2100   147  1652
0004:    9  302   20   20 4 |  2340  2331   272  1757
0005:  110  303   15   30 1 |  2857  2747   522  1922
0006:  210  304    5   40 3 |  4209  3999  1833  1862
0007:  711  305   20   40 3 |  2876  2165   648  1212
0008:  920  306   20   10 3 |  2728  1808   158  1344
0009: 1050  307   20   10 1 |  2788  1738   203  1228
SUM: 4209 71.94 79.12 2139.90 1358.40 0.238
