RR 10
0000:    0  400   50   50 4 |  8971  8971   356  8215
0001:    0  300   40   40 3 |  8030  8030   430  7300
0002:    1  200   30   50 2 |  4990  4989   247  4542
0003:    1  301   20   10 4 |  7875  7874   136  7437
0004:    9  302   20   20 2 |  8796  8787   272  8213
0005:   10  303   15   30 4 |  9029  9019   490  8226
0006:   10  304    5   40 3 | 10318 10308  2045  7959
0007:   11  305   20   40 1 |  8893  8882   549  8028
0008:   20  306   20   10 2 |  8565  8545   149  8090
0009:   50  307   20   10 4 |  8685  8635   163  8165
0010:   50  307   20   10 3 |  8867  8817   181  8329
0011:   50  307   20   10 4 |  8591  8541   167  8067
0012:   50  307   20   10 3 |  8717  8667   148  8212
0013:   50  307   20   10 4 |  8914  8864   190  8367
0014:   50  307   20   10 4 |  8590  8540   139  8094
0015:   50  307   20   10 4 |  8481  8431   128  7996
0016:   50  307   20   10 1 |  8301  8251   119  7825
0017:   50  307   20   10 3 |  8477  8427   173  7947
0018:   50  307   20   10 1 |  8143  8093   158  7628
0019:   50  307   20   10 1 |  8622  8572   121  8144
0020:   50  307   20   10 4 |  8347  8297   123  7867
0021:   50  307   20   10 1 |  8801  8751   165  8279
0022:   50  307   20   10 4 |  8955  8905   165  8433
0023:   50  307   20   10 2 |  8954  8904   164  8433
0024:   50  307   20   10 3 |  8657  8607   151  8149
0025:   50  307   20   10 3 |  8548  8498   174  8017
0026:   50  307   20   10 3 |  8517  8467   135  8025
0027:   50  307   20   10 4 |  8962  8912   193  8412
0028:   50  307   20   10 4 |  8849  8799   201  8291
0029:   50  307   20   10 4 |  8979  8929   183  8439
SUM: 10318 88.85 59.05 8543.73 7970.97 0.291
