PRIO 4
0000:    0  400   50   50 2 |  6211  6211   448  5363
0001:    0  300   40   40 2 |  5852  5852   279  5273
0002:    1  200   30   50 2 |  5093  5092   275  4617
0003:    1  301   20   10 4 |  2486  2485   141  2043
0004:    9  302   20   20 4 |  2268  2259   259  1698
0005:   10  303   15   30 1 |  6514  6504   585  5616
0006:   10  304    5   40 3 |  3214  3204  2194   706
0007:   11  305   20   40 3 |  4257  4246   578  3363
0008:   20  306   30   10 3 |  4924  4904    88  4510
0009:   50  307   20   10 1 |  6375  6325   160  5858
0010:  150  307   40   10 1 |  6391  6241   100  5834
0011:  650  207   20   10 3 |  3409  2759   116  2436
0012:  950  307    2    2 3 |  2285  1335   324   704
0013: 1050  407   21   10 4 |  4892  3842   180  3255
0014: 1051  207    2    3 4 |  1730   679   284   188
0015: 1650  407    2   10 2 |  5311  3661  1451  1803
0016: 2250  307    2   10 2 |  4979  2729  1132  1290
0017: 2550  407    2   10 2 |  5929  3379  1576  1396
0018: 3050  207   20   10 4 |  4253  1203   102   894
0019: 3350  207   20   20 4 |  5120  1770   146  1417
0020: 3420  107    2   10 1 |  6015  2595   392  2096
0021: 3578    7    2   12 1 |  3860   282    29   246
0022: 3600  307   20   10 3 |  5614  2014   160  1547
SUM: 6514 98.54 83.65 3459.61 2702.30 0.353
