PRIO 2
0000:    1 4000   50   50 2 | 110259 110258  3736 102522
0001:    1 4001   50   50 4 | 74889 74888  3697 67190
0002:    1 4002   50   50 1 | 120199 120198  3634 112562
0003:    1 4003   50   50 2 | 110045 110044  3908 102133
0004:    1 4004   50   50 4 | 74581 74580  3966 66610
0005:    1 4005   50   50 2 | 109883 109882  4217 101660
0006:    1 4006   50   50 2 | 109774 109773  4089 101678
0007:    1 4007   50   50 2 | 110157 110156  3564 102585
0008:    1 4008   50   50 1 | 120440 120439  4689 111742
0009:    1 4009   50   50 2 | 110155 110154  4271 101874
0010:    1 4010   50   50 2 | 109901 109900  4400 101490
0011:    1 4011   50   50 4 | 74531 74530  4387 66132
0012:    1 4012   50   50 1 | 120573 120572  4055 112505
0013:    1 4013   50   50 2 | 110218 110217  4132 102072
0014:    1 4014   50   50 4 | 74942 74941  3973 66954
0015:    1 4015   50   50 3 | 90792 90791  3951 82825
0016:    1 4016   50   50 4 | 73118 73117  3876 65225
0017:    1 4017   50   50 3 | 90340 90339  3980 82342
0018:    1 4018   50   50 3 | 91017 91016  4222 82776
0019:    1 4019   50   50 1 | 120129 120128  4053 112056
0020:    1 4020   50   50 4 | 74447 74446  4411 66015
0021:    1 4021   50   50 2 | 110207 110206  4000 102185
0022:    1 4022   50   50 3 | 90097 90096  4187 81887
0023:    1 4023   50   50 1 | 120446 120445  4310 112112
0024:    1 4024   50   50 4 | 74062 74061  4527 65510
0025:    1 4025   50   50 2 | 110316 110315  4182 102108
0026:    1 4026   50   50 3 | 90383 90382  4396 81960
0027:    1 4027   50   50 2 | 110364 110363  3671 102665
0028:    1 4028   50   50 2 | 110178 110177  3896 102253
0029:    1 4029   50   50 4 | 74627 74626  3800 66797
SUM: 120573 99.89 64.42 99034.67 90947.50 0.025
