PRIO 3
0000:    0  400   50   50 2 |  6182  6182   404  5378
0001:    0  300   40   40 4 |  2474  2474   315  1859
0002:    1  200   30   50 1 |  6233  6232   284  5748
0003:    1  301   20   10 2 |  5256  5255   141  4813
0004:    9  302   20   20 4 |  2106  2097   283  1512
0005:   10  303   15   30 2 |  5205  5195   546  4346
0006:   10  304    5   40 2 |  4665  4655  1897  2454
0007:   11  305   20   40 2 |  5499  5488   638  4545
0008:   20  306   30   10 1 |  6429  6409   110  5993
0009:   50  307   20   10 2 |  5227  5177   184  4686
0010:  150  307   40   10 2 |  5639  5489    83  5099
0011:  650  207   20   10 4 |  2236  1586   107  1272
0012:  950  307    2    2 1 |  6408  5458   322  4829
0013: 1050  407   21   10 2 |  6232  5182   196  4579
0014: 1051  207    2    3 4 |  1693   642   291   144
0015: 1650  407    2   10 3 |  3960  2310  1449   454
0016: 2250  307    2   10 4 |  3803  1553  1118   128
0017: 2550  407    2   10 3 |  4933  2383  1561   415
0018: 3050  207   20   10 3 |  5206  2156   128  1821
0019: 3350  207   20   20 1 |  6419  3069   217  2645
0020: 3420  107    2   10 4 |  4007   587   415    65
0021: 3578    7    2   12 2 |  3672    94    19    68
0022: 3600  307   20   10 3 |  5763  2163   163  1693
SUM: 6429 99.84 79.87 3558.09 2806.35 0.358
