PREPRIO 2
0000:    1 4000   50   50 2 | 111717 111716  3769 103947
0001:    1 4001   50   50 3 | 92453 92452  3417 85034
0002:    1 4002   50   50 3 | 92566 92565  4121 84442
0003:    1 4003   50   50 2 | 112316 112315  3893 104419
0004:    1 4004   50   50 5 | 64517 64516  4190 56322
0005:    1 4005   50   50 2 | 112134 112133  4095 104033
0006:    1 4006   50   50 2 | 111838 111837  3782 104049
0007:    1 4007   50   50 4 | 77864 77863  4020 69836
0008:    1 4008   50   50 2 | 112235 112234  3713 104513
0009:    1 4009   50   50 1 | 120092 120091  3940 112142
0010:    1 4010   50   50 4 | 79208 79207  3887 71310
0011:    1 4011   50   50 4 | 78645 78644  4243 70390
0012:    1 4012   50   50 1 | 120524 120523  3839 112672
0013:    1 4013   50   50 4 | 79498 79497  4008 71476
0014:    1 4014   50   50 1 | 120540 120539  3881 112644
0015:    1 4015   50   50 2 | 112245 112244  3632 104597
0016:    1 4016   50   50 2 | 112028 112027  3794 104217
0017:    1 4017   50   50 4 | 79742 79741  3879 71845
0018:    1 4018   50   50 2 | 112286 112285  4014 104253
0019:    1 4019   50   50 1 | 120464 120463  4089 112355
0020:    1 4020   50   50 4 | 78497 78496  3754 70722
0021:    1 4021   50   50 5 | 64706 64705  4359 56325
0022:    1 4022   50   50 4 | 79302 79301  3843 71436
0023:    1 4023   50   50 5 | 64368 64367  4134 56210
0024:    1 4024   50   50 2 | 112031 112030  4368 103638
0025:    1 4025   50   50 2 | 112152 112151  4499 103627
0026:    1 4026   50   50 3 | 93294 93293  4041 85226
0027:    1 4027   50   50 5 | 65790 65789  4296 57466
0028:    1 4028   50   50 2 | 112139 112138  3909 104201
0029:    1 4029   50   50 2 | 112149 112148  4411 103708
SUM: 120540 99.91 63.30 97243.67 89235.17 0.025
