RR 5
0000:    1 4000   50   50 2 | 118925 118924  3913 111011
0001:    1 4001   50   50 4 | 118389 118388  3717 110670
0002:    1 4002   50   50 1 | 120362 120361  4339 112020
0003:    1 4003   50   50 2 | 119106 119105  3906 111196
0004:    1 4004   50   50 4 | 120164 120163  4256 111903
0005:    1 4005   50   50 2 | 120185 120184  4634 111545
0006:    1 4006   50   50 2 | 119356 119355  3772 111577
0007:    1 4007   50   50 2 | 119440 119439  3810 111622
0008:    1 4008   50   50 1 | 119625 119624  3624 111992
0009:    1 4009   50   50 2 | 120416 120415  4258 112148
0010:    1 4010   50   50 2 | 119863 119862  3742 112110
0011:    1 4011   50   50 4 | 119562 119561  3618 111932
0012:    1 4012   50   50 1 | 120265 120264  4623 111629
0013:    1 4013   50   50 2 | 119476 119475  3787 111675
0014:    1 4014   50   50 4 | 120140 120139  4406 111719
0015:    1 4015   50   50 3 | 119889 119888  4036 111837
0016:    1 4016   50   50 4 | 119790 119789  3981 111792
0017:    1 4017   50   50 3 | 119535 119534  3893 111624
0018:    1 4018   50   50 3 | 120107 120106  4034 112054
0019:    1 4019   50   50 1 | 119280 119279  3414 111846
0020:    1 4020   50   50 4 | 119446 119445  3862 111563
0021:    1 4021   50   50 2 | 119888 119887  4008 111858
0022:    1 4022   50   50 3 | 120393 120392  4304 112066
0023:    1 4023   50   50 1 | 120411 120410  4217 112170
0024:    1 4024   50   50 4 | 120048 120047  4151 111872
0025:    1 4025   50   50 2 | 120455 120454  4261 112168
0026:    1 4026   50   50 3 | 120246 120245  4221 111998
0027:    1 4027   50   50 2 | 120466 120465  4259 112179
0028:    1 4028   50   50 2 | 120425 120424  4628 111768
0029:    1 4029   50   50 4 | 120183 120182  3786 112367
SUM: 120466 99.97 64.00 119860.20 111797.03 0.025
