SRTF
0000:    1 1000    2   40 2 | 15098 15097 13706   391
0001:    1 1001    2   50 4 | 19833 19832 17210  1621
0002:    1 1002    2   40 1 | 15432 15431 13878   551
0003:    1 1003    2   40 2 | 14249 14248 13041   204
0004:    1 1004    2   50 4 | 20591 20590 17279  2307
0005:    1 1005    2   40 2 | 14857 14856 13494   357
0006:    1 1006    2   50 2 | 19706 19705 17299  1400
0007:    1 1007    2   40 2 | 15726 15725 13939   779
0008:    1 1008    2   40 1 | 14861 14860 13287   565
0009:    2 1009    2   50 2 | 21248 21246 17367  2870
0010:    2 1010    2   50 2 | 23298 23296 16839  5447
0011:    2 1011    2   40 4 | 16457 16455 14327  1117
0012:    2 1012    2   50 1 | 21283 21281 16853  3416
0013:    2 1013    2   40 2 | 16688 16686 14288  1385
0014:    2 1014    2   50 4 | 22923 22921 17250  4657
0015:    2 1015    2   50 3 | 24418 24416 16601  6800
0016:    2 1016    2   40 4 | 17107 17105 13792  2297
0017:    2 1017    2   50 3 | 26472 26470 17075  8378
0018:    2 1018    2   50 3 | 30561 30559 17424 12117
0019:    2 1019    2   40 1 | 26304 26302 14270 11013
0020:    2 1020    2   50 4 | 31513 31511 16662 13829
0021:    2 1021    2   50 2 | 33990 33988 17714 15253
0022:    2 1022    2   40 3 | 31591 31589 14040 16527
0023:    2 1023    2   50 1 | 35621 35619 17732 16864
0024:    2 1024    2   50 4 | 35740 35738 17253 17461
0025:    2 1025    2   50 2 | 37520 37518 17588 18905
0026:    2 1026    2   50 3 | 36790 36788 17551 18211
0027:    2 1027    2   40 2 | 33880 33878 13556 19295
0028:    2 1028    2   50 2 | 38548 38546 17117 20401
0029:    2 1029    2   40 4 | 35985 35983 13715 21239
SUM: 38548 78.95 99.83 24941.30 8188.57 0.078
