PRIO 2
0000:    0  400   50   50 2 |  2898  2898   608  1890
0001:    0  300   40   40 4 |  1345  1345   304   741
0002:    1  200   30   50 1 |  2705  2704   251  2253
0003:    1  301   20   10 2 |  1960  1959   141  1517
0004:    9  302   20   20 4 |  1208  1199   249   648
0005:  110  303   15   30 2 |  2564  2454   855  1296
0006:  210  304    5   40 2 |  3576  3366  2359   703
0007:  711  305   20   40 2 |  2867  2156   644  1207
0008:  920  306   20   10 1 |  3041  2121   172  1643
0009: 1050  307   20   10 2 |  2671  1621   195  1119
SUM: 3576 84.68 87.50 2182.30 1301.70 0.280
