LCFS
0000:    1 4000   50   50 2 | 123026 123025  4248 114777
0001:    1 4001   50   50 2 | 116899 116898  3636 109261
0002:    1 4002   50   50 2 | 118391 118390  4044 110344
0003:    1 4003   50   50 4 | 111565 111564  3903 103658
0004:    1 4004   50   50 4 | 114856 114855  4474 106377
0005:    1 4005   50   50 1 | 112124 112123  3857 104261
0006:    1 4006   50   50 3 | 101978 101977  4233 93738
0007:    1 4007   50   50 3 | 101028 101027  3724 93296
0008:    1 4008   50   50 3 | 94639 94638  3715 86915
0009:    1 4009   50   50 1 | 94735 94734  3679 87046
0010:    1 4010   50   50 1 | 90540 90539  4126 82403
0011:    1 4011   50   50 3 | 80188 80187  3879 72297
0012:    1 4012   50   50 3 | 73855 73854  4109 65733
0013:    1 4013   50   50 4 | 77557 77556  3737 69806
0014:    1 4014   50   50 4 | 78566 78565  4302 70249
0015:    1 4015   50   50 2 | 60166 60165  3860 52290
0016:    1 4016   50   50 2 | 64462 64461  4284 56161
0017:    1 4017   50   50 2 | 58158 58157  3730 50410
0018:    1 4018   50   50 4 | 57125 57124  4518 48588
0019:    1 4019   50   50 4 | 58427 58426  3948 50459
0020:    1 4020   50   50 1 | 41680 41679  4081 33578
0021:    1 4021   50   50 1 | 39176 39175  3660 31494
0022:    1 4022   50   50 3 | 38364 38363  3906 30435
0023:    1 4023   50   50 2 | 41917 41916  4204 33689
0024:    1 4024   50   50 2 | 35073 35072  4364 26684
0025:    1 4025   50   50 1 | 22889 22888  4098 14765
0026:    1 4026   50   50 3 | 18048 18047  4161  9860
0027:    1 4027   50   50 1 | 18454 18453  3988 10438
0028:    1 4028   50   50 3 | 18732 18731  4180 10523
0029:    1 4029   50   50 4 | 23256 23255  4517 14709
SUM: 123026 97.89 72.31 69528.13 61474.80 0.024
