PREPRIO 2
0000:    0  400   50   50 2 |  2889  2889   376  2113
0001:    0  300   40   40 3 |  1959  1959   222  1437
0002:    1  200   30   50 3 |  1376  1375   144  1031
0003:    1  301   20   10 2 |  2341  2340   190  1849
0004:    9  302   20   20 5 |  1073  1064   262   500
0005:  110  303   15   30 2 |  2599  2489   537  1649
0006:  210  304    5   40 2 |  3229  3019  1842   873
0007:  711  305   20   40 4 |  2282  1571   566   700
0008:  920  306   20   10 2 |  2721  1801   174  1321
0009: 1050  307   20   10 1 |  3044  1994   141  1546
SUM: 3229 93.78 80.98 2050.10 1301.90 0.310
