PRIO 2
0000:    0  400   50   50 2 |  2933  2933   437  2096
0001:    0  300   40   40 4 |  1619  1619   194  1125
0002:    1  200   30   50 1 |  2865  2864   308  2356
0003:    1  301   20   10 2 |  2362  2361   189  1871
0004:    9  302   20   20 4 |  1473  1464   336   826
0005:   10  303   15   30 2 |  2592  2582   689  1590
0006:   10  304    5   40 2 |  3624  3614  2397   913
0007:   11  305   20   40 2 |  2774  2763   702  1756
0008:   20  306   20   10 1 |  2979  2959   173  2480
0009:   50  307   20   10 2 |  2449  2399   180  1912
SUM: 3624 83.55 87.09 2555.80 1692.50 0.276
